#   index    LocalEnergy         LocalEnergy_sq      LocalPotential      Kinetic             LocalECP            NonLocalECP         ElecElec            IonIon              MPC                 BlockWeight         BlockCPU            AcceptRatio         
         0   -5.2656500784e+01    2.7740371220e+03   -7.3383382725e+01    2.0726881941e+01   -1.7563333673e+01    6.8985500105e+00   -9.0447351445e+00   -5.3673863918e+01   -8.9570119081e+00    4.0487142352e+04    9.1900662000e-02    9.9946344776e-01
         1   -5.2733559706e+01    2.7821577561e+03   -7.3514401164e+01    2.0780841457e+01   -1.7721378261e+01    6.9573261246e+00   -9.0764851093e+00   -5.3673863918e+01   -8.9765409539e+00    4.0474308791e+04    8.9801879000e-02    9.9945394347e-01
         2   -5.2752524832e+01    2.7841546947e+03   -7.3564552113e+01    2.0812027281e+01   -1.7851698981e+01    7.0219759381e+00   -9.0609651519e+00   -5.3673863918e+01   -8.9571448587e+00    4.0483476690e+04    7.2322151000e-02    9.9946411814e-01
         3   -5.2796097876e+01    2.7886492509e+03   -7.3651892285e+01    2.0855794410e+01   -1.7887199991e+01    6.9924640694e+00   -9.0832924454e+00   -5.3673863918e+01   -8.9747006262e+00    4.0476982951e+04    6.9884976000e-02    9.9949956753e-01
         4   -5.2814276196e+01    2.7905530640e+03   -7.3636657013e+01    2.0822380817e+01   -1.7790619709e+01    6.9476069114e+00   -9.1197802974e+00   -5.3673863918e+01   -9.0062925076e+00    4.0483066722e+04    6.8335518000e-02    9.9948010571e-01
         5   -5.2831634220e+01    2.7923804145e+03   -7.3728701454e+01    2.0897067234e+01   -1.7859519718e+01    6.9609314529e+00   -9.1562492707e+00   -5.3673863918e+01   -9.0399792647e+00    4.0463306780e+04    6.7412675000e-02    9.9948269468e-01
         6   -5.2858648809e+01    2.7952645971e+03   -7.3677360611e+01    2.0818711802e+01   -1.7896299947e+01    7.0262467640e+00   -9.1334435096e+00   -5.3673863918e+01   -9.0128669340e+00    4.0501119999e+04    6.6212794000e-02    9.9945138357e-01
         7   -5.2916305681e+01    2.8012991820e+03   -7.3624345634e+01    2.0708039953e+01   -1.8050993213e+01    7.2510123156e+00   -9.1505008184e+00   -5.3673863918e+01   -9.0270098430e+00    4.0479252815e+04    6.6560112000e-02    9.9943750154e-01
         8   -5.2914602553e+01    2.8010885227e+03   -7.3797006555e+01    2.0882404002e+01   -1.8013210599e+01    7.0923002728e+00   -9.2022323105e+00   -5.3673863918e+01   -9.0741432754e+00    4.0481131771e+04    6.6293018000e-02    9.9947320965e-01
         9   -5.2912360530e+01    2.8008692614e+03   -7.3749814250e+01    2.0837453720e+01   -1.8026016504e+01    7.1521401944e+00   -9.2020740226e+00   -5.3673863918e+01   -9.0696481727e+00    4.0499011915e+04    6.6369049000e-02    9.9949460667e-01
        10   -5.2922433664e+01    2.8019496681e+03   -7.3749606363e+01    2.0827172700e+01   -1.7969544224e+01    7.0719719004e+00   -9.1781701217e+00   -5.3673863918e+01   -9.0499174594e+00    4.0490954936e+04    6.5819285000e-02    9.9947219616e-01
        11   -5.2928199936e+01    2.8025756016e+03   -7.3683187455e+01    2.0754987519e+01   -1.8002958376e+01    7.1993780794e+00   -9.2057432402e+00   -5.3673863918e+01   -9.0738633565e+00    4.0457127370e+04    6.6810960000e-02    9.9948068648e-01
        12   -5.2941060967e+01    2.8039338634e+03   -7.3760009074e+01    2.0818948107e+01   -1.7963548101e+01    7.1082379240e+00   -9.2308349799e+00   -5.3673863918e+01   -9.0965807075e+00    4.0490036192e+04    6.5540793000e-02    9.9947592593e-01
        13   -5.2950839475e+01    2.8049560603e+03   -7.3822097136e+01    2.0871257661e+01   -1.8049988884e+01    7.0956153992e+00   -9.1938597329e+00   -5.3673863918e+01   -9.0620896909e+00    4.0448788128e+04    6.5001743000e-02    9.9946000445e-01
        14   -5.2927796817e+01    2.8025108948e+03   -7.3856678327e+01    2.0928881510e+01   -1.7894363186e+01    6.8206817117e+00   -9.1091329353e+00   -5.3673863918e+01   -8.9771014532e+00    4.0478765347e+04    6.7947815000e-02    9.9945407836e-01
        15   -5.2921019976e+01    2.8018135142e+03   -7.3824920013e+01    2.0903900036e+01   -1.7902420862e+01    6.9108769473e+00   -9.1595121799e+00   -5.3673863918e+01   -9.0228526609e+00    4.0495172418e+04    7.2148609000e-02    9.9946987089e-01
        16   -5.2939898985e+01    2.8037521878e+03   -7.3784432299e+01    2.0844533314e+01   -1.7954876279e+01    7.0676038895e+00   -9.2232959918e+00   -5.3673863918e+01   -9.0881752842e+00    4.0477690658e+04    7.7802772000e-02    9.9944721694e-01
        17   -5.2914914230e+01    2.8011092753e+03   -7.3833326405e+01    2.0918412174e+01   -1.7965170860e+01    7.0424710507e+00   -9.2367626770e+00   -5.3673863918e+01   -9.0991198159e+00    4.0482131080e+04    7.7871736000e-02    9.9949545477e-01
        18   -5.2905524163e+01    2.8001287192e+03   -7.3727777677e+01    2.0822253514e+01   -1.7971531894e+01    7.1334818726e+00   -9.2158637383e+00   -5.3673863918e+01   -9.0759550908e+00    4.0473083811e+04    7.5232818000e-02    9.9947982307e-01
        19   -5.2905179313e+01    2.8001304798e+03   -7.3773765158e+01    2.0868585845e+01   -1.7945054369e+01    7.0276764005e+00   -9.1825232716e+00   -5.3673863918e+01   -9.0398686143e+00    4.0470994745e+04    7.2334003000e-02    9.9947171350e-01
        20   -5.2936003164e+01    2.8034154920e+03   -7.3696964301e+01    2.0760961138e+01   -1.7878541764e+01    7.0703366125e+00   -9.2148952316e+00   -5.3673863918e+01   -9.0710527471e+00    4.0504046279e+04    6.9370954000e-02    9.9945902934e-01
        21   -5.2977779203e+01    2.8078277361e+03   -7.3702301737e+01    2.0724522534e+01   -1.7974741159e+01    7.2094917915e+00   -9.2631884510e+00   -5.3673863918e+01   -9.1219070497e+00    4.0477907483e+04    6.9356739000e-02    9.9947187014e-01
        22   -5.2968631574e+01    2.8068452639e+03   -7.3750409759e+01    2.0781778184e+01   -1.7952838353e+01    7.1171470837e+00   -9.2408545714e+00   -5.3673863918e+01   -9.0993446410e+00    4.0464961793e+04    6.9178066000e-02    9.9944077809e-01
        23   -5.2982718685e+01    2.8083305109e+03   -7.3792497517e+01    2.0809778833e+01   -1.7902205920e+01    6.9714572560e+00   -9.1878849358e+00   -5.3673863918e+01   -9.0448491091e+00    4.0471153433e+04    6.9275113000e-02    9.9947287109e-01
        24   -5.2978863936e+01    2.8079008198e+03   -7.3836319825e+01    2.0857455889e+01   -1.8005628976e+01    7.0194252489e+00   -9.1762521799e+00   -5.3673863918e+01   -9.0351696789e+00    4.0465267212e+04    6.8671594000e-02    9.9947029446e-01
        25   -5.2981889592e+01    2.8082201562e+03   -7.3935742450e+01    2.0953852858e+01   -1.7919675137e+01    6.8702375014e+00   -9.2124408968e+00   -5.3673863918e+01   -9.0750607942e+00    4.0494992843e+04    6.8859302000e-02    9.9950631912e-01
        26   -5.2959445151e+01    2.8058500089e+03   -7.3866077617e+01    2.0906632466e+01   -1.7968117132e+01    6.9819007505e+00   -9.2059973177e+00   -5.3673863918e+01   -9.0707968690e+00    4.0465901947e+04    6.9358743000e-02    9.9945003337e-01
        27   -5.2962999831e+01    2.8062023121e+03   -7.3785468118e+01    2.0822468287e+01   -1.7957894977e+01    7.0740575222e+00   -9.2277667447e+00   -5.3673863918e+01   -9.0946135932e+00    4.0505800752e+04    6.9766280000e-02    9.9944983100e-01
        28   -5.2955852823e+01    2.8054878687e+03   -7.3604862443e+01    2.0649009620e+01   -1.8079932275e+01    7.3568075078e+00   -9.2078737574e+00   -5.3673863918e+01   -9.0727624126e+00    4.0464007657e+04    7.4232615000e-02    9.9947954012e-01
        29   -5.2981031300e+01    2.8081587680e+03   -7.3718983144e+01    2.0737951844e+01   -1.8061969612e+01    7.1790099756e+00   -9.1621595891e+00   -5.3673863918e+01   -9.0213078751e+00    4.0464282183e+04    7.5267491000e-02    9.9947150451e-01
        30   -5.2976232033e+01    2.8076188813e+03   -7.3596967816e+01    2.0620735783e+01   -1.8138610161e+01    7.3278877019e+00   -9.1123814393e+00   -5.3673863918e+01   -8.9724280370e+00    4.0481841472e+04    7.4609130000e-02    9.9944679064e-01
        31   -5.2951626809e+01    2.8050121798e+03   -7.3734381358e+01    2.0782754549e+01   -1.8163676399e+01    7.2366281495e+00   -9.1334691907e+00   -5.3673863918e+01   -8.9906809279e+00    4.0463898464e+04    7.6062051000e-02    9.9946344238e-01
        32   -5.2961583877e+01    2.8060930916e+03   -7.3788464263e+01    2.0826880386e+01   -1.8123262766e+01    7.1749005976e+00   -9.1662381764e+00   -5.3673863918e+01   -9.0285061864e+00    4.0481834108e+04    7.1073981000e-02    9.9947200059e-01
        33   -5.2963756393e+01    2.8063247207e+03   -7.3847172917e+01    2.0883416523e+01   -1.8161472941e+01    7.1767181448e+00   -9.1885542027e+00   -5.3673863918e+01   -9.0521966575e+00    4.0483870675e+04    6.9488865000e-02    9.9949182474e-01
        34   -5.2959994366e+01    2.8059093336e+03   -7.3862339901e+01    2.0902345535e+01   -1.8031599003e+01    7.0260565646e+00   -9.1829335444e+00   -5.3673863918e+01   -9.0420487701e+00    4.0489121927e+04    7.0897938000e-02    9.9945986321e-01
        35   -5.2938257296e+01    2.8036030133e+03   -7.3792661304e+01    2.0854404008e+01   -1.8092598303e+01    7.1337525893e+00   -9.1599516719e+00   -5.3673863918e+01   -9.0193008745e+00    4.0489144290e+04    7.2412734000e-02    9.9948760371e-01
        36   -5.2972485855e+01    2.8072179184e+03   -7.3765610290e+01    2.0793124436e+01   -1.8092641550e+01    7.1180722523e+00   -9.1171770745e+00   -5.3673863918e+01   -8.9803229396e+00    4.0492925998e+04    7.0754092000e-02    9.9944765361e-01
        37   -5.2996317683e+01    2.8097756176e+03   -7.3706416697e+01    2.0710099014e+01   -1.7984193269e+01    7.0684679872e+00   -9.1168274976e+00   -5.3673863918e+01   -8.9846185264e+00    4.0484140528e+04    6.8399142000e-02    9.9945230686e-01
        38   -5.3001485418e+01    2.8103352634e+03   -7.3747136699e+01    2.0745651281e+01   -1.7887259441e+01    6.9687686782e+00   -9.1547820183e+00   -5.3673863918e+01   -9.0237364347e+00    4.0435955388e+04    6.9155873000e-02    9.9946151370e-01
        39   -5.3007723047e+01    2.8109504455e+03   -7.3633717321e+01    2.0625994274e+01   -1.7779552819e+01    7.0077932320e+00   -9.1880938160e+00   -5.3673863918e+01   -9.0544533014e+00    4.0488262074e+04    7.0128689000e-02    9.9942526607e-01
        40   -5.2979000267e+01    2.8079030705e+03   -7.3736618433e+01    2.0757618166e+01   -1.7759328071e+01    6.9364918770e+00   -9.2399183205e+00   -5.3673863918e+01   -9.1053845345e+00    4.0452746899e+04    6.9224336000e-02    9.9946936150e-01
        41   -5.2974563772e+01    2.8074455313e+03   -7.3635600727e+01    2.0661036955e+01   -1.7794669637e+01    7.0371724520e+00   -9.2042396240e+00   -5.3673863918e+01   -9.0684722085e+00    4.0467799028e+04    7.0835358000e-02    9.9945316362e-01
        42   -5.2962120448e+01    2.8061270912e+03   -7.3665439018e+01    2.0703318570e+01   -1.7848194857e+01    7.0626145137e+00   -9.2059947566e+00   -5.3673863918e+01   -9.0667024964e+00    4.0491060226e+04    7.2663554000e-02    9.9950309869e-01
        43   -5.2974539946e+01    2.8074650214e+03   -7.3676188997e+01    2.0701649051e+01   -1.7935449826e+01    7.1299589792e+00   -9.1968342326e+00   -5.3673863918e+01   -9.0575462552e+00    4.0463092817e+04    7.6229857000e-02    9.9948145859e-01
        44   -5.2977790966e+01    2.8077925068e+03   -7.3724896909e+01    2.0747105943e+01   -1.7946982905e+01    7.1045627714e+00   -9.2086128579e+00   -5.3673863918e+01   -9.0712975489e+00    4.0492010357e+04    7.3347263000e-02    9.9948517247e-01
        45   -5.2978154300e+01    2.8078135843e+03   -7.3682109916e+01    2.0703955617e+01   -1.7964107286e+01    7.1458104476e+00   -9.1899491600e+00   -5.3673863918e+01   -9.0552434979e+00    4.0480878010e+04    6.9234669000e-02    9.9950474261e-01
        46   -5.2957014751e+01    2.8056031321e+03   -7.3719736763e+01    2.0762722013e+01   -1.7892602516e+01    7.0351020217e+00   -9.1883723514e+00   -5.3673863918e+01   -9.0476216492e+00    4.0500111718e+04    7.0434005000e-02    9.9946876774e-01
        47   -5.2952087495e+01    2.8050625969e+03   -7.3755797643e+01    2.0803710148e+01   -1.7818774409e+01    6.9286912604e+00   -9.1918505762e+00   -5.3673863918e+01   -9.0568797738e+00    4.0501071726e+04    6.9940584000e-02    9.9949658219e-01
        48   -5.2943707926e+01    2.8041630837e+03   -7.3615417503e+01    2.0671709577e+01   -1.7737130045e+01    7.0054202489e+00   -9.2098437892e+00   -5.3673863918e+01   -9.0738217870e+00    4.0482972119e+04    7.0632563000e-02    9.9949496197e-01
        49   -5.2973453922e+01    2.8072895741e+03   -7.3633406092e+01    2.0659952170e+01   -1.7700241142e+01    6.9566588041e+00   -9.2159598365e+00   -5.3673863918e+01   -9.0814688734e+00    4.0474972473e+04    7.6142904000e-02    9.9946185404e-01
        50   -5.2958174692e+01    2.8057021439e+03   -7.3624023557e+01    2.0665848865e+01   -1.7813376231e+01    7.0862980217e+00   -9.2230814300e+00   -5.3673863918e+01   -9.0894444248e+00    4.0245814730e+04    7.3088741000e-02    9.9947445582e-01
        51   -5.2960605892e+01    2.8059964600e+03   -7.3664706966e+01    2.0704101075e+01   -1.7792733278e+01    7.0200253871e+00   -9.2181351577e+00   -5.3673863918e+01   -9.0787413802e+00    4.0228830487e+04    7.0662283000e-02    9.9948790613e-01
        52   -5.2941423853e+01    2.8039262048e+03   -7.3613200371e+01    2.0671776518e+01   -1.7847241515e+01    7.1295496634e+00   -9.2216446013e+00   -5.3673863918e+01   -9.0819968145e+00    4.0117676345e+04    6.8950663000e-02    9.9948216556e-01
        53   -5.2943899248e+01    2.8041940893e+03   -7.3668855573e+01    2.0724956325e+01   -1.7874647744e+01    7.0706194912e+00   -9.1909634026e+00   -5.3673863918e+01   -9.0488891900e+00    4.0032709522e+04    6.8827029000e-02    9.9948166467e-01
        54   -5.2943464787e+01    2.8041110630e+03   -7.3680751451e+01    2.0737286664e+01   -1.7862434226e+01    7.0902892369e+00   -9.2347425436e+00   -5.3673863918e+01   -9.0951788679e+00    4.0107374397e+04    7.0704363000e-02    9.9943401401e-01
        55   -5.2953722996e+01    2.8052068120e+03   -7.3722668598e+01    2.0768945602e+01   -1.7899368957e+01    7.0891254120e+00   -9.2385611350e+00   -5.3673863918e+01   -9.0978157569e+00    4.0080785685e+04    7.4689428000e-02    9.9942362393e-01
        56   -5.2966709427e+01    2.8065957704e+03   -7.3859666280e+01    2.0892956853e+01   -1.7877686241e+01    6.9404544075e+00   -9.2485705285e+00   -5.3673863918e+01   -9.1099948100e+00    4.0174619464e+04    7.1768717000e-02    9.9945232761e-01
        57   -5.2977296713e+01    2.8077455778e+03   -7.3773004559e+01    2.0795707846e+01   -1.7926147107e+01    7.0754099835e+00   -9.2484035177e+00   -5.3673863918e+01   -9.1081973080e+00    4.0245718079e+04    7.3535282000e-02    9.9947316103e-01
        58   -5.2966210988e+01    2.8065757034e+03   -7.3736365107e+01    2.0770154119e+01   -1.7889219258e+01    7.0675061939e+00   -9.2407881250e+00   -5.3673863918e+01   -9.0972305917e+00    4.0135940461e+04    7.2869478000e-02    9.9948295624e-01
        59   -5.2940057085e+01    2.8038014913e+03   -7.3816173661e+01    2.0876116576e+01   -1.7782709874e+01    6.8801660689e+00   -9.2397659384e+00   -5.3673863918e+01   -9.0915603729e+00    4.0150344134e+04    7.1468289000e-02    9.9948134589e-01
        60   -5.2949627038e+01    2.8048148510e+03   -7.3725036243e+01    2.0775409205e+01   -1.7785948048e+01    6.9569627245e+00   -9.2221870023e+00   -5.3673863918e+01   -9.0761070555e+00    4.0027060382e+04    7.0939973000e-02    9.9947659022e-01
        61   -5.2948092706e+01    2.8046615425e+03   -7.3757544945e+01    2.0809452239e+01   -1.7751269792e+01    6.9373964154e+00   -9.2698076508e+00   -5.3673863918e+01   -9.1241102170e+00    4.0236989077e+04    7.2712951000e-02    9.9946131670e-01
        62   -5.2960712991e+01    2.8060295396e+03   -7.3752317463e+01    2.0791604471e+01   -1.7810704322e+01    7.0026345598e+00   -9.2703837828e+00   -5.3673863918e+01   -9.1273023842e+00    4.0281278368e+04    7.0291510000e-02    9.9945008565e-01
        63   -5.2962893937e+01    2.8062597544e+03   -7.3686355135e+01    2.0723461197e+01   -1.7905917803e+01    7.1453582026e+00   -9.2519316163e+00   -5.3673863918e+01   -9.1054861846e+00    4.0176029892e+04    6.8925298000e-02    9.9945050158e-01
        64   -5.2952729045e+01    2.8051778724e+03   -7.3738688448e+01    2.0785959404e+01   -1.7983983091e+01    7.1340151917e+00   -9.2148566315e+00   -5.3673863918e+01   -9.0686599045e+00    4.0194927150e+04    6.7749472000e-02    9.9947504603e-01
        65   -5.2938922264e+01    2.8036830258e+03   -7.3744690293e+01    2.0805768029e+01   -1.8058428956e+01    7.1635035705e+00   -9.1759009900e+00   -5.3673863918e+01   -9.0320114969e+00    4.0196328702e+04    6.8653152000e-02    9.9948442709e-01
        66   -5.2940897833e+01    2.8039213945e+03   -7.3719571942e+01    2.0778674109e+01   -1.8027856055e+01    7.1596825679e+00   -9.1775345365e+00   -5.3673863918e+01   -9.0363156590e+00    3.9959811931e+04    6.9504255000e-02    9.9946008509e-01
        67   -5.2971924902e+01    2.8071878723e+03   -7.3680647714e+01    2.0708722811e+01   -1.8027841679e+01    7.2060592040e+00   -9.1850013212e+00   -5.3673863918e+01   -9.0407590267e+00    4.0270634925e+04    7.4807911000e-02    9.9946046292e-01
        68   -5.2976413321e+01    2.8076687716e+03   -7.3926317262e+01    2.0949903941e+01   -1.8044486160e+01    6.9678017037e+00   -9.1757688886e+00   -5.3673863918e+01   -9.0280401746e+00    4.0574987347e+04    7.3250797000e-02    9.9944048705e-01
        69   -5.2968179621e+01    2.8068190392e+03   -7.3844462981e+01    2.0876283359e+01   -1.8083950584e+01    7.1103982301e+00   -9.1970467090e+00   -5.3673863918e+01   -9.0538554317e+00    4.0335113904e+04    7.3797256000e-02    9.9946940395e-01
        70   -5.2968540607e+01    2.8068345781e+03   -7.3835083674e+01    2.0866543067e+01   -1.8017674716e+01    7.0709956629e+00   -9.2145407028e+00   -5.3673863918e+01   -9.0708883491e+00    3.9926154081e+04    7.2145798000e-02    9.9946832494e-01
        71   -5.2968004434e+01    2.8067580385e+03   -7.3834828963e+01    2.0866824529e+01   -1.8007733881e+01    7.0643013922e+00   -9.2175325568e+00   -5.3673863918e+01   -9.0746110191e+00    3.9707059245e+04    6.9675657000e-02    9.9943074482e-01
        72   -5.2965011533e+01    2.8064426584e+03   -7.3785768187e+01    2.0820756654e+01   -1.7910448654e+01    7.0269353882e+00   -9.2283910036e+00   -5.3673863918e+01   -9.0837432583e+00    3.9550115556e+04    6.8425138000e-02    9.9947526806e-01
        73   -5.2961684184e+01    2.8060714247e+03   -7.3738372339e+01    2.0776688155e+01   -1.7881697283e+01    7.0716121090e+00   -9.2544232472e+00   -5.3673863918e+01   -9.1100435843e+00    3.9450646816e+04    6.9941583000e-02    9.9947902142e-01
        74   -5.2961807877e+01    2.8060950404e+03   -7.3795184344e+01    2.0833376466e+01   -1.7904982609e+01    7.0262904505e+00   -9.2426282675e+00   -5.3673863918e+01   -9.1004042939e+00    3.9568515328e+04    7.1372807000e-02    9.9950395572e-01
        75   -5.2989182680e+01    2.8090124172e+03   -7.3679403602e+01    2.0690220922e+01   -1.7987508481e+01    7.1940203728e+00   -9.2120515759e+00   -5.3673863918e+01   -9.0661764474e+00    3.9981631905e+04    7.1079560000e-02    9.9949028094e-01
        76   -5.2992838826e+01    2.8093554433e+03   -7.3766728734e+01    2.0773889907e+01   -1.7991075604e+01    7.1045063388e+00   -9.2062955504e+00   -5.3673863918e+01   -9.0582553756e+00    4.0211138179e+04    7.2455542000e-02    9.9948635674e-01
        77   -5.2965111254e+01    2.8063914577e+03   -7.3857998511e+01    2.0892887257e+01   -1.7798520406e+01    6.8523229845e+00   -9.2379371717e+00   -5.3673863918e+01   -9.0936469471e+00    4.0138571610e+04    7.5349500000e-02    9.9944688061e-01
        78   -5.2982316383e+01    2.8082709583e+03   -7.3765845997e+01    2.0783529614e+01   -1.7692315736e+01    6.8386961743e+00   -9.2383625171e+00   -5.3673863918e+01   -9.0982647926e+00    4.0285297505e+04    7.0671566000e-02    9.9944947865e-01
        79   -5.2974721679e+01    2.8074441769e+03   -7.3764880375e+01    2.0790158696e+01   -1.7589242854e+01    6.7221147159e+00   -9.2238883198e+00   -5.3673863918e+01   -9.0842580878e+00    4.0293555008e+04    7.0022023000e-02    9.9949801440e-01
        80   -5.2989631987e+01    2.8090669737e+03   -7.3709191423e+01    2.0719559436e+01   -1.7647206772e+01    6.8572187498e+00   -9.2453394839e+00   -5.3673863918e+01   -9.1037428625e+00    4.0090366350e+04    7.0241257000e-02    9.9947608712e-01
        81   -5.2987814880e+01    2.8088393359e+03   -7.3718860007e+01    2.0731045127e+01   -1.7698903314e+01    6.8713993342e+00   -9.2174921094e+00   -5.3673863918e+01   -9.0773591894e+00    4.0214258121e+04    7.1313848000e-02    9.9949512535e-01
        82   -5.2986780982e+01    2.8087489928e+03   -7.3700070986e+01    2.0713290004e+01   -1.7745268797e+01    6.9098873520e+00   -9.1908256227e+00   -5.3673863918e+01   -9.0500226252e+00    4.0484674573e+04    7.2785734000e-02    9.9948246047e-01
        83   -5.2997568634e+01    2.8098908776e+03   -7.3662964033e+01    2.0665395399e+01   -1.7714206253e+01    6.9154545767e+00   -9.1903484382e+00   -5.3673863918e+01   -9.0517036514e+00    4.1005417649e+04    7.8468442000e-02    9.9952988951e-01
        84   -5.2993326294e+01    2.8094200675e+03   -7.3583454534e+01    2.0590128240e+01   -1.7670461895e+01    6.9666631399e+00   -9.2057918619e+00   -5.3673863918e+01   -9.0697996894e+00    4.1491610590e+04    7.6616284000e-02    9.9948121279e-01
        85   -5.2997271137e+01    2.8098403640e+03   -7.3694101881e+01    2.0696830744e+01   -1.7713322888e+01    6.9179427726e+00   -9.2248578473e+00   -5.3673863918e+01   -9.0875865881e+00    4.1694361972e+04    7.5330428000e-02    9.9949932844e-01
        86   -5.2957508417e+01    2.8057068782e+03   -7.3701460207e+01    2.0743951790e+01   -1.7795786300e+01    6.9820411275e+00   -9.2138511164e+00   -5.3673863918e+01   -9.0711109685e+00    4.1257283874e+04    7.3017908000e-02    9.9944441752e-01
        87   -5.2935537586e+01    2.8033873146e+03   -7.3735794102e+01    2.0800256516e+01   -1.7864429055e+01    7.0052017477e+00   -9.2027028767e+00   -5.3673863918e+01   -9.0585271847e+00    4.1078686550e+04    7.3881909000e-02    9.9943414136e-01
        88   -5.2947973211e+01    2.8046458293e+03   -7.3775108194e+01    2.0827134983e+01   -1.7856642265e+01    6.9583088896e+00   -9.2029109006e+00   -5.3673863918e+01   -9.0564476356e+00    4.1243552319e+04    7.2557786000e-02    9.9948183074e-01
        89   -5.2932190949e+01    2.8030044595e+03   -7.3650241488e+01    2.0718050539e+01   -1.7825856735e+01    7.0690702494e+00   -9.2195910844e+00   -5.3673863918e+01   -9.0738496681e+00    4.1396801825e+04    7.0173243000e-02    9.9946085298e-01
        90   -5.2936570059e+01    2.8034376278e+03   -7.3592695294e+01    2.0656125236e+01   -1.7816682589e+01    7.1308171807e+00   -9.2329659683e+00   -5.3673863918e+01   -9.0851248048e+00    4.1463061582e+04    7.0719818000e-02    9.9946412210e-01
        91   -5.2924589828e+01    2.8021460415e+03   -7.3538546200e+01    2.0613956372e+01   -1.7685541046e+01    7.0253739901e+00   -9.2045152256e+00   -5.3673863918e+01   -9.0612120309e+00    4.1002358856e+04    7.2527171000e-02    9.9949650111e-01
        92   -5.2935171512e+01    2.8032417568e+03   -7.3542561096e+01    2.0607389584e+01   -1.7745925130e+01    7.1218775472e+00   -9.2446495954e+00   -5.3673863918e+01   -9.1057153887e+00    4.0568767358e+04    6.9731103000e-02    9.9946950092e-01
        93   -5.2973059374e+01    2.8072912131e+03   -7.3649558057e+01    2.0676498683e+01   -1.7726786632e+01    6.9866591843e+00   -9.2355666915e+00   -5.3673863918e+01   -9.0997052805e+00    4.0592616534e+04    7.0821954000e-02    9.9947586904e-01
        94   -5.2990835869e+01    2.8091540873e+03   -7.3675588966e+01    2.0684753097e+01   -1.7857259738e+01    7.0899609218e+00   -9.2344262320e+00   -5.3673863918e+01   -9.0998871994e+00    4.0453625309e+04    6.9070163000e-02    9.9945794600e-01
        95   -5.2966986298e+01    2.8066506912e+03   -7.3802858252e+01    2.0835871954e+01   -1.7904951832e+01    7.0218813481e+00   -9.2459238505e+00   -5.3673863918e+01   -9.1051129571e+00    4.0892882112e+04    7.0034919000e-02    9.9950114931e-01
        96   -5.2959102224e+01    2.8058476178e+03   -7.3777702948e+01    2.0818600725e+01   -1.7968813014e+01    7.0517319715e+00   -9.1867579881e+00   -5.3673863918e+01   -9.0506614913e+00    4.0987757678e+04    7.0638081000e-02    9.9946512649e-01
        97   -5.2961318004e+01    2.8060652212e+03   -7.3690894549e+01    2.0729576546e+01   -1.8143441034e+01    7.2874954875e+00   -9.1610850848e+00   -5.3673863918e+01   -9.0314929753e+00    4.1021913256e+04    6.9446868000e-02    9.9942961609e-01
        98   -5.2944906697e+01    2.8043599483e+03   -7.3754437318e+01    2.0809530621e+01   -1.8057205860e+01    7.1795591953e+00   -9.2029267360e+00   -5.3673863918e+01   -9.0769487539e+00    4.0730825519e+04    7.1533205000e-02    9.9948387176e-01
        99   -5.2970441510e+01    2.8070363731e+03   -7.3775461349e+01    2.0805019839e+01   -1.7903974332e+01    7.1072708053e+00   -9.3048939042e+00   -5.3673863918e+01   -9.1720729338e+00    4.0610969228e+04    7.1979152000e-02    9.9946195518e-01
       100   -5.2967147087e+01    2.8066971855e+03   -7.3685157463e+01    2.0718010376e+01   -1.7820724583e+01    7.0914011919e+00   -9.2819701545e+00   -5.3673863918e+01   -9.1484997821e+00    4.0530541071e+04    7.2419881000e-02    9.9946212682e-01
       101   -5.2958482475e+01    2.8057416218e+03   -7.3789560074e+01    2.0831077598e+01   -1.7618969208e+01    6.7767865180e+00   -9.2735134659e+00   -5.3673863918e+01   -9.1426442305e+00    4.0505057591e+04    7.2950731000e-02    9.9947230040e-01
       102   -5.2955635206e+01    2.8054610134e+03   -7.3723298934e+01    2.0767663729e+01   -1.7615110204e+01    6.8506412165e+00   -9.2849660285e+00   -5.3673863918e+01   -9.1590211879e+00    4.0384937326e+04    6.8922007000e-02    9.9947320854e-01
       103   -5.2974743799e+01    2.8074496738e+03   -7.3713379064e+01    2.0738635265e+01   -1.7692672370e+01    6.8992868117e+00   -9.2461295884e+00   -5.3673863918e+01   -9.1137570463e+00    4.0404851347e+04    6.9113068000e-02    9.9945794763e-01
       104   -5.2982633153e+01    2.8083136644e+03   -7.3734117183e+01    2.0751484030e+01   -1.7820745566e+01    6.9843750861e+00   -9.2238827857e+00   -5.3673863918e+01   -9.0929912319e+00    4.0693034480e+04    7.2703950000e-02    9.9945072499e-01
       105   -5.2969590156e+01    2.8069531996e+03   -7.3590332197e+01    2.0620742040e+01   -1.7917692699e+01    7.2209652171e+00   -9.2197407966e+00   -5.3673863918e+01   -9.0939055510e+00    4.0798537658e+04    7.2642749000e-02    9.9944055001e-01
       106   -5.2981822706e+01    2.8082348629e+03   -7.3607349619e+01    2.0625526913e+01   -1.7808853973e+01    7.0869847214e+00   -9.2116164494e+00   -5.3673863918e+01   -9.0827832450e+00    4.0849934300e+04    6.9093023000e-02    9.9947855464e-01
       107   -5.2962879876e+01    2.8061914855e+03   -7.3653758201e+01    2.0690878325e+01   -1.7739697170e+01    6.9864381694e+00   -9.2266352830e+00   -5.3673863918e+01   -9.0901614238e+00    4.0494850652e+04    6.9461393000e-02    9.9944808001e-01
       108   -5.2962446589e+01    2.8061727154e+03   -7.3691990018e+01    2.0729543429e+01   -1.7845780106e+01    7.0287334472e+00   -9.2010794412e+00   -5.3673863918e+01   -9.0594007245e+00    4.0493565961e+04    6.9650732000e-02    9.9948449153e-01
       109   -5.2942530870e+01    2.8043560878e+03   -7.3676598504e+01    2.0734067634e+01   -1.7903212007e+01    7.0923822638e+00   -9.1919048439e+00   -5.3673863918e+01   -9.0522427644e+00    4.0261629559e+04    7.0766328000e-02    9.9945051534e-01
       110   -5.2925799908e+01    2.8022916591e+03   -7.3720418105e+01    2.0794618197e+01   -1.7880677985e+01    7.0485690676e+00   -9.2144452692e+00   -5.3673863918e+01   -9.0770486686e+00    3.9601868451e+04    7.0574402000e-02    9.9950069436e-01
       111   -5.2958444620e+01    2.8057871961e+03   -7.3690758373e+01    2.0732313752e+01   -1.7748137740e+01    6.9631199598e+00   -9.2318766743e+00   -5.3673863918e+01   -9.0947226629e+00    3.9680148788e+04    7.0374385000e-02    9.9945182347e-01
       112   -5.2972251619e+01    2.8072137743e+03   -7.3606548571e+01    2.0634296952e+01   -1.7751318479e+01    7.0330465523e+00   -9.2144127269e+00   -5.3673863918e+01   -9.0814949775e+00    3.9902824954e+04    7.0908948000e-02    9.9946425886e-01
       113   -5.2969590501e+01    2.8069797974e+03   -7.3670000976e+01    2.0700410475e+01   -1.7729723565e+01    6.9552840598e+00   -9.2216975529e+00   -5.3673863918e+01   -9.0913114478e+00    4.0065438628e+04    6.9490901000e-02    9.9948579701e-01
       114   -5.2965788271e+01    2.8065488656e+03   -7.3634056724e+01    2.0668268453e+01   -1.7852469796e+01    7.0853042751e+00   -9.1930272844e+00   -5.3673863918e+01   -9.0577063993e+00    4.0236631892e+04    7.0187385000e-02    9.9947371691e-01
       115   -5.2963850417e+01    2.8063492905e+03   -7.3562789321e+01    2.0598938904e+01   -1.8010251533e+01    7.3231589461e+00   -9.2018328157e+00   -5.3673863918e+01   -9.0643242423e+00    3.9935896937e+04    6.9335443000e-02    9.9947286705e-01
       116   -5.2959848951e+01    2.8058982546e+03   -7.3635562567e+01    2.0675713616e+01   -1.7896961321e+01    7.1356035733e+00   -9.2003409014e+00   -5.3673863918e+01   -9.0613242745e+00    4.0018652162e+04    6.9502824000e-02    9.9944835945e-01
       117   -5.2985944134e+01    2.8086885313e+03   -7.3646018540e+01    2.0660074406e+01   -1.7753849364e+01    6.9944965681e+00   -9.2128018264e+00   -5.3673863918e+01   -9.0782235376e+00    4.0589173884e+04    7.0887562000e-02    9.9950166318e-01
       118   -5.2985434335e+01    2.8086334723e+03   -7.3849721744e+01    2.0864287409e+01   -1.7769009059e+01    6.8067619762e+00   -9.2136107429e+00   -5.3673863918e+01   -9.0764860915e+00    4.0922495008e+04    6.9694908000e-02    9.9947030792e-01
       119   -5.2974370397e+01    2.8074194544e+03   -7.3658691293e+01    2.0684320896e+01   -1.7907653978e+01    7.1423442358e+00   -9.2195176329e+00   -5.3673863918e+01   -9.0846851333e+00    4.0900096493e+04    7.1103059000e-02    9.9946210269e-01
       120   -5.2975034252e+01    2.8074839881e+03   -7.3526656738e+01    2.0551622486e+01   -1.7923848704e+01    7.2686950951e+00   -9.1976392111e+00   -5.3673863918e+01   -9.0628076984e+00    4.0969818597e+04    7.3225200000e-02    9.9945752990e-01
       121   -5.2986081614e+01    2.8087104898e+03   -7.3482729609e+01    2.0496647994e+01   -1.7813747276e+01    7.1949366680e+00   -9.1900550831e+00   -5.3673863918e+01   -9.0558843209e+00    4.0989839712e+04    7.3206642000e-02    9.9943703035e-01
       122   -5.2980678839e+01    2.8081083348e+03   -7.3498787602e+01    2.0518108763e+01   -1.7738129365e+01    7.1474310805e+00   -9.2342253994e+00   -5.3673863918e+01   -9.1005159259e+00    4.0851574206e+04    7.4383729000e-02    9.9948837209e-01
       123   -5.2992589430e+01    2.8093818532e+03   -7.3696762960e+01    2.0704173530e+01   -1.7778695444e+01    6.9894229159e+00   -9.2336265139e+00   -5.3673863918e+01   -9.0980892642e+00    4.0573971503e+04    6.9597480000e-02    9.9949961793e-01
       124   -5.2986635080e+01    2.8087433032e+03   -7.3566107938e+01    2.0579472858e+01   -1.7869058351e+01    7.2212697986e+00   -9.2444554672e+00   -5.3673863918e+01   -9.1066697116e+00    4.0550240724e+04    7.0241919000e-02    9.9944260840e-01
       125   -5.2972859153e+01    2.8072573946e+03   -7.3656352220e+01    2.0683493068e+01   -1.7778001475e+01    7.0088810450e+00   -9.2133678725e+00   -5.3673863918e+01   -9.0721211800e+00    4.0721511838e+04    7.1719491000e-02    9.9948245377e-01
       126   -5.2983942918e+01    2.8084570248e+03   -7.3627058835e+01    2.0643115917e+01   -1.7764148045e+01    7.0368699125e+00   -9.2259167845e+00   -5.3673863918e+01   -9.0860640571e+00    4.0976317903e+04    7.0891243000e-02    9.9946491763e-01
       127   -5.2973500654e+01    2.8073276089e+03   -7.3632358459e+01    2.0658857805e+01   -1.7785743184e+01    7.0290733035e+00   -9.2018246607e+00   -5.3673863918e+01   -9.0580601577e+00    4.1145467374e+04    6.9635119000e-02    9.9948659684e-01
       128   -5.2986574395e+01    2.8087288089e+03   -7.3682209301e+01    2.0695634906e+01   -1.7864051970e+01    7.0350929271e+00   -9.1793863411e+00   -5.3673863918e+01   -9.0329485259e+00    4.1477413433e+04    7.0683674000e-02    9.9948225565e-01
       129   -5.2979238971e+01    2.8079493256e+03   -7.3728694164e+01    2.0749455193e+01   -1.7852237618e+01    6.9214643343e+00   -9.1240569631e+00   -5.3673863918e+01   -8.9755958172e+00    4.1624956696e+04    6.9538399000e-02    9.9948352071e-01
       130   -5.2957593816e+01    2.8056401881e+03   -7.3619899979e+01    2.0662306162e+01   -1.7876554730e+01    7.0866601276e+00   -9.1561414582e+00   -5.3673863918e+01   -9.0152262064e+00    4.1456520218e+04    6.9566392000e-02    9.9945011215e-01
       131   -5.2957559282e+01    2.8056532589e+03   -7.3610271286e+01    2.0652712004e+01   -1.7869528334e+01    7.1243134617e+00   -9.1911924956e+00   -5.3673863918e+01   -9.0559863375e+00    4.1502127529e+04    7.4095828000e-02    9.9948384688e-01
       132   -5.2960991180e+01    2.8060487694e+03   -7.3605795617e+01    2.0644804437e+01   -1.7760476170e+01    7.0347795648e+00   -9.2062350943e+00   -5.3673863918e+01   -9.0711385902e+00    4.1535817107e+04    7.4408854000e-02    9.9950050551e-01
       133   -5.2965085495e+01    2.8064438894e+03   -7.3558557700e+01    2.0593472205e+01   -1.7735353763e+01    7.0353316440e+00   -9.1846716626e+00   -5.3673863918e+01   -9.0507773971e+00    4.1760313478e+04    7.4539210000e-02    9.9947626116e-01
       134   -5.2939248498e+01    2.8037052648e+03   -7.3704035316e+01    2.0764786818e+01   -1.7618003310e+01    6.8001870729e+00   -9.2123551608e+00   -5.3673863918e+01   -9.0757932911e+00    4.1753069623e+04    7.0413971000e-02    9.9946366575e-01
       135   -5.2941529795e+01    2.8039344133e+03   -7.3734018689e+01    2.0792488894e+01   -1.7688677262e+01    6.8273350626e+00   -9.1988125719e+00   -5.3673863918e+01   -9.0603289333e+00    4.1640133922e+04    7.1257712000e-02    9.9947960433e-01
       136   -5.2937324467e+01    2.8035193353e+03   -7.3670332206e+01    2.0733007739e+01   -1.7747926144e+01    6.9185824673e+00   -9.1671246115e+00   -5.3673863918e+01   -9.0314852963e+00    4.1326058667e+04    7.0985833000e-02    9.9944358428e-01
       137   -5.2929523206e+01    2.8027066345e+03   -7.3701404800e+01    2.0771881594e+01   -1.7858872857e+01    7.0267525254e+00   -9.1954205500e+00   -5.3673863918e+01   -9.0605089698e+00    4.1100547422e+04    7.0395814000e-02    9.9948067427e-01
       138   -5.2946021956e+01    2.8044566205e+03   -7.3628560154e+01    2.0682538198e+01   -1.7879011035e+01    7.1246619668e+00   -9.2003471673e+00   -5.3673863918e+01   -9.0596082237e+00    4.0828465003e+04    7.0740619000e-02    9.9946000882e-01
       139   -5.2959367176e+01    2.8058633574e+03   -7.3619440523e+01    2.0660073347e+01   -1.7989749108e+01    7.1954578343e+00   -9.1512853316e+00   -5.3673863918e+01   -9.0116096958e+00    4.1079947992e+04    7.3473038000e-02    9.9943043521e-01
       140   -5.2976579605e+01    2.8076882294e+03   -7.3687785354e+01    2.0711205749e+01   -1.7912186038e+01    7.0698472343e+00   -9.1715826322e+00   -5.3673863918e+01   -9.0343656253e+00    4.1281610631e+04    7.2656385000e-02    9.9946951530e-01
       141   -5.2992210968e+01    2.8092894266e+03   -7.3805802311e+01    2.0813591342e+01   -1.7888321723e+01    6.9537088834e+00   -9.1973255532e+00   -5.3673863918e+01   -9.0555217773e+00    4.1114420340e+04    7.2955870000e-02    9.9947764643e-01
       142   -5.2975946122e+01    2.8076177533e+03   -7.3780853681e+01    2.0804907559e+01   -1.7911300699e+01    6.9716676794e+00   -9.1673567440e+00   -5.3673863918e+01   -9.0246494394e+00    4.1462241696e+04    7.5934479000e-02    9.9947606415e-01
       143   -5.3010268528e+01    2.8112658866e+03   -7.3811617521e+01    2.0801348993e+01   -1.7917636766e+01    6.9403542448e+00   -9.1604710823e+00   -5.3673863918e+01   -9.0228442484e+00    4.1304164392e+04    7.2911475000e-02    9.9949877721e-01
       144   -5.3006056533e+01    2.8107720645e+03   -7.3803907134e+01    2.0797850600e+01   -1.7891344018e+01    6.9624274050e+00   -9.2011266027e+00   -5.3673863918e+01   -9.0629687703e+00    4.1372087626e+04    7.0244653000e-02    9.9948631793e-01
       145   -5.2982088190e+01    2.8082533543e+03   -7.3672708349e+01    2.0690620159e+01   -1.7792613436e+01    6.9910161648e+00   -9.1972471602e+00   -5.3673863918e+01   -9.0543957834e+00    4.1275409086e+04    6.9090750000e-02    9.9946397422e-01
       146   -5.2968751276e+01    2.8068670457e+03   -7.3670554853e+01    2.0701803577e+01   -1.7764011616e+01    6.9892455017e+00   -9.2219248209e+00   -5.3673863918e+01   -9.0821370832e+00    4.1196958081e+04    6.9387658000e-02    9.9947512136e-01
       147   -5.2969864827e+01    2.8069435061e+03   -7.3783732438e+01    2.0813867611e+01   -1.7795391906e+01    6.8779787970e+00   -9.1924554114e+00   -5.3673863918e+01   -9.0570826885e+00    4.1348554003e+04    7.0815759000e-02    9.9947281873e-01
       148   -5.2979267692e+01    2.8079759450e+03   -7.3729424642e+01    2.0750156949e+01   -1.7801587399e+01    6.8987519921e+00   -9.1527253169e+00   -5.3673863918e+01   -9.0162884471e+00    4.1122422367e+04    6.9940614000e-02    9.9948629721e-01
       149   -5.2988014634e+01    2.8088952652e+03   -7.3701515357e+01    2.0713500723e+01   -1.7816054578e+01    6.9595713712e+00   -9.1711682328e+00   -5.3673863918e+01   -9.0372259636e+00    4.1209810462e+04    7.2035588000e-02    9.9948494261e-01
       150   -5.2982014868e+01    2.8082546762e+03   -7.3804223552e+01    2.0822208684e+01   -1.7832340513e+01    6.8675650395e+00   -9.1655841609e+00   -5.3673863918e+01   -9.0348426681e+00    4.1147933141e+04    7.1677613000e-02    9.9950301351e-01
       151   -5.2957826151e+01    2.8056959051e+03   -7.3686051234e+01    2.0728225082e+01   -1.7823151089e+01    7.0299289110e+00   -9.2189651377e+00   -5.3673863918e+01   -9.0884460030e+00    4.1088091005e+04    7.3762968000e-02    9.9945915363e-01
       152   -5.2960871289e+01    2.8060405583e+03   -7.3655668338e+01    2.0694797049e+01   -1.7795906043e+01    7.0453697738e+00   -9.2312681514e+00   -5.3673863918e+01   -9.0987801619e+00    4.1053034956e+04    7.2504192000e-02    9.9944162993e-01
       153   -5.2987260847e+01    2.8088225064e+03   -7.3569112681e+01    2.0581851834e+01   -1.7911373542e+01    7.2099611316e+00   -9.1938363529e+00   -5.3673863918e+01   -9.0560543947e+00    4.1394787395e+04    7.0514943000e-02    9.9945283247e-01
       154   -5.2991987098e+01    2.8093393867e+03   -7.3689789444e+01    2.0697802345e+01   -1.7862216427e+01    7.0464975057e+00   -9.2002066042e+00   -5.3673863918e+01   -9.0693089560e+00    4.1484162967e+04    6.7771298000e-02    9.9948775431e-01
       155   -5.2979164686e+01    2.8079431146e+03   -7.3678319883e+01    2.0699155197e+01   -1.7754304486e+01    6.9605224330e+00   -9.2106739117e+00   -5.3673863918e+01   -9.0797542195e+00    4.1591045875e+04    6.8085057000e-02    9.9947047651e-01
       156   -5.2980398502e+01    2.8080779719e+03   -7.3755843905e+01    2.0775445404e+01   -1.7779189458e+01    6.9367013389e+00   -9.2394918689e+00   -5.3673863918e+01   -9.1075362518e+00    4.1639948384e+04    7.0019324000e-02    9.9943567947e-01
       157   -5.2962303070e+01    2.8061743083e+03   -7.3770130004e+01    2.0807826935e+01   -1.7836997114e+01    6.9961424276e+00   -9.2554113996e+00   -5.3673863918e+01   -9.1207958872e+00    4.1610337394e+04    7.1686286000e-02    9.9945815412e-01
       158   -5.2973241363e+01    2.8073536066e+03   -7.3789114016e+01    2.0815872653e+01   -1.7906597415e+01    6.9986453813e+00   -9.2072980644e+00   -5.3673863918e+01   -9.0664134838e+00    4.1367735007e+04    7.5868836000e-02    9.9946157937e-01
       159   -5.2989418800e+01    2.8090206872e+03   -7.3700528517e+01    2.0711109718e+01   -1.7903268820e+01    7.0761990346e+00   -9.1995948142e+00   -5.3673863918e+01   -9.0620202104e+00    4.1590027122e+04    7.4493813000e-02    9.9948366233e-01
       160   -5.2992768170e+01    2.8093903644e+03   -7.3678373144e+01    2.0685604974e+01   -1.7796688650e+01    7.0074221355e+00   -9.2152427115e+00   -5.3673863918e+01   -9.0766537693e+00    4.1955770436e+04    7.9281031000e-02    9.9945838696e-01
       161   -5.2976349053e+01    2.8076726657e+03   -7.3638706514e+01    2.0662357461e+01   -1.7727502043e+01    7.0055860930e+00   -9.2429266463e+00   -5.3673863918e+01   -9.1036309872e+00    4.1961508252e+04    7.1353468000e-02    9.9945492887e-01
       162   -5.2965032128e+01    2.8065034021e+03   -7.3678876318e+01    2.0713844190e+01   -1.7730841272e+01    6.9562943150e+00   -9.2304654428e+00   -5.3673863918e+01   -9.0939682329e+00    4.1732986523e+04    7.2121311000e-02    9.9944777192e-01
       163   -5.2968519386e+01    2.8068453876e+03   -7.3762324269e+01    2.0793804883e+01   -1.7722099319e+01    6.8684097138e+00   -9.2347707459e+00   -5.3673863918e+01   -9.0997034138e+00    4.1511715709e+04    7.2199402000e-02    9.9949960257e-01
       164   -5.2987434202e+01    2.8088290699e+03   -7.3726063181e+01    2.0738628978e+01   -1.7790719941e+01    6.9883005433e+00   -9.2497798654e+00   -5.3673863918e+01   -9.1124047424e+00    4.1437040465e+04    7.1598455000e-02    9.9944857377e-01
       165   -5.2960112987e+01    2.8059314697e+03   -7.3730292415e+01    2.0770179429e+01   -1.7874665750e+01    7.0415957446e+00   -9.2233584922e+00   -5.3673863918e+01   -9.0827758175e+00    4.1225763972e+04    7.0864418000e-02    9.9943367854e-01
       166   -5.2977330795e+01    2.8077360908e+03   -7.3792034476e+01    2.0814703680e+01   -1.7950549037e+01    7.0690934929e+00   -9.2367150136e+00   -5.3673863918e+01   -9.1016175138e+00    4.0848126531e+04    6.9724089000e-02    9.9943265276e-01
       167   -5.2993338393e+01    2.8094628594e+03   -7.3662783341e+01    2.0669444949e+01   -1.8002776751e+01    7.2241929760e+00   -9.2103356489e+00   -5.3673863918e+01   -9.0720696894e+00    4.0934013284e+04    6.7689729000e-02    9.9944540813e-01
       168   -5.2985603821e+01    2.8085976492e+03   -7.3656740940e+01    2.0671137120e+01   -1.8000127714e+01    7.2079381232e+00   -9.1906874314e+00   -5.3673863918e+01   -9.0577443537e+00    4.0968180906e+04    6.7953541000e-02    9.9947640784e-01
       169   -5.2988323467e+01    2.8088493184e+03   -7.3649660675e+01    2.0661337207e+01   -1.7979642982e+01    7.1888076997e+00   -9.1849614740e+00   -5.3673863918e+01   -9.0515640557e+00    4.1285816046e+04    7.0114018000e-02    9.9945986533e-01
       170   -5.3012350558e+01    2.8114598692e+03   -7.3684005577e+01    2.0671655018e+01   -1.8057271695e+01    7.2270648927e+00   -9.1799348569e+00   -5.3673863918e+01   -9.0450145754e+00    4.1313093721e+04    7.2473649000e-02    9.9947225719e-01
       171   -5.3001031597e+01    2.8102324482e+03   -7.3756404413e+01    2.0755372816e+01   -1.7995659104e+01    7.0398427244e+00   -9.1267241161e+00   -5.3673863918e+01   -8.9935132247e+00    4.1410212488e+04    7.6231909000e-02    9.9944092929e-01
       172   -5.2967983643e+01    2.8067429554e+03   -7.3746129358e+01    2.0778145715e+01   -1.7983873750e+01    7.0056044208e+00   -9.0939961110e+00   -5.3673863918e+01   -8.9650713136e+00    4.1397099558e+04    7.5251037000e-02    9.9947587073e-01
       173   -5.2968473070e+01    2.8067828589e+03   -7.3871918999e+01    2.0903445929e+01   -1.7965766425e+01    6.9254192780e+00   -9.1577079344e+00   -5.3673863918e+01   -9.0281767535e+00    4.1399258402e+04    7.2185109000e-02    9.9943664863e-01
       174   -5.2962374185e+01    2.8061192318e+03   -7.3846938964e+01    2.0884564780e+01   -1.7933830686e+01    6.9247691759e+00   -9.1640135357e+00   -5.3673863918e+01   -9.0338685607e+00    4.1241894267e+04    7.2264492000e-02    9.9946784009e-01
       175   -5.2980309100e+01    2.8080111767e+03   -7.3784958258e+01    2.0804649159e+01   -1.7898968529e+01    6.9582703002e+00   -9.1703961117e+00   -5.3673863918e+01   -9.0424172847e+00    4.1213439979e+04    7.2206490000e-02    9.9950321485e-01
       176   -5.2978348740e+01    2.8078152848e+03   -7.3731589898e+01    2.0753241157e+01   -1.7857670802e+01    6.9902985192e+00   -9.1903536972e+00   -5.3673863918e+01   -9.0578865616e+00    4.1132730263e+04    7.0661177000e-02    9.9948096465e-01
       177   -5.2981670977e+01    2.8081829803e+03   -7.3757704352e+01    2.0776033375e+01   -1.8024622218e+01    7.1228845859e+00   -9.1821028024e+00   -5.3673863918e+01   -9.0468376826e+00    4.1413009198e+04    7.0183566000e-02    9.9947965713e-01
       178   -5.2969827794e+01    2.8069326125e+03   -7.3732659562e+01    2.0762831768e+01   -1.8031262579e+01    7.1876233385e+00   -9.2151564028e+00   -5.3673863918e+01   -9.0833643630e+00    4.1370630973e+04    7.0840941000e-02    9.9946344411e-01
       179   -5.2954174658e+01    2.8053300024e+03   -7.3709876511e+01    2.0755701853e+01   -1.7981821311e+01    7.1496832581e+00   -9.2038745399e+00   -5.3673863918e+01   -9.0711550255e+00    4.1167755691e+04    7.0720013000e-02    9.9947053966e-01
       180   -5.2930141242e+01    2.8028042100e+03   -7.3617395449e+01    2.0687254208e+01   -1.7864255607e+01    7.1293063504e+00   -9.2085822748e+00   -5.3673863918e+01   -9.0729030132e+00    4.0973126263e+04    6.8848522000e-02    9.9942965548e-01
       181   -5.2958058644e+01    2.8057615997e+03   -7.3680205603e+01    2.0722146959e+01   -1.7895544804e+01    7.1209749209e+00   -9.2317718022e+00   -5.3673863918e+01   -9.1022677784e+00    4.1072969004e+04    7.0177274000e-02    9.9947295389e-01
       182   -5.2962614256e+01    2.8062149990e+03   -7.3658769001e+01    2.0696154746e+01   -1.7861743332e+01    7.1088620542e+00   -9.2320238058e+00   -5.3673863918e+01   -9.1002846213e+00    4.1132539630e+04    7.6150681000e-02    9.9946155529e-01
       183   -5.2961144434e+01    2.8060438304e+03   -7.3604367383e+01    2.0643222949e+01   -1.7928359852e+01    7.2033954904e+00   -9.2055391036e+00   -5.3673863918e+01   -9.0699308456e+00    4.0921299725e+04    7.2945332000e-02    9.9942455712e-01
       184   -5.2988496865e+01    2.8089155784e+03   -7.3681252109e+01    2.0692755244e+01   -1.7830510429e+01    7.0696632187e+00   -9.2465409806e+00   -5.3673863918e+01   -9.1056700159e+00    4.0801155025e+04    7.1667028000e-02    9.9945893282e-01
       185   -5.2994279049e+01    2.8095237607e+03   -7.3748153773e+01    2.0753874725e+01   -1.7702120748e+01    6.8838975385e+00   -9.2560666463e+00   -5.3673863918e+01   -9.1137179031e+00    4.0854451365e+04    7.0540709000e-02    9.9946818927e-01
       186   -5.2989210104e+01    2.8090021203e+03   -7.3696046784e+01    2.0706836680e+01   -1.7657988244e+01    6.9091581753e+00   -9.2733527973e+00   -5.3673863918e+01   -9.1292360305e+00    4.1106177640e+04    7.2793444000e-02    9.9947877387e-01
       187   -5.3008630936e+01    2.8111068561e+03   -7.3667080645e+01    2.0658449709e+01   -1.7608092358e+01    6.8934875837e+00   -9.2786119524e+00   -5.3673863918e+01   -9.1364559467e+00    4.1029041778e+04    7.2262780000e-02    9.9947835413e-01
       188   -5.3001464914e+01    2.8103208636e+03   -7.3618933357e+01    2.0617468443e+01   -1.7651162727e+01    6.9664072048e+00   -9.2603139171e+00   -5.3673863918e+01   -9.1207371298e+00    4.1386415166e+04    7.2047348000e-02    9.9945993621e-01
       189   -5.2964357516e+01    2.8064436692e+03   -7.3607162297e+01    2.0642804781e+01   -1.7723926156e+01    7.0084429854e+00   -9.2178152089e+00   -5.3673863918e+01   -9.0786268028e+00    4.1835137996e+04    7.2743305000e-02    9.9946526301e-01
       190   -5.2996632124e+01    2.8098624437e+03   -7.3657952059e+01    2.0661319936e+01   -1.7735697771e+01    6.9325385458e+00   -9.1809289165e+00   -5.3673863918e+01   -9.0387374565e+00    4.1921240893e+04    7.2875840000e-02    9.9953605419e-01
       191   -5.3014185316e+01    2.8117362608e+03   -7.3600120202e+01    2.0585934885e+01   -1.7733280644e+01    6.9872416461e+00   -9.1802172862e+00   -5.3673863918e+01   -9.0340997177e+00    4.2169820177e+04    7.5325863000e-02    9.9948125400e-01
       192   -5.2998816030e+01    2.8100457355e+03   -7.3537700583e+01    2.0538884554e+01   -1.7620191070e+01    6.9798482140e+00   -9.2234938092e+00   -5.3673863918e+01   -9.0763685061e+00    4.2101669295e+04    7.1701399000e-02    9.9946857781e-01
       193   -5.2999548564e+01    2.8101128579e+03   -7.3669448647e+01    2.0669900084e+01   -1.7613263548e+01    6.8786345851e+00   -9.2609557662e+00   -5.3673863918e+01   -9.1159370267e+00    4.2057258941e+04    7.0917845000e-02    9.9945849878e-01
       194   -5.2975068167e+01    2.8074819104e+03   -7.3746920816e+01    2.0771852649e+01   -1.7717017191e+01    6.9063501271e+00   -9.2623898343e+00   -5.3673863918e+01   -9.1178332832e+00    4.2053930245e+04    6.9030249000e-02    9.9946446827e-01
       195   -5.2981040147e+01    2.8081189420e+03   -7.3713009020e+01    2.0731968873e+01   -1.7689897041e+01    6.9512320763e+00   -9.3004801377e+00   -5.3673863918e+01   -9.1513401248e+00    4.1931807012e+04    7.1530684000e-02    9.9947242292e-01
       196   -5.2985990916e+01    2.8086422328e+03   -7.3597315385e+01    2.0611324468e+01   -1.7712968134e+01    7.0394482302e+00   -9.2499315633e+00   -5.3673863918e+01   -9.0976714777e+00    4.1971696410e+04    7.0941835000e-02    9.9944492091e-01
       197   -5.2991955272e+01    2.8093305865e+03   -7.3611190013e+01    2.0619234741e+01   -1.7818051074e+01    7.1230657219e+00   -9.2423407429e+00   -5.3673863918e+01   -9.0943068107e+00    4.2025616822e+04    7.4650745000e-02    9.9949618121e-01
       198   -5.2999983786e+01    2.8101608826e+03   -7.3616082948e+01    2.0616099163e+01   -1.7940111356e+01    7.2308267128e+00   -9.2329343873e+00   -5.3673863918e+01   -9.0883131765e+00    4.2541797094e+04    8.4207813000e-02    9.9946998543e-01
       199   -5.2951772983e+01    2.8050444709e+03   -7.3667413631e+01    2.0715640648e+01   -1.7891021730e+01    7.1575979146e+00   -9.2601258979e+00   -5.3673863918e+01   -9.1245580334e+00    4.2557353155e+04    7.4031071000e-02    9.9944916847e-01
