#   index    LocalEnergy         LocalEnergy_sq      LocalPotential      Kinetic             LocalECP            NonLocalECP         ElecElec            IonIon              MPC                 BlockWeight         BlockCPU            AcceptRatio         
         0   -2.3875465938e+02    5.7005163822e+04   -3.2932234894e+02    9.0567689557e+01   -1.6266772391e+03    3.1334455972e+01    7.0509350646e+02    5.6092692771e+02    7.0515493790e+02    4.0959186659e+04    4.3223091200e+00    9.9953219802e-01
         1   -2.3886377233e+02    5.7057272944e+04   -3.2913207611e+02    9.0268303776e+01   -1.6266090387e+03    3.1521846586e+01    7.0502818831e+02    5.6092692771e+02    7.0508799038e+02    4.0967116050e+04    4.3359439680e+00    9.9952759342e-01
         2   -2.3886980858e+02    5.7060169944e+04   -3.2917052523e+02    9.0300716655e+01   -1.6263339475e+03    3.1193682500e+01    7.0504281203e+02    5.6092692771e+02    7.0510011555e+02    4.0957655324e+04    4.2956236110e+00    9.9952018167e-01
         3   -2.3890314271e+02    5.7076059164e+04   -3.2912767096e+02    9.0224528255e+01   -1.6265767132e+03    3.1518921138e+01    7.0500319337e+02    5.6092692771e+02    7.0505685681e+02    4.0954248937e+04    4.2923975050e+00    9.9953008462e-01
         4   -2.3893129299e+02    5.7089524153e+04   -3.2942014543e+02    9.0488852440e+01   -1.6269121037e+03    3.1409692639e+01    7.0515533795e+02    5.6092692771e+02    7.0521051747e+02    4.0948858641e+04    4.3174952700e+00    9.9952563601e-01
         5   -2.3892803147e+02    5.7087994501e+04   -3.2946209340e+02    9.0534061930e+01   -1.6269243564e+03    3.1239319026e+01    7.0529601627e+02    5.6092692771e+02    7.0535086259e+02    4.0977162115e+04    4.3718434920e+00    9.9951314363e-01
         6   -2.3893402729e+02    5.7090796410e+04   -3.2931659689e+02    9.0382569604e+01   -1.6266475549e+03    3.1075484928e+01    7.0532854534e+02    5.6092692771e+02    7.0538366247e+02    4.0960799454e+04    4.3493084780e+00    9.9950692342e-01
         7   -2.3892883969e+02    5.7088363972e+04   -3.2918158047e+02    9.0252740785e+01   -1.6268291653e+03    3.1329718504e+01    7.0539093858e+02    5.6092692771e+02    7.0544705696e+02    4.0952155972e+04    4.3896283400e+00    9.9951835933e-01
         8   -2.3895853784e+02    5.7102545735e+04   -3.2943687522e+02    9.0478337380e+01   -1.6267215011e+03    3.1183899307e+01    7.0517379888e+02    5.6092692771e+02    7.0522806415e+02    4.0965972733e+04    4.3445182330e+00    9.9951806379e-01
         9   -2.3895182643e+02    5.7099329774e+04   -3.2934973388e+02    9.0397907442e+01   -1.6270058943e+03    3.1461857496e+01    7.0526737519e+02    5.6092692771e+02    7.0531965589e+02    4.0955720187e+04    4.3238568210e+00    9.9951530986e-01
        10   -2.3893631692e+02    5.7091953829e+04   -3.2947785180e+02    9.0541534879e+01   -1.6271380337e+03    3.1436840056e+01    7.0529641415e+02    5.6092692771e+02    7.0534819013e+02    4.0978045529e+04    4.2704172230e+00    9.9951809841e-01
        11   -2.3897753518e+02    5.7111718319e+04   -3.2915394948e+02    9.0176414296e+01   -1.6269554373e+03    3.1675821860e+01    7.0519873825e+02    5.6092692771e+02    7.0525157380e+02    4.0966030225e+04    4.2799746090e+00    9.9952485559e-01
        12   -2.3898691168e+02    5.7116146143e+04   -3.2943300490e+02    9.0446093216e+01   -1.6268405805e+03    3.1316449891e+01    7.0516419802e+02    5.6092692771e+02    7.0521886974e+02    4.0951924610e+04    4.2959106340e+00    9.9951102102e-01
        13   -2.3897130632e+02    5.7108681351e+04   -3.2980779818e+02    9.0836491858e+01   -1.6266397200e+03    3.0839925728e+01    7.0506506843e+02    5.6092692771e+02    7.0512060036e+02    4.0961641344e+04    4.3169580730e+00    9.9951976803e-01
        14   -2.3897900084e+02    5.7112476286e+04   -3.2970323170e+02    9.0724230862e+01   -1.6265057026e+03    3.0835846072e+01    7.0503969712e+02    5.6092692771e+02    7.0509371472e+02    4.0962401842e+04    4.2979050810e+00    9.9950237218e-01
        15   -2.3900561944e+02    5.7125068306e+04   -3.2934178971e+02    9.0336170272e+01   -1.6266078971e+03    3.1232737513e+01    7.0510644213e+02    5.6092692771e+02    7.0516190850e+02    4.0939974539e+04    4.2848171760e+00    9.9951885612e-01
        16   -2.3900804946e+02    5.7126235755e+04   -3.2946557830e+02    9.0457528843e+01   -1.6263918842e+03    3.0952229681e+01    7.0504714854e+02    5.6092692771e+02    7.0510188350e+02    4.0962286394e+04    4.3442464340e+00    9.9951630094e-01
        17   -2.3897422497e+02    5.7110103174e+04   -3.2940203694e+02    9.0427811973e+01   -1.6265066083e+03    3.1162565033e+01    7.0501507862e+02    5.6092692771e+02    7.0506964918e+02    4.0967019143e+04    4.2901985390e+00    9.9951430245e-01
        18   -2.3900924431e+02    5.7126710289e+04   -3.2950914334e+02    9.0499899030e+01   -1.6263535620e+03    3.1015408639e+01    7.0490208228e+02    5.6092692771e+02    7.0495747170e+02    4.0934468522e+04    4.3291976610e+00    9.9952750751e-01
        19   -2.3901167691e+02    5.7127913041e+04   -3.2935500563e+02    9.0343328727e+01   -1.6263804699e+03    3.1139531580e+01    7.0495900498e+02    5.6092692771e+02    7.0501382124e+02    4.0942013624e+04    4.3786554280e+00    9.9952307642e-01
        20   -2.3900236424e+02    5.7123446317e+04   -3.2931424764e+02    9.0311883402e+01   -1.6260324119e+03    3.0852119826e+01    7.0493911669e+02    5.6092692771e+02    7.0499237129e+02    4.0967824169e+04    4.3401930750e+00    9.9952264359e-01
        21   -2.3897512389e+02    5.7110523232e+04   -3.2917218462e+02    9.0197060731e+01   -1.6259851987e+03    3.0959683131e+01    7.0492640319e+02    5.6092692771e+02    7.0497958956e+02    4.0984263968e+04    4.3420096350e+00    9.9951855735e-01
        22   -2.3896845015e+02    5.7107280768e+04   -3.2936910371e+02    9.0400653566e+01   -1.6260311940e+03    3.0860544182e+01    7.0487461841e+02    5.6092692771e+02    7.0492689121e+02    4.0960345632e+04    4.3016112650e+00    9.9952047640e-01
        23   -2.3898053305e+02    5.7113060529e+04   -3.2941803752e+02    9.0437504470e+01   -1.6258972165e+03    3.0732803727e+01    7.0481944757e+02    5.6092692771e+02    7.0487456431e+02    4.0961130365e+04    4.3051986750e+00    9.9950741455e-01
        24   -2.3896843414e+02    5.7107307096e+04   -3.2920473700e+02    9.0236302859e+01   -1.6260494813e+03    3.1172432916e+01    7.0474538370e+02    5.6092692771e+02    7.0480235422e+02    4.0980168127e+04    4.3245961220e+00    9.9951858717e-01
        25   -2.3898446109e+02    5.7115009388e+04   -3.2913947608e+02    9.0155014990e+01   -1.6261266833e+03    3.1372236904e+01    7.0468804259e+02    5.6092692771e+02    7.0474489324e+02    4.0966934808e+04    4.3064835320e+00    9.9952654057e-01
        26   -2.3897739769e+02    5.7111535656e+04   -3.2920160676e+02    9.0224209063e+01   -1.6262895300e+03    3.1453560969e+01    7.0470743456e+02    5.6092692771e+02    7.0476327164e+02    4.0967026208e+04    4.3150545570e+00    9.9951818140e-01
        27   -2.3897606017e+02    5.7110893396e+04   -3.2938107922e+02    9.0405019059e+01   -1.6266391475e+03    3.1339453002e+01    7.0499168754e+02    5.6092692771e+02    7.0504559404e+02    4.0945039379e+04    4.3263186290e+00    9.9950904140e-01
        28   -2.3898266093e+02    5.7113987944e+04   -3.2953118248e+02    9.0548521550e+01   -1.6261851830e+03    3.0862774202e+01    7.0486429857e+02    5.6092692771e+02    7.0491879344e+02    4.0936183965e+04    4.3166611020e+00    9.9951103398e-01
        29   -2.3899207993e+02    5.7118531418e+04   -3.2938182616e+02    9.0389746229e+01   -1.6262430613e+03    3.1038712025e+01    7.0489559537e+02    5.6092692771e+02    7.0495265761e+02    4.0943886604e+04    4.3517637340e+00    9.9951841898e-01
        30   -2.3899886802e+02    5.7121766355e+04   -3.2926618950e+02    9.0267321488e+01   -1.6262277609e+03    3.1146557142e+01    7.0488808654e+02    5.6092692771e+02    7.0494731486e+02    4.0968144279e+04    4.3372394350e+00    9.9952213191e-01
        31   -2.3902882295e+02    5.7136102632e+04   -3.2922371432e+02    9.0194891375e+01   -1.6262216554e+03    3.1179035816e+01    7.0489197755e+02    5.6092692771e+02    7.0495163512e+02    4.0959041864e+04    4.3294860600e+00    9.9950735442e-01
        32   -2.3902745505e+02    5.7135500532e+04   -3.2903876270e+02    9.0011307641e+01   -1.6263221609e+03    3.1458213901e+01    7.0489825655e+02    5.6092692771e+02    7.0495858171e+02    4.0988848296e+04    4.3529131540e+00    9.9951185552e-01
        33   -2.3899512471e+02    5.7120043528e+04   -3.2904636657e+02    9.0051241859e+01   -1.6263051865e+03    3.1324431916e+01    7.0500746035e+02    5.6092692771e+02    7.0506785207e+02    4.0965727047e+04    4.3430481720e+00    9.9951976137e-01
        34   -2.3899791232e+02    5.7121415718e+04   -3.2894951116e+02    8.9951598848e+01   -1.6261416491e+03    3.1383384113e+01    7.0488182616e+02    5.6092692771e+02    7.0494394852e+02    4.0958793853e+04    4.3066715580e+00    9.9952659222e-01
        35   -2.3899849605e+02    5.7121658538e+04   -3.2893195070e+02    8.9933454642e+01   -1.6262712445e+03    3.1445250768e+01    7.0496711537e+02    5.6092692771e+02    7.0502985060e+02    4.0971075170e+04    4.3137839480e+00    9.9951552910e-01
        36   -2.3900683502e+02    5.7125588808e+04   -3.2930383592e+02    9.0297000904e+01   -1.6261375591e+03    3.1001023461e+01    7.0490577205e+02    5.6092692771e+02    7.0496989759e+02    4.0965930606e+04    4.3200324490e+00    9.9951520428e-01
        37   -2.3899474399e+02    5.7119872525e+04   -3.2945885977e+02    9.0464115782e+01   -1.6262381884e+03    3.0934276453e+01    7.0491812446e+02    5.6092692771e+02    7.0498381979e+02    4.0965234847e+04    4.3354443460e+00    9.9952008614e-01
        38   -2.3899711896e+02    5.7120943997e+04   -3.2964806305e+02    9.0650944091e+01   -1.6262760938e+03    3.0679905932e+01    7.0502119714e+02    5.6092692771e+02    7.0508355605e+02    4.0930046636e+04    4.3175591020e+00    9.9952004954e-01
        39   -2.3897457715e+02    5.7110234519e+04   -3.2946562379e+02    9.0491046642e+01   -1.6260780895e+03    3.0807280549e+01    7.0487825745e+02    5.6092692771e+02    7.0494142313e+02    4.0960036766e+04    4.3551840760e+00    9.9952039931e-01
        40   -2.3897681137e+02    5.7111327445e+04   -3.2933152040e+02    9.0354709032e+01   -1.6262365848e+03    3.1041762444e+01    7.0493637425e+02    5.6092692771e+02    7.0499947865e+02    4.0954784283e+04    4.3124408810e+00    9.9951700259e-01
        41   -2.3896520433e+02    5.7105743140e+04   -3.2933196208e+02    9.0366757746e+01   -1.6263948309e+03    3.1162011622e+01    7.0497392947e+02    5.6092692771e+02    7.0503523431e+02    4.0948079855e+04    4.3006676740e+00    9.9952136293e-01
        42   -2.3897473977e+02    5.7110252908e+04   -3.2924236053e+02    9.0267620764e+01   -1.6261941352e+03    3.1161255042e+01    7.0486359188e+02    5.6092692771e+02    7.0492235637e+02    4.0953857107e+04    4.2852997200e+00    9.9951224211e-01
        43   -2.3899393002e+02    5.7119507452e+04   -3.2913070170e+02    9.0136771676e+01   -1.6258827173e+03    3.0902358708e+01    7.0492272923e+02    5.6092692771e+02    7.0497795858e+02    4.0939421521e+04    4.2891283550e+00    9.9950108336e-01
        44   -2.3898860938e+02    5.7116922234e+04   -3.2893677458e+02    8.9948165198e+01   -1.6257595426e+03    3.1037220913e+01    7.0485861943e+02    5.6092692771e+02    7.0491133312e+02    4.0950898435e+04    4.2780246720e+00    9.9950565719e-01
        45   -2.3899440469e+02    5.7119627944e+04   -3.2911317876e+02    9.0118774074e+01   -1.6259407966e+03    3.0911277687e+01    7.0498941245e+02    5.6092692771e+02    7.0504151177e+02    4.0970156460e+04    4.3026039490e+00    9.9951226854e-01
        46   -2.3899435534e+02    5.7119623840e+04   -3.2909641479e+02    9.0102059447e+01   -1.6261327006e+03    3.1008230846e+01    7.0510112727e+02    5.6092692771e+02    7.0515577165e+02    4.0968866883e+04    4.3416489910e+00    9.9951864684e-01
        47   -2.3896926546e+02    5.7107661724e+04   -3.2935197559e+02    9.0382710134e+01   -1.6261994985e+03    3.0796448957e+01    7.0512414621e+02    5.6092692771e+02    7.0518268318e+02    4.0935214159e+04    4.2895994910e+00    9.9952460896e-01
        48   -2.3896259972e+02    5.7104440741e+04   -3.2932309794e+02    9.0360498224e+01   -1.6261282618e+03    3.0730345032e+01    7.0514789115e+02    5.6092692771e+02    7.0520347336e+02    4.0960863882e+04    4.3240114530e+00    9.9951780436e-01
        49   -2.3899536186e+02    5.7120152581e+04   -3.2917647058e+02    9.0181108718e+01   -1.6262310977e+03    3.1081585078e+01    7.0504611434e+02    5.6092692771e+02    7.0510222322e+02    4.0961164932e+04    4.3314944320e+00    9.9950535604e-01
        50   -2.3899171967e+02    5.7118437418e+04   -3.2916535460e+02    9.0173634937e+01   -1.6261262152e+03    3.1117970700e+01    7.0491596223e+02    5.6092692771e+02    7.0497254959e+02    4.1088421053e+04    4.2900903810e+00    9.9951813093e-01
        51   -2.3900735431e+02    5.7125895816e+04   -3.2923295586e+02    9.0225601549e+01   -1.6262947834e+03    3.1172449131e+01    7.0496245067e+02    5.6092692771e+02    7.0501981398e+02    4.1389435481e+04    4.3157907330e+00    9.9950375972e-01
        52   -2.3901103799e+02    5.7127718620e+04   -3.2945099158e+02    9.0439953596e+01   -1.6261699033e+03    3.0940892069e+01    7.0485109198e+02    5.6092692771e+02    7.0490593700e+02    4.1739946016e+04    4.3625914250e+00    9.9950516133e-01
        53   -2.3902707130e+02    5.7135361580e+04   -3.2912595878e+02    9.0098887480e+01   -1.6260851620e+03    3.1106033331e+01    7.0492624221e+02    5.6092692771e+02    7.0497925708e+02    4.1610929053e+04    4.3299900630e+00    9.9951694304e-01
        54   -2.3900669517e+02    5.7125582211e+04   -3.2919707697e+02    9.0190381801e+01   -1.6263029140e+03    3.1218691741e+01    7.0496021756e+02    5.6092692771e+02    7.0501509546e+02    4.1581417024e+04    4.3435506420e+00    9.9951117524e-01
        55   -2.3899073903e+02    5.7117985665e+04   -3.2940844730e+02    9.0417708272e+01   -1.6263211695e+03    3.1055012446e+01    7.0493078203e+02    5.6092692771e+02    7.0498457008e+02    4.1589253431e+04    4.3337874410e+00    9.9951317434e-01
        56   -2.3895493209e+02    5.7100847623e+04   -3.2953560719e+02    9.0580675106e+01   -1.6263366211e+03    3.0976766254e+01    7.0489731995e+02    5.6092692771e+02    7.0495117874e+02    4.1397919533e+04    4.3161233710e+00    9.9951434168e-01
        57   -2.3899329955e+02    5.7119180899e+04   -3.2944181584e+02    9.0448516296e+01   -1.6265573070e+03    3.1234518461e+01    7.0495404499e+02    5.6092692771e+02    7.0500666532e+02    4.1095155417e+04    4.3708667540e+00    9.9952470172e-01
        58   -2.3899221248e+02    5.7118601691e+04   -3.2931372357e+02    9.0321511089e+01   -1.6262348865e+03    3.1090401485e+01    7.0490383373e+02    5.6092692771e+02    7.0496277355e+02    4.1165620110e+04    4.2965099700e+00    9.9951958371e-01
        59   -2.3900846015e+02    5.7126432733e+04   -3.2923755591e+02    9.0229095767e+01   -1.6263763518e+03    3.1075473369e+01    7.0513639484e+02    5.6092692771e+02    7.0519511656e+02    4.1287414376e+04    4.3298710430e+00    9.9952231399e-01
        60   -2.3900440661e+02    5.7124436115e+04   -3.2945469547e+02    9.0450288869e+01   -1.6263963397e+03    3.0745556232e+01    7.0526916031e+02    5.6092692771e+02    7.0532769318e+02    4.1270705334e+04    4.3475951840e+00    9.9950866764e-01
        61   -2.3900488740e+02    5.7124666415e+04   -3.2933458291e+02    9.0329695506e+01   -1.6263183224e+03    3.0827041625e+01    7.0522977018e+02    5.6092692771e+02    7.0528774191e+02    4.1335386458e+04    4.3688831370e+00    9.9952005785e-01
        62   -2.3903492442e+02    5.7139126897e+04   -3.2918833763e+02    9.0153413213e+01   -1.6261650820e+03    3.0908025586e+01    7.0514179112e+02    5.6092692771e+02    7.0519903575e+02    4.1909413879e+04    4.3679503540e+00    9.9949769728e-01
        63   -2.3901874720e+02    5.7131307303e+04   -3.2908591566e+02    9.0067168456e+01   -1.6258375803e+03    3.0849313954e+01    7.0497542297e+02    5.6092692771e+02    7.0502827915e+02    4.1900655884e+04    4.3666281890e+00    9.9951341490e-01
        64   -2.3903026973e+02    5.7136783980e+04   -3.2883218330e+02    8.9801913579e+01   -1.6255355195e+03    3.0950330002e+01    7.0482607851e+02    5.6092692771e+02    7.0487926706e+02    4.1626000294e+04    4.3619721490e+00    9.9951830675e-01
        65   -2.3903189065e+02    5.7137573816e+04   -3.2894114902e+02    8.9909258372e+01   -1.6254811330e+03    3.0909052936e+01    7.0470400336e+02    5.6092692771e+02    7.0476073946e+02    4.1603056154e+04    4.3763627080e+00    9.9949921076e-01
        66   -2.3901087822e+02    5.7127563388e+04   -3.2907095685e+02    9.0060078632e+01   -1.6254297350e+03    3.0859658850e+01    7.0457219159e+02    5.6092692771e+02    7.0463024164e+02    4.1589635412e+04    4.3802505420e+00    9.9952675194e-01
        67   -2.3901349923e+02    5.7128804691e+04   -3.2904883832e+02    9.0035339089e+01   -1.6253659367e+03    3.0910197160e+01    7.0447997356e+02    5.6092692771e+02    7.0453835227e+02    4.1749331734e+04    4.3765662170e+00    9.9951672308e-01
        68   -2.3902804154e+02    5.7135740986e+04   -3.2926843163e+02    9.0240390085e+01   -1.6252710915e+03    3.0650441543e+01    7.0442529066e+02    5.6092692771e+02    7.0448428910e+02    4.1813937343e+04    4.3372414470e+00    9.9950787349e-01
        69   -2.3899961123e+02    5.7122188145e+04   -3.2921278950e+02    9.0213178274e+01   -1.6251985500e+03    3.0506003555e+01    7.0455282923e+02    5.6092692771e+02    7.0460918666e+02    4.2239644056e+04    4.3563479900e+00    9.9952621031e-01
        70   -2.3899697083e+02    5.7120936209e+04   -3.2917223844e+02    9.0175267612e+01   -1.6252416447e+03    3.0601496431e+01    7.0454098210e+02    5.6092692771e+02    7.0459900419e+02    4.2376452647e+04    4.3858567320e+00    9.9951267976e-01
        71   -2.3900260859e+02    5.7123632853e+04   -3.2908565013e+02    9.0083041537e+01   -1.6255239385e+03    3.0833218357e+01    7.0467814232e+02    5.6092692771e+02    7.0473520853e+02    4.2432744534e+04    4.4160983580e+00    9.9951043147e-01
        72   -2.3900411947e+02    5.7124334584e+04   -3.2912420393e+02    9.0120084455e+01   -1.6254816704e+03    3.0798725419e+01    7.0463181338e+02    5.6092692771e+02    7.0468885928e+02    4.2642810664e+04    4.4552276000e+00    9.9950686173e-01
        73   -2.3896569871e+02    5.7105976590e+04   -3.2891902714e+02    8.9953328420e+01   -1.6255079906e+03    3.1099800751e+01    7.0456223505e+02    5.6092692771e+02    7.0461864002e+02    4.2411721717e+04    4.4019565120e+00    9.9952455402e-01
        74   -2.3899711805e+02    5.7120976505e+04   -3.2880876832e+02    8.9811650268e+01   -1.6256451814e+03    3.1127247027e+01    7.0478223836e+02    5.6092692771e+02    7.0483910891e+02    4.2242592350e+04    4.3895717650e+00    9.9951256906e-01
        75   -2.3897558378e+02    5.7110727552e+04   -3.2865044952e+02    8.9674865740e+01   -1.6258775477e+03    3.1363960656e+01    7.0493620978e+02    5.6092692771e+02    7.0499168886e+02    4.1823689109e+04    4.3243217090e+00    9.9951089757e-01
        76   -2.3896459847e+02    5.7105416265e+04   -3.2887781009e+02    8.9913211615e+01   -1.6259823501e+03    3.1150025766e+01    7.0502758650e+02    5.6092692771e+02    7.0508160009e+02    4.1241133455e+04    4.2999687210e+00    9.9950869878e-01
        77   -2.3899531603e+02    5.7120151897e+04   -3.2891439806e+02    8.9919082026e+01   -1.6259239760e+03    3.1101700419e+01    7.0498094980e+02    5.6092692771e+02    7.0503356317e+02    4.1168467197e+04    4.3110871540e+00    9.9951368142e-01
        78   -2.3899583171e+02    5.7120438679e+04   -3.2886695241e+02    8.9871120707e+01   -1.6258756725e+03    3.1025658791e+01    7.0505613354e+02    5.6092692771e+02    7.0510891483e+02    4.1219247643e+04    4.3349795100e+00    9.9951576558e-01
        79   -2.3899344932e+02    5.7119301945e+04   -3.2910948714e+02    9.0116037821e+01   -1.6258811278e+03    3.0795238902e+01    7.0504947403e+02    5.6092692771e+02    7.0510200027e+02    4.0919367135e+04    4.3516121210e+00    9.9950867389e-01
        80   -2.3899078173e+02    5.7117954895e+04   -3.2911641088e+02    9.0125629154e+01   -1.6259746211e+03    3.0825631633e+01    7.0510565088e+02    5.6092692771e+02    7.0516057667e+02    4.0756631137e+04    4.3113566580e+00    9.9951897651e-01
        81   -2.3903173371e+02    5.7137554688e+04   -3.2903730796e+02    9.0005574249e+01   -1.6259842831e+03    3.0973236431e+01    7.0504681102e+02    5.6092692771e+02    7.0510445593e+02    4.0739063692e+04    4.3400132190e+00    9.9951580521e-01
        82   -2.3902812185e+02    5.7135911842e+04   -3.2901927145e+02    8.9991149603e+01   -1.6259608918e+03    3.1055546619e+01    7.0495914607e+02    5.6092692771e+02    7.0501608436e+02    4.0560526526e+04    4.3080386080e+00    9.9950066578e-01
        83   -2.3903392308e+02    5.7138587993e+04   -3.2892593658e+02    8.9892013500e+01   -1.6261356561e+03    3.1300783124e+01    7.0498200866e+02    5.6092692771e+02    7.0503992268e+02    4.0714351114e+04    4.2812481900e+00    9.9951810090e-01
        84   -2.3904296934e+02    5.7142947831e+04   -3.2917599207e+02    9.0133022737e+01   -1.6262670654e+03    3.1130890123e+01    7.0503325546e+02    5.6092692771e+02    7.0509089867e+02    4.0862576883e+04    4.2961451480e+00    9.9952160267e-01
        85   -2.3900734605e+02    5.7125817430e+04   -3.2926375057e+02    9.0256404521e+01   -1.6260557571e+03    3.0932777094e+01    7.0493230177e+02    5.6092692771e+02    7.0498730075e+02    4.0774329263e+04    4.3031416460e+00    9.9951452077e-01
        86   -2.3898596421e+02    5.7115637480e+04   -3.2917196048e+02    9.0185996269e+01   -1.6262192901e+03    3.1164938589e+01    7.0495546334e+02    5.6092692771e+02    7.0500772821e+02    4.0698555324e+04    4.2862333920e+00    9.9952253425e-01
        87   -2.3897683667e+02    5.7111313435e+04   -3.2922443615e+02    9.0247599479e+01   -1.6264737241e+03    3.1031146796e+01    7.0529121347e+02    5.6092692771e+02    7.0534423577e+02    4.0780435827e+04    4.3012070590e+00    9.9952011224e-01
        88   -2.3899051682e+02    5.7117862315e+04   -3.2909127118e+02    9.0100754363e+01   -1.6264540552e+03    3.1079883855e+01    7.0535597247e+02    5.6092692771e+02    7.0540766756e+02    4.1046756759e+04    4.2941449290e+00    9.9951008256e-01
        89   -2.3896888928e+02    5.7107464380e+04   -3.2908968534e+02    9.0120796061e+01   -1.6262650763e+03    3.0990805190e+01    7.0525765803e+02    5.6092692771e+02    7.0530617205e+02    4.1058423533e+04    4.3249069180e+00    9.9949904490e-01
        90   -2.3899768089e+02    5.7121203156e+04   -3.2911058191e+02    9.0112901023e+01   -1.6263688475e+03    3.1156177287e+01    7.0517516056e+02    5.6092692771e+02    7.0522505440e+02    4.0910083937e+04    4.2834156260e+00    9.9951289927e-01
        91   -2.3899645293e+02    5.7120644088e+04   -3.2951223035e+02    9.0515777416e+01   -1.6264383390e+03    3.0902155817e+01    7.0509702514e+02    5.6092692771e+02    7.0514514859e+02    4.1251335778e+04    4.3151323440e+00    9.9951829587e-01
        92   -2.3900319015e+02    5.7123813020e+04   -3.2951029734e+02    9.0507107191e+01   -1.6267160722e+03    3.1025916420e+01    7.0525293073e+02    5.6092692771e+02    7.0530369822e+02    4.1418783335e+04    4.3120109300e+00    9.9951192229e-01
        93   -2.3903478193e+02    5.7138940092e+04   -3.2932845311e+02    9.0293671175e+01   -1.6269058458e+03    3.1262530898e+01    7.0538793405e+02    5.6092692771e+02    7.0543771505e+02    4.1041017802e+04    4.3023387400e+00    9.9950394650e-01
        94   -2.3904725347e+02    5.7144891592e+04   -3.2954278456e+02    9.0495531097e+01   -1.6269401281e+03    3.1097004672e+01    7.0537341118e+02    5.6092692771e+02    7.0542133794e+02    4.1133001407e+04    4.3123189920e+00    9.9950921986e-01
        95   -2.3901012167e+02    5.7127198945e+04   -3.2946543973e+02    9.0455318058e+01   -1.6268865928e+03    3.1170509135e+01    7.0532371619e+02    5.6092692771e+02    7.0537535467e+02    4.1328746220e+04    4.2951069390e+00    9.9950626544e-01
        96   -2.3900884454e+02    5.7126587881e+04   -3.2909806126e+02    9.0089216720e+01   -1.6269305302e+03    3.1566500329e+01    7.0533904089e+02    5.6092692771e+02    7.0539023603e+02    4.1328095058e+04    4.3578454540e+00    9.9951056697e-01
        97   -2.3899945067e+02    5.7122083930e+04   -3.2909623957e+02    9.0096788901e+01   -1.6267276829e+03    3.1284816935e+01    7.0541969868e+02    5.6092692771e+02    7.0547035451e+02    4.1414512156e+04    4.3198057560e+00    9.9951108214e-01
        98   -2.3900245862e+02    5.7123544294e+04   -3.2929970678e+02    9.0297248159e+01   -1.6264476272e+03    3.0871716992e+01    7.0534927576e+02    5.6092692771e+02    7.0540114669e+02    4.1412484360e+04    4.3833151730e+00    9.9950983943e-01
        99   -2.3902676572e+02    5.7135152444e+04   -3.2922173649e+02    9.0194970777e+01   -1.6265105651e+03    3.1022325516e+01    7.0533957535e+02    5.6092692771e+02    7.0538944954e+02    4.1382208945e+04    4.4483806290e+00    9.9950794802e-01
       100   -2.3901448855e+02    5.7129272177e+04   -3.2908706857e+02    9.0072580020e+01   -1.6265174706e+03    3.1247082913e+01    7.0525639137e+02    5.6092692771e+02    7.0530495390e+02    4.1446892520e+04    4.4176645220e+00    9.9952187935e-01
       101   -2.3900443653e+02    5.7124461843e+04   -3.2898768564e+02    8.9983249109e+01   -1.6263425292e+03    3.1311637846e+01    7.0511627796e+02    5.6092692771e+02    7.0516468370e+02    4.1199413981e+04    4.4167381410e+00    9.9951093420e-01
       102   -2.3900002461e+02    5.7122310164e+04   -3.2910442418e+02    9.0104399573e+01   -1.6263374596e+03    3.1240947470e+01    7.0506516020e+02    5.6092692771e+02    7.0511529312e+02    4.0923204869e+04    4.3244070270e+00    9.9952337124e-01
       103   -2.3899589819e+02    5.7120405127e+04   -3.2920366740e+02    9.0207769209e+01   -1.6265630696e+03    3.1153223344e+01    7.0527925113e+02    5.6092692771e+02    7.0533027862e+02    4.0581048695e+04    4.2785254300e+00    9.9952002716e-01
       104   -2.3902276912e+02    5.7133249619e+04   -3.2932796645e+02    9.0305197336e+01   -1.6268286190e+03    3.1135864410e+01    7.0543786044e+02    5.6092692771e+02    7.0548933822e+02    4.0304856485e+04    4.2490369990e+00    9.9952258452e-01
       105   -2.3899910753e+02    5.7121912700e+04   -3.2961116489e+02    9.0612057362e+01   -1.6269074696e+03    3.1021194831e+01    7.0534818214e+02    5.6092692771e+02    7.0539786250e+02    4.0223471474e+04    4.2516300980e+00    9.9951255425e-01
       106   -2.3898104439e+02    5.7113319232e+04   -3.2963749964e+02    9.0656455250e+01   -1.6271624103e+03    3.1105117072e+01    7.0549286583e+02    5.6092692771e+02    7.0554166275e+02    4.0130307179e+04    4.2645376660e+00    9.9950633896e-01
       107   -2.3900382174e+02    5.7124129094e+04   -3.2960668039e+02    9.0602858652e+01   -1.6272707169e+03    3.1258204896e+01    7.0547890395e+02    5.6092692771e+02    7.0552783762e+02    4.0235401918e+04    4.2539618480e+00    9.9950578312e-01
       108   -2.3899989522e+02    5.7122259139e+04   -3.2951684177e+02    9.0516946554e+01   -1.6271366186e+03    3.1144526058e+01    7.0554832307e+02    5.6092692771e+02    7.0559969880e+02    4.0327181245e+04    4.2932050730e+00    9.9952014879e-01
       109   -2.3900602149e+02    5.7125203765e+04   -3.2926760630e+02    9.0261584808e+01   -1.6270822343e+03    3.1285707845e+01    7.0560199249e+02    5.6092692771e+02    7.0565642299e+02    4.0335352354e+04    4.4324322750e+00    9.9951417127e-01
       110   -2.3898638950e+02    5.7115847843e+04   -3.2923184677e+02    9.0245457268e+01   -1.6269769836e+03    3.1246435032e+01    7.0557177409e+02    5.6092692771e+02    7.0562642609e+02    4.0545622327e+04    4.3933434680e+00    9.9952551634e-01
       111   -2.3901020150e+02    5.7127275827e+04   -3.2916705397e+02    9.0156852473e+01   -1.6268422713e+03    3.1189755657e+01    7.0555853391e+02    5.6092692771e+02    7.0561265770e+02    4.0341942647e+04    4.3899745800e+00    9.9952663879e-01
       112   -2.3899521472e+02    5.7120146948e+04   -3.2873658784e+02    8.9741373126e+01   -1.6268571587e+03    3.1712082120e+01    7.0548156102e+02    5.6092692771e+02    7.0553482424e+02    4.0350179310e+04    4.4013048090e+00    9.9952112265e-01
       113   -2.3901925410e+02    5.7131595357e+04   -3.2915069662e+02    9.0131442516e+01   -1.6269977649e+03    3.1366874363e+01    7.0555326621e+02    5.6092692771e+02    7.0560679953e+02    4.0743292382e+04    4.3369813240e+00    9.9949584210e-01
       114   -2.3902654032e+02    5.7135092281e+04   -3.2920370090e+02    9.0177160576e+01   -1.6269065491e+03    3.1238049107e+01    7.0553787143e+02    5.6092692771e+02    7.0559285640e+02    4.0899725564e+04    4.3036556150e+00    9.9950156906e-01
       115   -2.3900952870e+02    5.7126906234e+04   -3.2940744973e+02    9.0397921031e+01   -1.6268625147e+03    3.1017575814e+01    7.0551056148e+02    5.6092692771e+02    7.0556644956e+02    4.0671489744e+04    4.2993258480e+00    9.9951027400e-01
       116   -2.3902877702e+02    5.7136175921e+04   -3.2952421806e+02    9.0495441035e+01   -1.6270660881e+03    3.1156742085e+01    7.0545820025e+02    5.6092692771e+02    7.0551362735e+02    4.1044416465e+04    4.2971684710e+00    9.9951443037e-01
       117   -2.3903075255e+02    5.7137088741e+04   -3.2948092041e+02    9.0450167865e+01   -1.6272467337e+03    3.1371227528e+01    7.0546765806e+02    5.6092692771e+02    7.0552379658e+02    4.1425991724e+04    4.3668027530e+00    9.9952026115e-01
       118   -2.3904253130e+02    5.7142728908e+04   -3.2956583305e+02    9.0523301752e+01   -1.6272189660e+03    3.1226561173e+01    7.0549964410e+02    5.6092692771e+02    7.0555481516e+02    4.1557286455e+04    4.4345200920e+00    9.9951053140e-01
       119   -2.3903797511e+02    5.7140511673e+04   -3.2945800990e+02    9.0420034795e+01   -1.6270932845e+03    3.1333123684e+01    7.0537522318e+02    5.6092692771e+02    7.0542818065e+02    4.1472330442e+04    4.4392676340e+00    9.9952640858e-01
       120   -2.3904440144e+02    5.7143600281e+04   -3.2932859334e+02    9.0284191909e+01   -1.6269588472e+03    3.1396956052e+01    7.0530637005e+02    5.6092692771e+02    7.0536002109e+02    4.1516897728e+04    4.3818854690e+00    9.9950469476e-01
       121   -2.3903633511e+02    5.7139768091e+04   -3.2936605895e+02    9.0329723843e+01   -1.6269311897e+03    3.1307428411e+01    7.0533077464e+02    5.6092692771e+02    7.0538409979e+02    4.2263082574e+04    4.4031111360e+00    9.9952138330e-01
       122   -2.3902279893e+02    5.7133263273e+04   -3.2933557030e+02    9.0312771369e+01   -1.6267317287e+03    3.1282180032e+01    7.0518705067e+02    5.6092692771e+02    7.0524237102e+02    4.2544034725e+04    4.3441291000e+00    9.9950723480e-01
       123   -2.3901316681e+02    5.7128608464e+04   -3.2947201326e+02    9.0458846451e+01   -1.6266685414e+03    3.1174702824e+01    7.0509489758e+02    5.6092692771e+02    7.0515227744e+02    4.2563184653e+04    4.3961029580e+00    9.9951491661e-01
       124   -2.3901456685e+02    5.7129326556e+04   -3.2936981534e+02    9.0355248489e+01   -1.6265373945e+03    3.1336649131e+01    7.0490400232e+02    5.6092692771e+02    7.0496443077e+02    4.2808937078e+04    4.4010041560e+00    9.9951628766e-01
       125   -2.3901939546e+02    5.7131659313e+04   -3.2939922386e+02    9.0379828399e+01   -1.6263241124e+03    3.1128678209e+01    7.0486928258e+02    5.6092692771e+02    7.0492976568e+02    4.3043836953e+04    4.3349547200e+00    9.9952215409e-01
       126   -2.3902731065e+02    5.7135448483e+04   -3.2935414130e+02    9.0326830649e+01   -1.6263286826e+03    3.1116242603e+01    7.0493137097e+02    5.6092692771e+02    7.0499183324e+02    4.2959830343e+04    4.3376732490e+00    9.9951537909e-01
       127   -2.3900701732e+02    5.7125687702e+04   -3.2944495922e+02    9.0437941902e+01   -1.6263443048e+03    3.1005428289e+01    7.0496698961e+02    5.6092692771e+02    7.0502522624e+02    4.3305887794e+04    4.3452754830e+00    9.9951880409e-01
       128   -2.3901547380e+02    5.7129727491e+04   -3.2921258354e+02    9.0197109738e+01   -1.6263472127e+03    3.1313138047e+01    7.0489456342e+02    5.6092692771e+02    7.0495336843e+02    4.2904295681e+04    4.3141739730e+00    9.9950791912e-01
       129   -2.3900860981e+02    5.7126495460e+04   -3.2926507253e+02    9.0256462718e+01   -1.6259953692e+03    3.0979147657e+01    7.0482422132e+02    5.6092692771e+02    7.0488162474e+02    4.2916274603e+04    4.3599901940e+00    9.9952049263e-01
       130   -2.3901921820e+02    5.7131563669e+04   -3.2909642527e+02    9.0077207073e+01   -1.6260236722e+03    3.1237485213e+01    7.0476283400e+02    5.6092692771e+02    7.0482116645e+02    4.2808529818e+04    4.3047019160e+00    9.9951549784e-01
       131   -2.3902062738e+02    5.7132251539e+04   -3.2900807843e+02    8.9987451054e+01   -1.6259966378e+03    3.1431070037e+01    7.0463056164e+02    5.6092692771e+02    7.0468718613e+02    4.2349701107e+04    4.3250123980e+00    9.9951624666e-01
       132   -2.3900968221e+02    5.7127022329e+04   -3.2903538553e+02    9.0025703322e+01   -1.6257014560e+03    3.1303599358e+01    7.0443554342e+02    5.6092692771e+02    7.0448851929e+02    4.1811644543e+04    4.3203778740e+00    9.9950271560e-01
       133   -2.3904204127e+02    5.7142473876e+04   -3.2922392585e+02    9.0181884587e+01   -1.6258539396e+03    3.1268482123e+01    7.0443460394e+02    5.6092692771e+02    7.0449067141e+02    4.1770853621e+04    4.3574861180e+00    9.9951331695e-01
       134   -2.3900893715e+02    5.7126674992e+04   -3.2919137647e+02    9.0182439313e+01   -1.6258627119e+03    3.1249899471e+01    7.0449450823e+02    5.6092692771e+02    7.0455108904e+02    4.1823842464e+04    4.2989844440e+00    9.9951560890e-01
       135   -2.3900948932e+02    5.7126947671e+04   -3.2925756270e+02    9.0248073384e+01   -1.6258477395e+03    3.1009201609e+01    7.0465404752e+02    5.6092692771e+02    7.0471062506e+02    4.1848489228e+04    4.3069790340e+00    9.9952266796e-01
       136   -2.3900223619e+02    5.7123430161e+04   -3.2946721958e+02    9.0464983399e+01   -1.6260189419e+03    3.0907386654e+01    7.0471740797e+02    5.6092692771e+02    7.0477397295e+02    4.1657193606e+04    4.3075676680e+00    9.9952661365e-01
       137   -2.3898417461e+02    5.7114768084e+04   -3.2938187498e+02    9.0397700375e+01   -1.6258206536e+03    3.0844212320e+01    7.0466763857e+02    5.6092692771e+02    7.0472436304e+02    4.1364780082e+04    4.3051620530e+00    9.9951402989e-01
       138   -2.3899667342e+02    5.7120792805e+04   -3.2939853485e+02    9.0401861432e+01   -1.6260022726e+03    3.0974815033e+01    7.0470199499e+02    5.6092692771e+02    7.0475924485e+02    4.1369350031e+04    4.2966466830e+00    9.9952224424e-01
       139   -2.3900782012e+02    5.7126099580e+04   -3.2934160189e+02    9.0333781776e+01   -1.6261131161e+03    3.1052147135e+01    7.0479243939e+02    5.6092692771e+02    7.0485039496e+02    4.1464296686e+04    4.3398301430e+00    9.9952612921e-01
       140   -2.3899641060e+02    5.7120665634e+04   -3.2936444025e+02    9.0368029644e+01   -1.6261043096e+03    3.0874543064e+01    7.0493839854e+02    5.6092692771e+02    7.0499372664e+02    4.1452737915e+04    4.3027735830e+00    9.9952013015e-01
       141   -2.3900164103e+02    5.7123094436e+04   -3.2920348242e+02    9.0201841389e+01   -1.6262744448e+03    3.1073927042e+01    7.0507010761e+02    5.6092692771e+02    7.0512152529e+02    4.0797204773e+04    4.3143347830e+00    9.9952530353e-01
       142   -2.3899249221e+02    5.7118801425e+04   -3.2916391897e+02    9.0171426762e+01   -1.6264898922e+03    3.1259067259e+01    7.0513997826e+02    5.6092692771e+02    7.0519334651e+02    4.0827567472e+04    4.3039235590e+00    9.9952608376e-01
       143   -2.3897360367e+02    5.7109714673e+04   -3.2924018779e+02    9.0266584117e+01   -1.6264722576e+03    3.1272271204e+01    7.0503287087e+02    5.6092692771e+02    7.0508741556e+02    4.0564916276e+04    4.3061198600e+00    9.9951907540e-01
       144   -2.3899281284e+02    5.7118889973e+04   -3.2923786106e+02    9.0245048225e+01   -1.6262155755e+03    3.1189060839e+01    7.0486172587e+02    5.6092692771e+02    7.0491932833e+02    4.0493232902e+04    4.3042289450e+00    9.9950088628e-01
       145   -2.3898599676e+02    5.7115688276e+04   -3.2924143226e+02    9.0255435506e+01   -1.6258954375e+03    3.0922837645e+01    7.0480423984e+02    5.6092692771e+02    7.0486387610e+02    4.0540883807e+04    4.2877266790e+00    9.9951135557e-01
       146   -2.3897203271e+02    5.7108964654e+04   -3.2952834388e+02    9.0556311171e+01   -1.6258779009e+03    3.0526999931e+01    7.0489562934e+02    5.6092692771e+02    7.0495365636e+02    4.0369640017e+04    4.2657286610e+00    9.9950724614e-01
       147   -2.3899513069e+02    5.7120014780e+04   -3.2980440240e+02    9.0809271708e+01   -1.6265229341e+03    3.0514316779e+01    7.0527728721e+02    5.6092692771e+02    7.0533746594e+02    4.0507667924e+04    4.2636910260e+00    9.9952766532e-01
       148   -2.3901709457e+02    5.7130532259e+04   -3.2961007002e+02    9.0592975453e+01   -1.6270110398e+03    3.0925030744e+01    7.0554901128e+02    5.6092692771e+02    7.0560716743e+02    4.0560209402e+04    4.2549702440e+00    9.9952164908e-01
       149   -2.3899752854e+02    5.7121207534e+04   -3.2926401733e+02    9.0266488796e+01   -1.6270594179e+03    3.1360216323e+01    7.0550825656e+02    5.6092692771e+02    7.0556362498e+02    4.0631561196e+04    4.3191479630e+00    9.9952172344e-01
       150   -2.3898573668e+02    5.7115523750e+04   -3.2943132757e+02    9.0445590896e+01   -1.6269242516e+03    3.1026186779e+01    7.0553980954e+02    5.6092692771e+02    7.0559505383e+02    4.0748927643e+04    4.2875899490e+00    9.9950200127e-01
       151   -2.3897609798e+02    5.7110908225e+04   -3.2942631713e+02    9.0450219149e+01   -1.6267903715e+03    3.0987769722e+01    7.0544935696e+02    5.6092692771e+02    7.0550203872e+02    4.0679196257e+04    4.2641336410e+00    9.9948997149e-01
       152   -2.3893664321e+02    5.7092035855e+04   -3.2966381009e+02    9.0727166881e+01   -1.6268501386e+03    3.0804231411e+01    7.0545516944e+02    5.6092692771e+02    7.0550747797e+02    4.0410658752e+04    4.2539122770e+00    9.9951552785e-01
       153   -2.3897154651e+02    5.7108775723e+04   -3.2960874812e+02    9.0637201611e+01   -1.6271123522e+03    3.1146986944e+01    7.0542968947e+02    5.6092692771e+02    7.0548254795e+02    4.0072333392e+04    4.2842909620e+00    9.9951618493e-01
       154   -2.3896405706e+02    5.7105197366e+04   -3.2975749960e+02    9.0793442542e+01   -1.6272560494e+03    3.1123264385e+01    7.0544835767e+02    5.6092692771e+02    7.0550175072e+02    4.0093146902e+04    4.2950935850e+00    9.9950730589e-01
       155   -2.3897067757e+02    5.7108326554e+04   -3.2953256918e+02    9.0561891613e+01   -1.6273773577e+03    3.1406426579e+01    7.0551143419e+02    5.6092692771e+02    7.0556704455e+02    4.0206921472e+04    4.2611575190e+00    9.9951131559e-01
       156   -2.3895275411e+02    5.7099811946e+04   -3.2953482964e+02    9.0582075530e+01   -1.6272510140e+03    3.1137370287e+01    7.0565188631e+02    5.6092692771e+02    7.0570726640e+02    3.9969539626e+04    4.2719665180e+00    9.9950705302e-01
       157   -2.3895576326e+02    5.7101256314e+04   -3.2945596209e+02    9.0500198834e+01   -1.6273732458e+03    3.1290317652e+01    7.0570003836e+02    5.6092692771e+02    7.0575630955e+02    3.9325225152e+04    4.2217512040e+00    9.9951150326e-01
       158   -2.3899563913e+02    5.7120329618e+04   -3.2973522556e+02    9.0739586432e+01   -1.6273987409e+03    3.0976164106e+01    7.0576042350e+02    5.6092692771e+02    7.0581541443e+02    3.9308116573e+04    4.2484210640e+00    9.9952561080e-01
       159   -2.3902846761e+02    5.7135991399e+04   -3.2966126531e+02    9.0632797694e+01   -1.6276740779e+03    3.1247007603e+01    7.0583887726e+02    5.6092692771e+02    7.0589261987e+02    3.9542185938e+04    4.3245957820e+00    9.9951499564e-01
       160   -2.3902247368e+02    5.7133099144e+04   -3.2984873931e+02    9.0826265639e+01   -1.6275478241e+03    3.0869294232e+01    7.0590286280e+02    5.6092692771e+02    7.0595586453e+02    3.9823248132e+04    4.4152133860e+00    9.9952864152e-01
       161   -2.3901426544e+02    5.7129192138e+04   -3.2960936856e+02    9.0595103120e+01   -1.6274124037e+03    3.1205838762e+01    7.0567026863e+02    5.6092692771e+02    7.0572266236e+02    4.0186089331e+04    4.4051870330e+00    9.9952076766e-01
       162   -2.3903970885e+02    5.7141353204e+04   -3.2984271393e+02    9.0803005084e+01   -1.6271124839e+03    3.0844679719e+01    7.0549816251e+02    5.6092692771e+02    7.0554933893e+02    4.0744364031e+04    4.4214655770e+00    9.9951489810e-01
       163   -2.3905448606e+02    5.7148406048e+04   -3.2959103553e+02    9.0536549474e+01   -1.6270246950e+03    3.1016514746e+01    7.0549021697e+02    5.6092692771e+02    7.0554250808e+02    4.1189012889e+04    4.4383868450e+00    9.9950987534e-01
       164   -2.3905420404e+02    5.7148236514e+04   -3.2957587337e+02    9.0521669329e+01   -1.6272822096e+03    3.1114100061e+01    7.0566530847e+02    5.6092692771e+02    7.0571887845e+02    4.0846529594e+04    4.3409151540e+00    9.9952982662e-01
       165   -2.3904042301e+02    5.7141633235e+04   -3.2954478356e+02    9.0504360546e+01   -1.6273962563e+03    3.1125759360e+01    7.0579878572e+02    5.6092692771e+02    7.0585246236e+02    4.0961281287e+04    4.3313296590e+00    9.9953063871e-01
       166   -2.3904964087e+02    5.7146056115e+04   -3.2970061958e+02    9.0650978713e+01   -1.6271384157e+03    3.0817394737e+01    7.0569347364e+02    5.6092692771e+02    7.0574766638e+02    4.1214575099e+04    4.3372026610e+00    9.9951680270e-01
       167   -2.3904134363e+02    5.7142111864e+04   -3.2974876674e+02    9.0707423106e+01   -1.6270888965e+03    3.0768973593e+01    7.0564422845e+02    5.6092692771e+02    7.0569686830e+02    4.1293760952e+04    4.3289937080e+00    9.9951640509e-01
       168   -2.3903428742e+02    5.7138801503e+04   -3.2922950400e+02    9.0195216582e+01   -1.6269663141e+03    3.1286195303e+01    7.0552368708e+02    5.6092692771e+02    7.0557748099e+02    4.1494941982e+04    4.3306073270e+00    9.9950392043e-01
       169   -2.3905734200e+02    5.7149826414e+04   -3.2934044243e+02    9.0283100437e+01   -1.6269008689e+03    3.1146127310e+01    7.0548737147e+02    5.6092692771e+02    7.0554516901e+02    4.1428986494e+04    4.3786902850e+00    9.9951138580e-01
       170   -2.3904979613e+02    5.7146249145e+04   -3.2937978265e+02    9.0329986517e+01   -1.6265488525e+03    3.0847953291e+01    7.0539418890e+02    5.6092692771e+02    7.0545571992e+02    4.1330254418e+04    4.3373331040e+00    9.9951479805e-01
       171   -2.3903940413e+02    5.7141226832e+04   -3.2935447184e+02    9.0315067708e+01   -1.6262976673e+03    3.0760322938e+01    7.0525594482e+02    5.6092692771e+02    7.0531867060e+02    4.1190342594e+04    4.3194975080e+00    9.9953043854e-01
       172   -2.3903320509e+02    5.7138183081e+04   -3.2934009518e+02    9.0306890089e+01   -1.6262061779e+03    3.0780985098e+01    7.0515816989e+02    5.6092692771e+02    7.0522187140e+02    4.1074531601e+04    4.3063940930e+00    9.9952885318e-01
       173   -2.3901562460e+02    5.7129814670e+04   -3.2904129270e+02    9.0025668102e+01   -1.6261152982e+03    3.1095721566e+01    7.0505135625e+02    5.6092692771e+02    7.0511258683e+02    4.0723883250e+04    4.3258367630e+00    9.9950339574e-01
       174   -2.3902042046e+02    5.7132107706e+04   -3.2892590186e+02    8.9905481397e+01   -1.6259372110e+03    3.1211656293e+01    7.0487272511e+02    5.6092692771e+02    7.0493055827e+02    4.0608271624e+04    4.3220455400e+00    9.9951386837e-01
       175   -2.3903535901e+02    5.7139283042e+04   -3.2920574036e+02    9.0170381354e+01   -1.6258665668e+03    3.0806436186e+01    7.0492746250e+02    5.6092692771e+02    7.0498246663e+02    4.0631331612e+04    4.3261028800e+00    9.9952231303e-01
       176   -2.3900891133e+02    5.7126620821e+04   -3.2938207858e+02    9.0373167249e+01   -1.6257958684e+03    3.0455868010e+01    7.0503099407e+02    5.6092692771e+02    7.0508522141e+02    4.0876708645e+04    4.3354156820e+00    9.9951248220e-01
       177   -2.3899609462e+02    5.7120584166e+04   -3.2926769362e+02    9.0271598993e+01   -1.6259120504e+03    3.0846254222e+01    7.0487117482e+02    5.6092692771e+02    7.0492936133e+02    4.1082891516e+04    4.3289297170e+00    9.9953160579e-01
       178   -2.3900920690e+02    5.7126843076e+04   -3.2924631393e+02    9.0237107035e+01   -1.6260897344e+03    3.0923286512e+01    7.0499320624e+02    5.6092692771e+02    7.0505179082e+02    4.1131357175e+04    4.4478859720e+00    9.9952551136e-01
       179   -2.3898271808e+02    5.7114164736e+04   -3.2914548745e+02    9.0162769373e+01   -1.6259970388e+03    3.0865875656e+01    7.0505874798e+02    5.6092692771e+02    7.0511383021e+02    4.0991626600e+04    4.4025909660e+00    9.9952394891e-01
       180   -2.3901926860e+02    5.7131596825e+04   -3.2913813274e+02    9.0118864133e+01   -1.6257764998e+03    3.0749506355e+01    7.0496193304e+02    5.6092692771e+02    7.0501443169e+02    4.0829768619e+04    4.3418103020e+00    9.9952074199e-01
       181   -2.3900524111e+02    5.7124909630e+04   -3.2919725117e+02    9.0192010057e+01   -1.6257347558e+03    3.0670680650e+01    7.0493989628e+02    5.6092692771e+02    7.0499564412e+02    4.1060039678e+04    4.3323098430e+00    9.9951846710e-01
       182   -2.3902477018e+02    5.7134217116e+04   -3.2917804579e+02    9.0153275610e+01   -1.6260022980e+03    3.0856844062e+01    7.0504048043e+02    5.6092692771e+02    7.0509707641e+02    4.1340518724e+04    4.3610752210e+00    9.9952318365e-01
       183   -2.3902197664e+02    5.7132838562e+04   -3.2925024389e+02    9.0228267253e+01   -1.6260080754e+03    3.0915341610e+01    7.0491556219e+02    5.6092692771e+02    7.0497254755e+02    4.1279249933e+04    4.3222885840e+00    9.9951951806e-01
       184   -2.3903677914e+02    5.7139957387e+04   -3.2935739996e+02    9.0320620825e+01   -1.6260851314e+03    3.0889019223e+01    7.0491178454e+02    5.6092692771e+02    7.0496955844e+02    4.1580889069e+04    4.3232820990e+00    9.9951403253e-01
       185   -2.3904130805e+02    5.7142123736e+04   -3.2943487829e+02    9.0393570235e+01   -1.6264413168e+03    3.1027622726e+01    7.0505188808e+02    5.6092692771e+02    7.0511003901e+02    4.1582599222e+04    4.3433516400e+00    9.9953715952e-01
       186   -2.3904423657e+02    5.7143554476e+04   -3.2940207639e+02    9.0357839820e+01   -1.6263819940e+03    3.1206920603e+01    7.0484606934e+02    5.6092692771e+02    7.0490429376e+02    4.1412947778e+04    4.3403696090e+00    9.9950519492e-01
       187   -2.3902324448e+02    5.7133461219e+04   -3.2938922743e+02    9.0365982954e+01   -1.6261552577e+03    3.1073770543e+01    7.0476533204e+02    5.6092692771e+02    7.0482582168e+02    4.1283587424e+04    4.3249084430e+00    9.9952508223e-01
       188   -2.3903990486e+02    5.7141448803e+04   -3.2919852418e+02    9.0158619318e+01   -1.6259826181e+03    3.1255134250e+01    7.0460203199e+02    5.6092692771e+02    7.0466213242e+02    4.1421792217e+04    4.3317685110e+00    9.9950746052e-01
       189   -2.3905601511e+02    5.7149175723e+04   -3.2927781041e+02    9.0221795302e+01   -1.6260301028e+03    3.1179846472e+01    7.0464551820e+02    5.6092692771e+02    7.0470573641e+02    4.1821606023e+04    4.3591129570e+00    9.9950523989e-01
       190   -2.3902026772e+02    5.7132079588e+04   -3.2935292579e+02    9.0332658071e+01   -1.6263735751e+03    3.1219972529e+01    7.0487374912e+02    5.6092692771e+02    7.0493533794e+02    4.2126553937e+04    4.3195127650e+00    9.9952646570e-01
       191   -2.3900850552e+02    5.7126535459e+04   -3.2910246072e+02    9.0093955197e+01   -1.6267906037e+03    3.1666246920e+01    7.0509496840e+02    5.6092692771e+02    7.0515261213e+02    4.1935425757e+04    4.3820741470e+00    9.9949783956e-01
       192   -2.3899891827e+02    5.7121849784e+04   -3.2929203220e+02    9.0293113930e+01   -1.6263742553e+03    3.1193126211e+01    7.0496216917e+02    5.6092692771e+02    7.0501622603e+02    4.1411415616e+04    4.4125979890e+00    9.9949912004e-01
       193   -2.3901523466e+02    5.7129621699e+04   -3.2929367761e+02    9.0278442951e+01   -1.6264727335e+03    3.1216409870e+01    7.0503571832e+02    5.6092692771e+02    7.0508564089e+02    4.1397947924e+04    4.3410300390e+00    9.9952467988e-01
       194   -2.3900977769e+02    5.7127026954e+04   -3.2908705387e+02    9.0077276173e+01   -1.6265903491e+03    3.1468367379e+01    7.0510800014e+02    5.6092692771e+02    7.0515884832e+02    4.1090510311e+04    4.3250294180e+00    9.9951814266e-01
       195   -2.3901839871e+02    5.7131162473e+04   -3.2928630133e+02    9.0267902624e+01   -1.6265252708e+03    3.1224647554e+01    7.0508739420e+02    5.6092692771e+02    7.0513814118e+02    4.0690567211e+04    4.3185733150e+00    9.9951965089e-01
       196   -2.3902014779e+02    5.7131929763e+04   -3.2938334921e+02    9.0363201419e+01   -1.6265631586e+03    3.1167741402e+01    7.0508514028e+02    5.6092692771e+02    7.0513826917e+02    4.0476528813e+04    4.3441538600e+00    9.9950651754e-01
       197   -2.3906484945e+02    5.7153289423e+04   -3.2914696954e+02    9.0082120085e+01   -1.6264775661e+03    3.1375362132e+01    7.0502830677e+02    5.6092692771e+02    7.0508453919e+02    4.0446529765e+04    4.3580563420e+00    9.9951414823e-01
       198   -2.3903596567e+02    5.7139595592e+04   -3.2927682373e+02    9.0240858064e+01   -1.6264007965e+03    3.1081161555e+01    7.0511588351e+02    5.6092692771e+02    7.0517414648e+02    4.0713507782e+04    4.3405593490e+00    9.9950882049e-01
       199   -2.3905819782e+02    5.7150207750e+04   -3.2917152114e+02    9.0113323324e+01   -1.6262926971e+03    3.1209978902e+01    7.0498426931e+02    5.6092692771e+02    7.0504052441e+02    4.1128307250e+04    4.3688954330e+00    9.9951171532e-01
