#   index    LocalEnergy         LocalEnergy_sq      LocalPotential      Kinetic             LocalECP            NonLocalECP         ElecElec            IonIon              MPC                 BlockWeight         BlockCPU            AcceptRatio         
         0   -2.3876615688e+02    5.7010551567e+04   -3.2952863164e+02    9.0762474761e+01   -1.6287109741e+03    3.1533959160e+01    7.0672145557e+02    5.6092692771e+02    7.0677854193e+02    4.0971672821e+04    4.4529780480e+00    9.9953196542e-01
         1   -2.3880575530e+02    5.7029544072e+04   -3.2947435327e+02    9.0668597968e+01   -1.6286139684e+03    3.1524089164e+01    7.0668859824e+02    5.6092692771e+02    7.0674479281e+02    4.0932113184e+04    4.4364433590e+00    9.9952871830e-01
         2   -2.3885895890e+02    5.7054989963e+04   -3.2938093997e+02    9.0521981070e+01   -1.6285507170e+03    3.1607808952e+01    7.0663504039e+02    5.6092692771e+02    7.0669197480e+02    4.0964082174e+04    4.4072448370e+00    9.9954038234e-01
         3   -2.3888251324e+02    5.7066175131e+04   -3.2972225593e+02    9.0839742689e+01   -1.6282379528e+03    3.1150128730e+01    7.0643864043e+02    5.6092692771e+02    7.0649543536e+02    4.0938110742e+04    4.4155371330e+00    9.9953507950e-01
         4   -2.3890027628e+02    5.7074682677e+04   -3.2928337192e+02    9.0383095642e+01   -1.6281891660e+03    3.1552661175e+01    7.0642620522e+02    5.6092692771e+02    7.0648364145e+02    4.0973067461e+04    4.4246876530e+00    9.9954227796e-01
         5   -2.3892977892e+02    5.7088739610e+04   -3.2930543954e+02    9.0375660619e+01   -1.6279768756e+03    3.1261540441e+01    7.0648296793e+02    5.6092692771e+02    7.0654198180e+02    4.0938315619e+04    4.4215666770e+00    9.9953305417e-01
         6   -2.3895862231e+02    5.7102547070e+04   -3.2941840642e+02    9.0459784112e+01   -1.6278519420e+03    3.1046514925e+01    7.0646009297e+02    5.6092692771e+02    7.0651564109e+02    4.0986988449e+04    4.4194563600e+00    9.9955189267e-01
         7   -2.3897968478e+02    5.7112637859e+04   -3.2957060076e+02    9.0590915979e+01   -1.6276213725e+03    3.0767729873e+01    7.0635611415e+02    5.6092692771e+02    7.0641186692e+02    4.0972909745e+04    4.4347512850e+00    9.9953734204e-01
         8   -2.3898105037e+02    5.7113268400e+04   -3.2957572987e+02    9.0594679506e+01   -1.6276350414e+03    3.0801031222e+01    7.0633135255e+02    5.6092692771e+02    7.0638583512e+02    4.0969121635e+04    4.4137738390e+00    9.9954329543e-01
         9   -2.3900838082e+02    5.7126366700e+04   -3.2959291852e+02    9.0584537699e+01   -1.6276492826e+03    3.0747116169e+01    7.0638232024e+02    5.6092692771e+02    7.0643930221e+02    4.0964123100e+04    4.4432409510e+00    9.9952441396e-01
        10   -2.3902280925e+02    5.7133192525e+04   -3.2931988318e+02    9.0297073931e+01   -1.6278151834e+03    3.1258446517e+01    7.0630992599e+02    5.6092692771e+02    7.0636493602e+02    4.0965221377e+04    4.4472331660e+00    9.9953177121e-01
        11   -2.3901973863e+02    5.7131759024e+04   -3.2928896109e+02    9.0269222459e+01   -1.6276969245e+03    3.1301246228e+01    7.0617978951e+02    5.6092692771e+02    7.0623710961e+02    4.0968845222e+04    4.4253475350e+00    9.9953149020e-01
        12   -2.3901118664e+02    5.7127686708e+04   -3.2943382062e+02    9.0422633980e+01   -1.6275679114e+03    3.1073936834e+01    7.0613322628e+02    5.6092692771e+02    7.0619184811e+02    4.0971231392e+04    4.4420068590e+00    9.9952003254e-01
        13   -2.3901358258e+02    5.7128857507e+04   -3.2926362831e+02    9.0250045735e+01   -1.6277817681e+03    3.1184489742e+01    7.0640672236e+02    5.6092692771e+02    7.0646627229e+02    4.0985899078e+04    4.4310789900e+00    9.9953810936e-01
        14   -2.3902256167e+02    5.7133129100e+04   -3.2911879445e+02    9.0096232772e+01   -1.6275069336e+03    3.1130874988e+01    7.0633033649e+02    5.6092692771e+02    7.0639047830e+02    4.0955070613e+04    4.4423621070e+00    9.9953521689e-01
        15   -2.3902216045e+02    5.7132883269e+04   -3.2941501592e+02    9.0392855471e+01   -1.6271590768e+03    3.0636074853e+01    7.0618105833e+02    5.6092692771e+02    7.0624014869e+02    4.0968100703e+04    4.4462172760e+00    9.9954510448e-01
        16   -2.3903542644e+02    5.7139225408e+04   -3.2928549650e+02    9.0250070058e+01   -1.6270281552e+03    3.0828374317e+01    7.0598735663e+02    5.6092692771e+02    7.0604309175e+02    4.0948183710e+04    4.4288177590e+00    9.9952762851e-01
        17   -2.3902611887e+02    5.7134771951e+04   -3.2948975922e+02    9.0463640351e+01   -1.6269833215e+03    3.0660400977e+01    7.0590623360e+02    5.6092692771e+02    7.0595992690e+02    4.0955894020e+04    4.4443106280e+00    9.9954098316e-01
        18   -2.3900781639e+02    5.7126036862e+04   -3.2951815394e+02    9.0510337544e+01   -1.6273137843e+03    3.0862841859e+01    7.0600586081e+02    5.6092692771e+02    7.0605806633e+02    4.0966865065e+04    4.4527128990e+00    9.9953580560e-01
        19   -2.3900554660e+02    5.7124963704e+04   -3.2946737152e+02    9.0461824926e+01   -1.6275093528e+03    3.1172202486e+01    7.0594285108e+02    5.6092692771e+02    7.0599696875e+02    4.0978556016e+04    4.4784671520e+00    9.9954574406e-01
        20   -2.3899914821e+02    5.7121907346e+04   -3.2945261447e+02    9.0453466263e+01   -1.6272889547e+03    3.1011438692e+01    7.0589797385e+02    5.6092692771e+02    7.0595006663e+02    4.0940871293e+04    4.4238766800e+00    9.9952338288e-01
        21   -2.3899638695e+02    5.7120564203e+04   -3.2945688356e+02    9.0460496609e+01   -1.6274112921e+03    3.1103660425e+01    7.0592382040e+02    5.6092692771e+02    7.0597650276e+02    4.0947990903e+04    4.4462285160e+00    9.9955690723e-01
        22   -2.3899028489e+02    5.7117577334e+04   -3.2937528659e+02    9.0385001705e+01   -1.6274025611e+03    3.1122603741e+01    7.0597774308e+02    5.6092692771e+02    7.0603053317e+02    4.0956119215e+04    4.4408303330e+00    9.9955098674e-01
        23   -2.3899606898e+02    5.7120392318e+04   -3.2949176082e+02    9.0495691845e+01   -1.6274989942e+03    3.1180873077e+01    7.0589943254e+02    5.6092692771e+02    7.0595448631e+02    4.0964949446e+04    4.4454740290e+00    9.9954640501e-01
        24   -2.3899592710e+02    5.7120394471e+04   -3.2936158973e+02    9.0365662637e+01   -1.6275452576e+03    3.1368536845e+01    7.0588820334e+02    5.6092692771e+02    7.0594290889e+02    4.0975175846e+04    4.4347257730e+00    9.9954594864e-01
        25   -2.3897502450e+02    5.7110366828e+04   -3.2918968557e+02    9.0214661074e+01   -1.6272020212e+03    3.1351245548e+01    7.0573416233e+02    5.6092692771e+02    7.0578835475e+02    4.0952752709e+04    4.4371485960e+00    9.9953495630e-01
        26   -2.3896950116e+02    5.7107719810e+04   -3.2916019045e+02    9.0190689290e+01   -1.6271837837e+03    3.1299234519e+01    7.0579743104e+02    5.6092692771e+02    7.0585176806e+02    4.0971932303e+04    4.4692461950e+00    9.9953581729e-01
        27   -2.3898723174e+02    5.7116193977e+04   -3.2930216860e+02    9.0314936864e+01   -1.6272323294e+03    3.1182220329e+01    7.0582101273e+02    5.6092692771e+02    7.0587403407e+02    4.0952158486e+04    4.4805465790e+00    9.9954540520e-01
        28   -2.3898816828e+02    5.7116594932e+04   -3.2925389059e+02    9.0265722301e+01   -1.6270972272e+03    3.1194958472e+01    7.0572145043e+02    5.6092692771e+02    7.0577450341e+02    4.0963875313e+04    4.4696687280e+00    9.9952771473e-01
        29   -2.3899929035e+02    5.7121939484e+04   -3.2932330367e+02    9.0324013320e+01   -1.6272296832e+03    3.1397507235e+01    7.0558194459e+02    5.6092692771e+02    7.0563906281e+02    4.0959170174e+04    4.4752501950e+00    9.9954027011e-01
        30   -2.3900156526e+02    5.7123066864e+04   -3.2955782059e+02    9.0556255336e+01   -1.6271810464e+03    3.1030272946e+01    7.0566602512e+02    5.6092692771e+02    7.0572598192e+02    4.0936831957e+04    4.4527233290e+00    9.9953348431e-01
        31   -2.3900117389e+02    5.7122890623e+04   -3.2940366580e+02    9.0402491905e+01   -1.6269220738e+03    3.0919676380e+01    7.0567180394e+02    5.6092692771e+02    7.0572873308e+02    4.0954084853e+04    4.4404153990e+00    9.9953731971e-01
        32   -2.3899383159e+02    5.7119338856e+04   -3.2925886804e+02    9.0265036454e+01   -1.6267399410e+03    3.0796470926e+01    7.0575767436e+02    5.6092692771e+02    7.0581362052e+02    4.0933817084e+04    4.4325746370e+00    9.9953201221e-01
        33   -2.3900174331e+02    5.7123092502e+04   -3.2964173220e+02    9.0639988895e+01   -1.6268430252e+03    3.0487398279e+01    7.0578696702e+02    5.6092692771e+02    7.0584229536e+02    4.0967945360e+04    4.4487894290e+00    9.9954443767e-01
        34   -2.3903345222e+02    5.7138288323e+04   -3.2945835143e+02    9.0424899211e+01   -1.6269169510e+03    3.0890142064e+01    7.0564152977e+02    5.6092692771e+02    7.0569469585e+02    4.0944320310e+04    4.4348198330e+00    9.9954217227e-01
        35   -2.3904217269e+02    5.7142485606e+04   -3.2928670856e+02    9.0244535864e+01   -1.6268795766e+03    3.1063180675e+01    7.0560275968e+02    5.6092692771e+02    7.0565575074e+02    4.0952932484e+04    4.4685322710e+00    9.9954877222e-01
        36   -2.3902236288e+02    5.7133035875e+04   -3.2931912976e+02    9.0296766882e+01   -1.6269684540e+03    3.1110116987e+01    7.0561227950e+02    5.6092692771e+02    7.0566785645e+02    4.0980978358e+04    4.4471679270e+00    9.9953218086e-01
        37   -2.3903591944e+02    5.7139558573e+04   -3.2929792399e+02    9.0262004545e+01   -1.6271799470e+03    3.1251933970e+01    7.0570316135e+02    5.6092692771e+02    7.0575712641e+02    4.0957764632e+04    4.4418261840e+00    9.9953364586e-01
        38   -2.3904069975e+02    5.7141775154e+04   -3.2937378121e+02    9.0333081462e+01   -1.6271848474e+03    3.1158163543e+01    7.0572597497e+02    5.6092692771e+02    7.0577938263e+02    4.0970062507e+04    4.4254266510e+00    9.9953720648e-01
        39   -2.3904027697e+02    5.7141562403e+04   -3.2955022370e+02    9.0509946724e+01   -1.6272131706e+03    3.0992701543e+01    7.0574331769e+02    5.6092692771e+02    7.0579784420e+02    4.0963619596e+04    4.4593599770e+00    9.9953044959e-01
        40   -2.3902514196e+02    5.7134301621e+04   -3.2949940524e+02    9.0474263278e+01   -1.6267758203e+03    3.0716034603e+01    7.0563345270e+02    5.6092692771e+02    7.0568717875e+02    4.0986780201e+04    4.4358051890e+00    9.9955440125e-01
        41   -2.3903562407e+02    5.7139360882e+04   -3.2940449444e+02    9.0368870370e+01   -1.6267592299e+03    3.0759477867e+01    7.0566832984e+02    5.6092692771e+02    7.0572490747e+02    4.0952018267e+04    4.4292351010e+00    9.9953051261e-01
        42   -2.3900026241e+02    5.7122423995e+04   -3.2917853179e+02    9.0178269375e+01   -1.6266642398e+03    3.0918287412e+01    7.0564049287e+02    5.6092692771e+02    7.0569900641e+02    4.0942131411e+04    4.4181347180e+00    9.9954256830e-01
        43   -2.3902231328e+02    5.7132995605e+04   -3.2941186693e+02    9.0389553641e+01   -1.6268874028e+03    3.0699336488e+01    7.0584927164e+02    5.6092692771e+02    7.0590521847e+02    4.0959802850e+04    4.4366043270e+00    9.9952716945e-01
        44   -2.3901517522e+02    5.7129605388e+04   -3.2929741052e+02    9.0282235300e+01   -1.6272866063e+03    3.1213037690e+01    7.0584923041e+02    5.6092692771e+02    7.0590623393e+02    4.0957012435e+04    4.4411764050e+00    9.9953750058e-01
        45   -2.3904214485e+02    5.7142494933e+04   -3.2933065298e+02    9.0288508134e+01   -1.6271858772e+03    3.1113203063e+01    7.0581509349e+02    5.6092692771e+02    7.0587445383e+02    4.0952734831e+04    4.4659211210e+00    9.9954429521e-01
        46   -2.3902984861e+02    5.7136589028e+04   -3.2920153480e+02    9.0171686188e+01   -1.6271472648e+03    3.1279088705e+01    7.0573971355e+02    5.6092692771e+02    7.0580097442e+02    4.0971295753e+04    4.4314589030e+00    9.9954340871e-01
        47   -2.3902493511e+02    5.7134223582e+04   -3.2923124762e+02    9.0206312505e+01   -1.6271245446e+03    3.1166593499e+01    7.0579977573e+02    5.6092692771e+02    7.0585940131e+02    4.0948715711e+04    4.4462900960e+00    9.9954473782e-01
        48   -2.3902237885e+02    5.7132983030e+04   -3.2939975033e+02    9.0377371477e+01   -1.6273472541e+03    3.1133084336e+01    7.0588749168e+02    5.6092692771e+02    7.0594504471e+02    4.0943010578e+04    4.4365854450e+00    9.9954306659e-01
        49   -2.3902134093e+02    5.7132467604e+04   -3.2964680478e+02    9.0625463853e+01   -1.6274805107e+03    3.0882288560e+01    7.0602448960e+02    5.6092692771e+02    7.0607911326e+02    4.0963123757e+04    4.4639634080e+00    9.9954022427e-01
        50   -2.3900414335e+02    5.7124339809e+04   -3.2954268609e+02    9.0538542739e+01   -1.6276041379e+03    3.0942039009e+01    7.0619248508e+02    5.6092692771e+02    7.0624629959e+02    4.1126291446e+04    4.4322983010e+00    9.9954605251e-01
        51   -2.3901641597e+02    5.7130180417e+04   -3.2922192356e+02    9.0205507587e+01   -1.6275810198e+03    3.1205587746e+01    7.0622658079e+02    5.6092692771e+02    7.0628412971e+02    4.1249364685e+04    4.4474379660e+00    9.9952726127e-01
        52   -2.3900597260e+02    5.7125145291e+04   -3.2948887517e+02    9.0482902574e+01   -1.6273013780e+03    3.0755434705e+01    7.0613014044e+02    5.6092692771e+02    7.0618692325e+02    4.1382017211e+04    4.4658503430e+00    9.9953780892e-01
        53   -2.3899746522e+02    5.7121079582e+04   -3.2924957272e+02    9.0252107493e+01   -1.6272344475e+03    3.0940398973e+01    7.0611754810e+02    5.6092692771e+02    7.0617505890e+02    4.1343963876e+04    4.4470486780e+00    9.9953511120e-01
        54   -2.3900622978e+02    5.7125293621e+04   -3.2913433488e+02    9.0128105103e+01   -1.6271434562e+03    3.0949053944e+01    7.0613313968e+02    5.6092692771e+02    7.0619180113e+02    4.1062284347e+04    4.4316183930e+00    9.9954311397e-01
        55   -2.3900169363e+02    5.7123076856e+04   -3.2951800195e+02    9.0516308319e+01   -1.6271832717e+03    3.0665390901e+01    7.0607295113e+02    5.6092692771e+02    7.0613426132e+02    4.0833711790e+04    4.4287538530e+00    9.9955361273e-01
        56   -2.3899539509e+02    5.7120108195e+04   -3.2921408304e+02    9.0218687943e+01   -1.6271813854e+03    3.0935162320e+01    7.0610521237e+02    5.6092692771e+02    7.0616450879e+02    4.0869463876e+04    4.4423255950e+00    9.9955143419e-01
        57   -2.3898248793e+02    5.7113945075e+04   -3.2915456853e+02    9.0172080609e+01   -1.6274088839e+03    3.0928224198e+01    7.0639916342e+02    5.6092692771e+02    7.0645706510e+02    4.0677304153e+04    4.4529468270e+00    9.9952911614e-01
        58   -2.3897621387e+02    5.7110931597e+04   -3.2906101736e+02    9.0084803486e+01   -1.6276379150e+03    3.1238935334e+01    7.0641103460e+02    5.6092692771e+02    7.0647248102e+02    4.0692403355e+04    4.4894157980e+00    9.9953790162e-01
        59   -2.3895318833e+02    5.7099961504e+04   -3.2902269324e+02    9.0069504920e+01   -1.6276356307e+03    3.1164054061e+01    7.0652195564e+02    5.6092692771e+02    7.0658508275e+02    4.0661708025e+04    4.4933144400e+00    9.9953663861e-01
        60   -2.3896639836e+02    5.7106278966e+04   -3.2910676247e+02    9.0140364112e+01   -1.6274993983e+03    3.0856069363e+01    7.0660963879e+02    5.6092692771e+02    7.0667065567e+02    4.0840320497e+04    4.4749114180e+00    9.9955346092e-01
        61   -2.3892450325e+02    5.7086220057e+04   -3.2914139875e+02    9.0216895502e+01   -1.6278105340e+03    3.1046458516e+01    7.0669574899e+02    5.6092692771e+02    7.0675542766e+02    4.0960794363e+04    4.4113719470e+00    9.9953642689e-01
        62   -2.3896142594e+02    5.7103899484e+04   -3.2914152866e+02    9.0180102722e+01   -1.6279281846e+03    3.1287366558e+01    7.0657236162e+02    5.6092692771e+02    7.0663075565e+02    4.0909234664e+04    4.4298750470e+00    9.9954457317e-01
        63   -2.3896654718e+02    5.7106310210e+04   -3.2918260223e+02    9.0216055056e+01   -1.6278789252e+03    3.1269176037e+01    7.0650021923e+02    5.6092692771e+02    7.0655658147e+02    4.0893830074e+04    4.4202939270e+00    9.9953664083e-01
        64   -2.3897710623e+02    5.7111381232e+04   -3.2960403249e+02    9.0626926268e+01   -1.6280757675e+03    3.0997796257e+01    7.0654701107e+02    5.6092692771e+02    7.0660357201e+02    4.1212629807e+04    4.4290544150e+00    9.9955922197e-01
        65   -2.3896553962e+02    5.7105851881e+04   -3.2947838340e+02    9.0512843777e+01   -1.6279706236e+03    3.0883802042e+01    7.0668151042e+02    5.6092692771e+02    7.0673623476e+02    4.1199356996e+04    4.4440694220e+00    9.9954009319e-01
        66   -2.3898627815e+02    5.7115747471e+04   -3.2939382249e+02    9.0407544344e+01   -1.6277691389e+03    3.0881707908e+01    7.0656668078e+02    5.6092692771e+02    7.0661940833e+02    4.1258351514e+04    4.4613454210e+00    9.9954663090e-01
        67   -2.3901005959e+02    5.7127161719e+04   -3.2922816179e+02    9.0218102205e+01   -1.6274308736e+03    3.0776347092e+01    7.0649943702e+02    5.6092692771e+02    7.0655069684e+02    4.1537921665e+04    4.4646160910e+00    9.9953961184e-01
        68   -2.3898065047e+02    5.7113093370e+04   -3.2906894756e+02    9.0088297090e+01   -1.6274401825e+03    3.0873166116e+01    7.0657114107e+02    5.6092692771e+02    7.0662307841e+02    4.1683886685e+04    4.4550007470e+00    9.9955462803e-01
        69   -2.3897367524e+02    5.7109763217e+04   -3.2919485890e+02    9.0221183659e+01   -1.6274221401e+03    3.0797302012e+01    7.0650305146e+02    5.6092692771e+02    7.0655702965e+02    4.1624580113e+04    4.4769054870e+00    9.9953439026e-01
        70   -2.3897387336e+02    5.7109835580e+04   -3.2917479937e+02    9.0200926006e+01   -1.6276913735e+03    3.1012978479e+01    7.0657666795e+02    5.6092692771e+02    7.0663128394e+02    4.1577051888e+04    4.4553232920e+00    9.9954400676e-01
        71   -2.3896095549e+02    5.7103647522e+04   -3.2924411097e+02    9.0283155479e+01   -1.6280173231e+03    3.1136631983e+01    7.0670965247e+02    5.6092692771e+02    7.0676609963e+02    4.1566602138e+04    4.4459027300e+00    9.9954632436e-01
        72   -2.3898767861e+02    5.7116459431e+04   -3.2951810649e+02    9.0530427883e+01   -1.6277576394e+03    3.0779912735e+01    7.0653269243e+02    5.6092692771e+02    7.0659153715e+02    4.1576095089e+04    4.4587359030e+00    9.9954703609e-01
        73   -2.3898509475e+02    5.7115231595e+04   -3.2946302777e+02    9.0477933016e+01   -1.6278024191e+03    3.0987571867e+01    7.0642489177e+02    5.6092692771e+02    7.0648340319e+02    4.1506132891e+04    4.4742344370e+00    9.9954466609e-01
        74   -2.3900743903e+02    5.7125887891e+04   -3.2959557279e+02    9.0588133763e+01   -1.6275849891e+03    3.0759896787e+01    7.0630259183e+02    5.6092692771e+02    7.0635995022e+02    4.1747139283e+04    4.4736128780e+00    9.9953834566e-01
        75   -2.3901357933e+02    5.7128779200e+04   -3.2950013215e+02    9.0486552822e+01   -1.6277705998e+03    3.0963298891e+01    7.0638024107e+02    5.6092692771e+02    7.0643571525e+02    4.1341356121e+04    4.4397718460e+00    9.9953149317e-01
        76   -2.3900996851e+02    5.7127073792e+04   -3.2959311452e+02    9.0583146009e+01   -1.6280575731e+03    3.1016259829e+01    7.0652127101e+02    5.6092692771e+02    7.0657537090e+02    4.1329457989e+04    4.4317066940e+00    9.9953956885e-01
        77   -2.3901428032e+02    5.7129150018e+04   -3.2955747084e+02    9.0543190517e+01   -1.6284243451e+03    3.1123228058e+01    7.0681671850e+02    5.6092692771e+02    7.0687234896e+02    4.1421701787e+04    4.4463750470e+00    9.9953321422e-01
        78   -2.3901193385e+02    5.7128058802e+04   -3.2975051890e+02    9.0738585055e+01   -1.6283959782e+03    3.1007374845e+01    7.0671115679e+02    5.6092692771e+02    7.0676788228e+02    4.1432877328e+04    4.4402610130e+00    9.9954179741e-01
        79   -2.3902052875e+02    5.7132170802e+04   -3.2951723117e+02    9.0496702422e+01   -1.6281583539e+03    3.1152437077e+01    7.0656175795e+02    5.6092692771e+02    7.0661704554e+02    4.1825473223e+04    4.4926051290e+00    9.9953972694e-01
        80   -2.3901601023e+02    5.7129965549e+04   -3.2953648435e+02    9.0520474113e+01   -1.6279607026e+03    3.1043857658e+01    7.0645343290e+02    5.6092692771e+02    7.0650761051e+02    4.2080279842e+04    4.4599003480e+00    9.9955838086e-01
        81   -2.3899079316e+02    5.7117924898e+04   -3.2962916514e+02    9.0638371979e+01   -1.6282197541e+03    3.1134597084e+01    7.0652906412e+02    5.6092692771e+02    7.0658317172e+02    4.2181353229e+04    4.4800535710e+00    9.9954369830e-01
        82   -2.3899102547e+02    5.7117998810e+04   -3.2975359270e+02    9.0762567238e+01   -1.6283692508e+03    3.1078316781e+01    7.0661041364e+02    5.6092692771e+02    7.0666371370e+02    4.1980053408e+04    4.4606430730e+00    9.9952178688e-01
        83   -2.3903871652e+02    5.7140779852e+04   -3.2958806080e+02    9.0549344287e+01   -1.6280252234e+03    3.1038679544e+01    7.0647155534e+02    5.6092692771e+02    7.0652495169e+02    4.1765978556e+04    4.4694433670e+00    9.9955685930e-01
        84   -2.3903616997e+02    5.7139562920e+04   -3.2954953553e+02    9.0513365560e+01   -1.6278269820e+03    3.0978835866e+01    7.0637168288e+02    5.6092692771e+02    7.0642513007e+02    4.1682944228e+04    4.4240069890e+00    9.9954637916e-01
        85   -2.3901126540e+02    5.7127756375e+04   -3.2927953826e+02    9.0268272861e+01   -1.6278178667e+03    3.1211809822e+01    7.0639959095e+02    5.6092692771e+02    7.0645711460e+02    4.1818663605e+04    4.4490821560e+00    9.9952134994e-01
        86   -2.3900987155e+02    5.7127035903e+04   -3.2969246608e+02    9.0682594534e+01   -1.6280943027e+03    3.0853069267e+01    7.0662183965e+02    5.6092692771e+02    7.0668051149e+02    4.1740718563e+04    4.4452038420e+00    9.9952977222e-01
        87   -2.3900674933e+02    5.7125518053e+04   -3.2955260050e+02    9.0545851169e+01   -1.6283037555e+03    3.1097994902e+01    7.0672623237e+02    5.6092692771e+02    7.0678480923e+02    4.1967845559e+04    4.4582512340e+00    9.9954782517e-01
        88   -2.3898648115e+02    5.7115809687e+04   -3.2961987826e+02    9.0633397108e+01   -1.6280547304e+03    3.0789745840e+01    7.0671817859e+02    5.6092692771e+02    7.0677675572e+02    4.1873933974e+04    4.4387468660e+00    9.9953942481e-01
        89   -2.3896724130e+02    5.7106631950e+04   -3.2967933485e+02    9.0712093551e+01   -1.6277080297e+03    3.0425186557e+01    7.0667658058e+02    5.6092692771e+02    7.0673668811e+02    4.1880861283e+04    4.4785001720e+00    9.9953344526e-01
        90   -2.3899111745e+02    5.7118119959e+04   -3.2945932383e+02    9.0468206372e+01   -1.6279328299e+03    3.0803945223e+01    7.0674263310e+02    5.6092692771e+02    7.0680703396e+02    4.1371268888e+04    4.4243101750e+00    9.9955272501e-01
        91   -2.3901985828e+02    5.7131787626e+04   -3.2942236437e+02    9.0402506088e+01   -1.6281628335e+03    3.1013747523e+01    7.0679979387e+02    5.6092692771e+02    7.0686334460e+02    4.0964234709e+04    4.4222125170e+00    9.9953517203e-01
        92   -2.3900440598e+02    5.7124396351e+04   -3.2945757006e+02    9.0453164074e+01   -1.6279683496e+03    3.0842215859e+01    7.0674163597e+02    5.6092692771e+02    7.0680308158e+02    4.1154668558e+04    4.4355163810e+00    9.9954924307e-01
        93   -2.3901293547e+02    5.7128470905e+04   -3.2922983259e+02    9.0216897121e+01   -1.6280747250e+03    3.1254612489e+01    7.0666335220e+02    5.6092692771e+02    7.0672252368e+02    4.1226692098e+04    4.4269310260e+00    9.9953101753e-01
        94   -2.3900968787e+02    5.7126974258e+04   -3.2930783052e+02    9.0298142655e+01   -1.6278859252e+03    3.1130874863e+01    7.0652029211e+02    5.6092692771e+02    7.0657870365e+02    4.1373866207e+04    4.4321098180e+00    9.9952666393e-01
        95   -2.3899955630e+02    5.7122088212e+04   -3.2930606278e+02    9.0306506480e+01   -1.6277295744e+03    3.1043699527e+01    7.0645288438e+02    5.6092692771e+02    7.0651068156e+02    4.1352170573e+04    4.4201233170e+00    9.9953610782e-01
        96   -2.3901712451e+02    5.7130458926e+04   -3.2952160998e+02    9.0504485467e+01   -1.6274659747e+03    3.0660680461e+01    7.0635675659e+02    5.6092692771e+02    7.0641396071e+02    4.1339638415e+04    4.4138445990e+00    9.9954883035e-01
        97   -2.3904276138e+02    5.7142742064e+04   -3.2956339497e+02    9.0520633593e+01   -1.6277443478e+03    3.0788709261e+01    7.0646531586e+02    5.6092692771e+02    7.0652427923e+02    4.1251425101e+04    4.4195895940e+00    9.9954403037e-01
        98   -2.3903532947e+02    5.7139226581e+04   -3.2965418566e+02    9.0618856189e+01   -1.6282348730e+03    3.1130222931e+01    7.0652353669e+02    5.6092692771e+02    7.0658552212e+02    4.1343038148e+04    4.4454834440e+00    9.9954049775e-01
        99   -2.3902548612e+02    5.7134498993e+04   -3.2956155672e+02    9.0536070597e+01   -1.6284604852e+03    3.1319769922e+01    7.0665223085e+02    5.6092692771e+02    7.0671542880e+02    4.1258331055e+04    4.4729811930e+00    9.9954213194e-01
       100   -2.3898657133e+02    5.7115909428e+04   -3.2976141915e+02    9.0774847826e+01   -1.6283048618e+03    3.0967793829e+01    7.0664872109e+02    5.6092692771e+02    7.0671227227e+02    4.0925214156e+04    4.4374235230e+00    9.9953711622e-01
       101   -2.3899796472e+02    5.7121356640e+04   -3.2999668936e+02    9.0998724641e+01   -1.6280447347e+03    3.0644632234e+01    7.0647648541e+02    5.6092692771e+02    7.0653777471e+02    4.0811735456e+04    4.4138719810e+00    9.9954628246e-01
       102   -2.3901540826e+02    5.7129651216e+04   -3.2960525290e+02    9.0589844645e+01   -1.6278710616e+03    3.0872665219e+01    7.0646621581e+02    5.6092692771e+02    7.0652503734e+02    4.0679189123e+04    4.3950184850e+00    9.9953136866e-01
       103   -2.3900617327e+02    5.7125343454e+04   -3.2957428094e+02    9.0568107671e+01   -1.6279355040e+03    3.0837052188e+01    7.0659724314e+02    5.6092692771e+02    7.0665625831e+02    4.0657229551e+04    4.4008982990e+00    9.9953646764e-01
       104   -2.3898121348e+02    5.7113386325e+04   -3.2934115562e+02    9.0359942143e+01   -1.6279702684e+03    3.1079977170e+01    7.0662220789e+02    5.6092692771e+02    7.0667952240e+02    4.0366823854e+04    4.4089613550e+00    9.9954321875e-01
       105   -2.3898134313e+02    5.7113352950e+04   -3.2944248373e+02    9.0461140598e+01   -1.6282082345e+03    3.1163627529e+01    7.0667519554e+02    5.6092692771e+02    7.0673335561e+02    4.0447248864e+04    4.4140384460e+00    9.9954894075e-01
       106   -2.3900178135e+02    5.7123132762e+04   -3.2959848002e+02    9.0596698677e+01   -1.6285011924e+03    3.1219699803e+01    7.0675608489e+02    5.6092692771e+02    7.0681649776e+02    4.0685524151e+04    4.4311020380e+00    9.9954280658e-01
       107   -2.3900906017e+02    5.7126586774e+04   -3.2974523220e+02    9.0736172034e+01   -1.6286321079e+03    3.1116818753e+01    7.0684312922e+02    5.6092692771e+02    7.0690432071e+02    4.0627783904e+04    4.4258171460e+00    9.9953968098e-01
       108   -2.3902691488e+02    5.7135164315e+04   -3.2963722995e+02    9.0610315070e+01   -1.6284898269e+03    3.1156224521e+01    7.0676944475e+02    5.6092692771e+02    7.0683101723e+02    4.0595829952e+04    4.4189503300e+00    9.9955227599e-01
       109   -2.3902765237e+02    5.7135510360e+04   -3.2961738896e+02    9.0589736587e+01   -1.6282761422e+03    3.1071600953e+01    7.0666022462e+02    5.6092692771e+02    7.0672237555e+02    4.0541127154e+04    4.4556897670e+00    9.9954413002e-01
       110   -2.3900955531e+02    5.7126837324e+04   -3.2960958864e+02    9.0600033325e+01   -1.6280526487e+03    3.1163253191e+01    7.0635287914e+02    5.6092692771e+02    7.0641369955e+02    4.0730557881e+04    4.4192771910e+00    9.9954657434e-01
       111   -2.3900325712e+02    5.7123850804e+04   -3.2965877017e+02    9.0655513047e+01   -1.6276611944e+03    3.0966782073e+01    7.0610871446e+02    5.6092692771e+02    7.0616995024e+02    4.0689515193e+04    4.4178264600e+00    9.9955636936e-01
       112   -2.3898126298e+02    5.7113307431e+04   -3.2959264261e+02    9.0611379630e+01   -1.6273451066e+03    3.0950297277e+01    7.0587523903e+02    5.6092692771e+02    7.0594017728e+02    4.0571448996e+04    4.4403908120e+00    9.9954362096e-01
       113   -2.3900887346e+02    5.7126560939e+04   -3.2961072838e+02    9.0601854923e+01   -1.6273451111e+03    3.0957826286e+01    7.0584962869e+02    5.6092692771e+02    7.0591148145e+02    4.0650643695e+04    4.4094324450e+00    9.9954950892e-01
       114   -2.3900062641e+02    5.7122579974e+04   -3.2960499166e+02    9.0604365254e+01   -1.6273924571e+03    3.0824532948e+01    7.0603600481e+02    5.6092692771e+02    7.0609539198e+02    4.1011290970e+04    4.4226327730e+00    9.9952722711e-01
       115   -2.3900066572e+02    5.7122604018e+04   -3.2951671935e+02    9.0516053631e+01   -1.6273572902e+03    3.0619307973e+01    7.0629433521e+02    5.6092692771e+02    7.0635511287e+02    4.0967355441e+04    4.4430743700e+00    9.9954055161e-01
       116   -2.3901475961e+02    5.7129357589e+04   -3.2944720704e+02    9.0432447432e+01   -1.6274780074e+03    3.0770643515e+01    7.0633322910e+02    5.6092692771e+02    7.0639478377e+02    4.0993150793e+04    4.4460743340e+00    9.9954419777e-01
       117   -2.3900602906e+02    5.7125415647e+04   -3.2947374483e+02    9.0467715774e+01   -1.6276570833e+03    3.0906124610e+01    7.0635028616e+02    5.6092692771e+02    7.0641003790e+02    4.1255058553e+04    4.4559599100e+00    9.9953702582e-01
       118   -2.3899554688e+02    5.7120195951e+04   -3.2938859881e+02    9.0393051927e+01   -1.6275847744e+03    3.0907821000e+01    7.0636142689e+02    5.6092692771e+02    7.0641989901e+02    4.1082637492e+04    4.4430028670e+00    9.9954415885e-01
       119   -2.3901020416e+02    5.7127131671e+04   -3.2934487650e+02    9.0334672345e+01   -1.6277947084e+03    3.1146205843e+01    7.0637669836e+02    5.6092692771e+02    7.0643522293e+02    4.1360232321e+04    4.4892544740e+00    9.9954290243e-01
       120   -2.3902219845e+02    5.7132909987e+04   -3.2922939869e+02    9.0207200233e+01   -1.6280737695e+03    3.1537024153e+01    7.0638041899e+02    5.6092692771e+02    7.0643869803e+02    4.1466453998e+04    4.4495146170e+00    9.9952006560e-01
       121   -2.3898532429e+02    5.7115235764e+04   -3.2940341174e+02    9.0418087451e+01   -1.6280253643e+03    3.1257851847e+01    7.0643717299e+02    5.6092692771e+02    7.0649498826e+02    4.1314188131e+04    4.4333591320e+00    9.9953155799e-01
       122   -2.3896638095e+02    5.7106223463e+04   -3.2920906206e+02    9.0242681104e+01   -1.6280294180e+03    3.1422570100e+01    7.0647085810e+02    5.6092692771e+02    7.0652659172e+02    4.0958451364e+04    4.4110591050e+00    9.9952886611e-01
       123   -2.3897656100e+02    5.7111093144e+04   -3.2961880039e+02    9.0642239385e+01   -1.6279427402e+03    3.0912765968e+01    7.0648424611e+02    5.6092692771e+02    7.0653965354e+02    4.0815069561e+04    4.4317402040e+00    9.9954419374e-01
       124   -2.3901441801e+02    5.7129185257e+04   -3.2957449046e+02    9.0560072454e+01   -1.6278092611e+03    3.0949696268e+01    7.0635814662e+02    5.6092692771e+02    7.0641458607e+02    4.0815055122e+04    4.4397499130e+00    9.9953920375e-01
       125   -2.3899644415e+02    5.7120592878e+04   -3.2958423800e+02    9.0587793852e+01   -1.6274563727e+03    3.0672393574e+01    7.0627281341e+02    5.6092692771e+02    7.0633189547e+02    4.1032251227e+04    4.4580256870e+00    9.9954643552e-01
       126   -2.3900138114e+02    5.7122962244e+04   -3.2964329036e+02    9.0641909214e+01   -1.6272626276e+03    3.0499373604e+01    7.0619303597e+02    5.6092692771e+02    7.0625104561e+02    4.1217292104e+04    4.4431178250e+00    9.9954968433e-01
       127   -2.3899743138e+02    5.7121115995e+04   -3.2960531582e+02    9.0607884440e+01   -1.6276146833e+03    3.0784074058e+01    7.0629836567e+02    5.6092692771e+02    7.0635445188e+02    4.1038199282e+04    4.4313522370e+00    9.9954230529e-01
       128   -2.3900279541e+02    5.7123627364e+04   -3.2940045130e+02    9.0397655883e+01   -1.6278353931e+03    3.1289372825e+01    7.0621864122e+02    5.6092692771e+02    7.0627349589e+02    4.0415447937e+04    4.4253206580e+00    9.9953987814e-01
       129   -2.3898155912e+02    5.7113561712e+04   -3.2919455913e+02    9.0213000006e+01   -1.6277561508e+03    3.1612615233e+01    7.0602204877e+02    5.6092692771e+02    7.0607717672e+02    4.0099977315e+04    4.4535747270e+00    9.9954764735e-01
       130   -2.3899344357e+02    5.7119188416e+04   -3.2924092026e+02    9.0247476690e+01   -1.6276455495e+03    3.1422520071e+01    7.0605518141e+02    5.6092692771e+02    7.0611487225e+02    4.0020525354e+04    4.4153639530e+00    9.9954935819e-01
       131   -2.3902062660e+02    5.7132133534e+04   -3.2936279439e+02    9.0342167785e+01   -1.6273203188e+03    3.1031844321e+01    7.0599875243e+02    5.6092692771e+02    7.0605733610e+02    4.0242067099e+04    4.4200061860e+00    9.9954819859e-01
       132   -2.3900879914e+02    5.7126493676e+04   -3.2937217722e+02    9.0363378076e+01   -1.6271666130e+03    3.0984109933e+01    7.0588339815e+02    5.6092692771e+02    7.0594180018e+02    4.0087256451e+04    4.4140207070e+00    9.9953801885e-01
       133   -2.3903157311e+02    5.7137376956e+04   -3.2929856056e+02    9.0266987453e+01   -1.6271643206e+03    3.1073302042e+01    7.0586553024e+02    5.6092692771e+02    7.0592465089e+02    4.0389467076e+04    4.4443189420e+00    9.9953029553e-01
       134   -2.3901769568e+02    5.7130729118e+04   -3.2919977461e+02    9.0182078935e+01   -1.6269237478e+03    3.1136363214e+01    7.0566068225e+02    5.6092692771e+02    7.0571673538e+02    4.0613668619e+04    4.4514892170e+00    9.9953840513e-01
       135   -2.3901661252e+02    5.7130284726e+04   -3.2932761165e+02    9.0310999124e+01   -1.6262956424e+03    3.0746273212e+01    7.0529482985e+02    5.6092692771e+02    7.0535084793e+02    4.0593268211e+04    4.4225203460e+00    9.9954721155e-01
       136   -2.3900301384e+02    5.7123758286e+04   -3.2925615112e+02    9.0253137278e+01   -1.6263295064e+03    3.0895670319e+01    7.0525075724e+02    5.6092692771e+02    7.0530697148e+02    4.0458327315e+04    4.4296413140e+00    9.9953775800e-01
       137   -2.3901433561e+02    5.7129170467e+04   -3.2922622725e+02    9.0211891635e+01   -1.6263686794e+03    3.0971504119e+01    7.0524402031e+02    5.6092692771e+02    7.0529939627e+02    4.0264215097e+04    4.4158463790e+00    9.9954460397e-01
       138   -2.3901553611e+02    5.7129718784e+04   -3.2942417601e+02    9.0408639894e+01   -1.6265765780e+03    3.0824513042e+01    7.0540096128e+02    5.6092692771e+02    7.0545984240e+02    4.0042693272e+04    4.4050617690e+00    9.9955330752e-01
       139   -2.3899510549e+02    5.7119942844e+04   -3.2957118341e+02    9.0576077913e+01   -1.6267639027e+03    3.0820751399e+01    7.0544504018e+02    5.6092692771e+02    7.0550271105e+02    3.9876503441e+04    4.4020274270e+00    9.9954186731e-01
       140   -2.3899473419e+02    5.7119824370e+04   -3.2926697777e+02    9.0272243574e+01   -1.6269871179e+03    3.1220535148e+01    7.0557267723e+02    5.6092692771e+02    7.0562966796e+02    4.0069342723e+04    4.3981941740e+00    9.9954796807e-01
       141   -2.3900971405e+02    5.7126910349e+04   -3.2952379730e+02    9.0514083243e+01   -1.6270868567e+03    3.0946008590e+01    7.0569012306e+02    5.6092692771e+02    7.0574407914e+02    3.9843546500e+04    4.3654348460e+00    9.9954591603e-01
       142   -2.3901846187e+02    5.7131104096e+04   -3.2938461173e+02    9.0366149859e+01   -1.6270599831e+03    3.0985205732e+01    7.0576323793e+02    5.6092692771e+02    7.0581647001e+02    4.0145813665e+04    4.4377514870e+00    9.9954960940e-01
       143   -2.3899983614e+02    5.7122180940e+04   -3.2957421204e+02    9.0574375892e+01   -1.6269768232e+03    3.0819609238e+01    7.0565607422e+02    5.6092692771e+02    7.0570898729e+02    4.0078190873e+04    4.4239425150e+00    9.9952920431e-01
       144   -2.3902359123e+02    5.7133561656e+04   -3.2918502503e+02    9.0161433804e+01   -1.6270760547e+03    3.1338566273e+01    7.0562553564e+02    5.6092692771e+02    7.0567995822e+02    4.0264071101e+04    4.4338927230e+00    9.9954402932e-01
       145   -2.3899066678e+02    5.7117824840e+04   -3.2940326431e+02    9.0412597523e+01   -1.6270206181e+03    3.1191351991e+01    7.0549907407e+02    5.6092692771e+02    7.0555739729e+02    4.0022638604e+04    4.4122844080e+00    9.9953689822e-01
       146   -2.3901618078e+02    5.7130065629e+04   -3.2929890391e+02    9.0282723128e+01   -1.6271359781e+03    3.1191853362e+01    7.0571829313e+02    5.6092692771e+02    7.0577714976e+02    3.9497118451e+04    4.4184969120e+00    9.9954162129e-01
       147   -2.3902090605e+02    5.7132312284e+04   -3.2941574453e+02    9.0394838481e+01   -1.6275057877e+03    3.1368539138e+01    7.0579457634e+02    5.6092692771e+02    7.0585238089e+02    3.9980319005e+04    4.4164955920e+00    9.9954286302e-01
       148   -2.3899735923e+02    5.7121076557e+04   -3.2953017593e+02    9.0532816705e+01   -1.6275034696e+03    3.1209183392e+01    7.0583718260e+02    5.6092692771e+02    7.0589599091e+02    4.0281755299e+04    4.4615178840e+00    9.9954360006e-01
       149   -2.3900662545e+02    5.7125487859e+04   -3.2924096373e+02    9.0234338282e+01   -1.6276271856e+03    3.1539360572e+01    7.0591993357e+02    5.6092692771e+02    7.0598014140e+02    4.0342251670e+04    4.4874733500e+00    9.9954426761e-01
       150   -2.3902486333e+02    5.7134178231e+04   -3.2936823657e+02    9.0343373237e+01   -1.6276176778e+03    3.1406056691e+01    7.0591645683e+02    5.6092692771e+02    7.0597490298e+02    4.0317002445e+04    4.4476681600e+00    9.9954876358e-01
       151   -2.3902757048e+02    5.7135491701e+04   -3.2914174787e+02    9.0114177389e+01   -1.6278523103e+03    3.1781614221e+01    7.0600202048e+02    5.6092692771e+02    7.0605979469e+02    4.0402231260e+04    4.4269186560e+00    9.9953678489e-01
       152   -2.3898852121e+02    5.7116803446e+04   -3.2925774248e+02    9.0269221272e+01   -1.6275025184e+03    3.1261356432e+01    7.0605649175e+02    5.6092692771e+02    7.0611388139e+02    4.0483170333e+04    4.4406808350e+00    9.9954699778e-01
       153   -2.3896862824e+02    5.7107315244e+04   -3.2933828952e+02    9.0369661283e+01   -1.6274134442e+03    3.1078260831e+01    7.0606996617e+02    5.6092692771e+02    7.0612579708e+02    4.0630658421e+04    4.4225783480e+00    9.9952710241e-01
       154   -2.3899394177e+02    5.7119389281e+04   -3.2929497410e+02    9.0301032334e+01   -1.6274128852e+03    3.1211333905e+01    7.0597964944e+02    5.6092692771e+02    7.0603362123e+02    4.0000358801e+04    4.3860426380e+00    9.9954038220e-01
       155   -2.3898950381e+02    5.7117309922e+04   -3.2920619617e+02    9.0216692369e+01   -1.6272381944e+03    3.1231817305e+01    7.0587325320e+02    5.6092692771e+02    7.0592761798e+02    4.0201507370e+04    4.4398600760e+00    9.9953800442e-01
       156   -2.3900775644e+02    5.7126001309e+04   -3.2916157215e+02    9.0153815703e+01   -1.6269989861e+03    3.0954135434e+01    7.0595635083e+02    5.6092692771e+02    7.0600924720e+02    4.0311344729e+04    4.4348328770e+00    9.9953537158e-01
       157   -2.3899130563e+02    5.7118133209e+04   -3.2913407964e+02    9.0142774010e+01   -1.6271397740e+03    3.1072161307e+01    7.0600660534e+02    5.6092692771e+02    7.0605836298e+02    4.0215069560e+04    4.4251105220e+00    9.9953925900e-01
       158   -2.3897831136e+02    5.7111931034e+04   -3.2912705197e+02    9.0148740614e+01   -1.6272019200e+03    3.1142243760e+01    7.0600569652e+02    5.6092692771e+02    7.0606013791e+02    4.0220216534e+04    4.4377632970e+00    9.9952236118e-01
       159   -2.3897496474e+02    5.7110281431e+04   -3.2906697549e+02    9.0092010752e+01   -1.6273890585e+03    3.1236467188e+01    7.0615868816e+02    5.6092692771e+02    7.0621236459e+02    4.0061339177e+04    4.4226090570e+00    9.9954237598e-01
       160   -2.3902013366e+02    5.7131880745e+04   -3.2930694318e+02    9.0286809514e+01   -1.6272848552e+03    3.0859822492e+01    7.0619116180e+02    5.6092692771e+02    7.0624370285e+02    4.0227609567e+04    4.4286283600e+00    9.9954735068e-01
       161   -2.3899485159e+02    5.7119830670e+04   -3.2920784998e+02    9.0212998393e+01   -1.6274894693e+03    3.1102058652e+01    7.0625263298e+02    5.6092692771e+02    7.0630514174e+02    4.0390775901e+04    4.4085899620e+00    9.9954429286e-01
       162   -2.3900102139e+02    5.7122764726e+04   -3.2926934126e+02    9.0268319871e+01   -1.6272509763e+03    3.1030019435e+01    7.0602468792e+02    5.6092692771e+02    7.0607968435e+02    4.0403924873e+04    4.4234475330e+00    9.9953714017e-01
       163   -2.3898789949e+02    5.7116431666e+04   -3.2929551608e+02    9.0307616588e+01   -1.6269762138e+03    3.0749824343e+01    7.0600394569e+02    5.6092692771e+02    7.0606045834e+02    4.0028109470e+04    4.4038833000e+00    9.9953474686e-01
       164   -2.3899091832e+02    5.7117898666e+04   -3.2912743803e+02    9.0136519708e+01   -1.6271337506e+03    3.0966683971e+01    7.0611270085e+02    5.6092692771e+02    7.0616977145e+02    4.0141330102e+04    4.4154838960e+00    9.9952595287e-01
       165   -2.3897346482e+02    5.7109575361e+04   -3.2922315538e+02    9.0249690561e+01   -1.6275906070e+03    3.1002263615e+01    7.0643826026e+02    5.6092692771e+02    7.0649770232e+02    4.0004524735e+04    4.3903206350e+00    9.9953825216e-01
       166   -2.3896839894e+02    5.7107167790e+04   -3.2941538541e+02    9.0446986478e+01   -1.6278455600e+03    3.0902965398e+01    7.0660028145e+02    5.6092692771e+02    7.0665786317e+02    3.9941763351e+04    4.3912046530e+00    9.9953447552e-01
       167   -2.3894548205e+02    5.7096237049e+04   -3.2920439060e+02    9.0258908547e+01   -1.6277368097e+03    3.0991518215e+01    7.0661397321e+02    5.6092692771e+02    7.0667138893e+02    3.9935311810e+04    4.3825804820e+00    9.9952805388e-01
       168   -2.3894878262e+02    5.7097784949e+04   -3.2902479525e+02    9.0076012631e+01   -1.6281972463e+03    3.1513041380e+01    7.0673248197e+02    5.6092692771e+02    7.0679342072e+02    3.9806672409e+04    4.3703123580e+00    9.9954451450e-01
       169   -2.3895385309e+02    5.7100264460e+04   -3.2925907424e+02    9.0305221146e+01   -1.6283149399e+03    3.1276965808e+01    7.0685197215e+02    5.6092692771e+02    7.0691636999e+02    3.9786979432e+04    4.4151437790e+00    9.9954106280e-01
       170   -2.3897895757e+02    5.7112271829e+04   -3.2946223766e+02    9.0483280096e+01   -1.6281131142e+03    3.0876621090e+01    7.0684732775e+02    5.6092692771e+02    7.0691159848e+02    3.9909095478e+04    4.3933569460e+00    9.9954854499e-01
       171   -2.3900862926e+02    5.7126442467e+04   -3.2931619541e+02    9.0307566156e+01   -1.6280199732e+03    3.1091639750e+01    7.0668521037e+02    5.6092692771e+02    7.0674849478e+02    3.9965032379e+04    4.3915869100e+00    9.9954327043e-01
       172   -2.3901354741e+02    5.7128778533e+04   -3.2931027879e+02    9.0296731385e+01   -1.6280769876e+03    3.1247148791e+01    7.0659263227e+02    5.6092692771e+02    7.0665260944e+02    4.0315400439e+04    4.4207771270e+00    9.9954297496e-01
       173   -2.3899779979e+02    5.7121239459e+04   -3.2938400342e+02    9.0386203624e+01   -1.6280350027e+03    3.1165924912e+01    7.0655814663e+02    5.6092692771e+02    7.0661543758e+02    4.0379572105e+04    4.4356144250e+00    9.9952572009e-01
       174   -2.3904098054e+02    5.7141881238e+04   -3.2924287229e+02    9.0201891749e+01   -1.6278779590e+03    3.1325566312e+01    7.0638259274e+02    5.6092692771e+02    7.0644083327e+02    4.0608627948e+04    4.4048199330e+00    9.9953473351e-01
       175   -2.3902251479e+02    5.7133043556e+04   -3.2949135551e+02    9.0468840716e+01   -1.6279765289e+03    3.1055462694e+01    7.0650278303e+02    5.6092692771e+02    7.0656216138e+02    4.1008610257e+04    4.4369814240e+00    9.9954177912e-01
       176   -2.3901299343e+02    5.7128500366e+04   -3.2924254305e+02    9.0229549616e+01   -1.6281213296e+03    3.1416464672e+01    7.0653539413e+02    5.6092692771e+02    7.0659421320e+02    4.1212615807e+04    4.4290853330e+00    9.9952979113e-01
       177   -2.3901612454e+02    5.7130049394e+04   -3.2930515645e+02    9.0289031915e+01   -1.6281635856e+03    3.1305749354e+01    7.0662575204e+02    5.6092692771e+02    7.0668211010e+02    4.1351571852e+04    4.4498452570e+00    9.9953110305e-01
       178   -2.3900271803e+02    5.7123616354e+04   -3.2943023909e+02    9.0427521063e+01   -1.6280169990e+03    3.1100350039e+01    7.0655948214e+02    5.6092692771e+02    7.0661475084e+02    4.0960759645e+04    4.4565374000e+00    9.9954101562e-01
       179   -2.3898652275e+02    5.7115919269e+04   -3.2931012701e+02    9.0323604265e+01   -1.6277647280e+03    3.0958241337e+01    7.0656943192e+02    5.6092692771e+02    7.0662523452e+02    4.0502577091e+04    4.5099418550e+00    9.9954173491e-01
       180   -2.3899065263e+02    5.7117848725e+04   -3.2934947692e+02    9.0358824281e+01   -1.6273828286e+03    3.0603191679e+01    7.0650323233e+02    5.6092692771e+02    7.0656011825e+02    4.0530458447e+04    4.4585058370e+00    9.9954642652e-01
       181   -2.3898880132e+02    5.7116968632e+04   -3.2943676590e+02    9.0447964576e+01   -1.6274101810e+03    3.0554555784e+01    7.0649193156e+02    5.6092692771e+02    7.0655039268e+02    4.0387693945e+04    4.4720279020e+00    9.9955018529e-01
       182   -2.3900051062e+02    5.7122565035e+04   -3.2951570643e+02    9.0515195804e+01   -1.6278730823e+03    3.0722768048e+01    7.0670768015e+02    5.6092692771e+02    7.0676399658e+02    4.0433893259e+04    4.4752152030e+00    9.9953940733e-01
       183   -2.3897450142e+02    5.7110135858e+04   -3.2958878541e+02    9.0614283991e+01   -1.6279302258e+03    3.0747011511e+01    7.0666750120e+02    5.6092692771e+02    7.0672091413e+02    4.0702594284e+04    4.4355034010e+00    9.9954402026e-01
       184   -2.3897800004e+02    5.7111796252e+04   -3.2978304142e+02    9.0805041380e+01   -1.6281047076e+03    3.0602530314e+01    7.0679220820e+02    5.6092692771e+02    7.0684581168e+02    4.0667061223e+04    4.4237519610e+00    9.9954429965e-01
       185   -2.3899791693e+02    5.7121304039e+04   -3.2962741781e+02    9.0629500885e+01   -1.6283905083e+03    3.0947907911e+01    7.0688825483e+02    5.6092692771e+02    7.0694177334e+02    4.1044787690e+04    4.4180927070e+00    9.9955644888e-01
       186   -2.3900194184e+02    5.7123187075e+04   -3.2952572162e+02    9.0523779779e+01   -1.6284356663e+03    3.1167750705e+01    7.0681526624e+02    5.6092692771e+02    7.0686873172e+02    4.0738448002e+04    4.4100924140e+00    9.9952582010e-01
       187   -2.3897262056e+02    5.7109206572e+04   -3.2962960046e+02    9.0656979898e+01   -1.6283322218e+03    3.1209762454e+01    7.0656593119e+02    5.6092692771e+02    7.0661927360e+02    4.0578715496e+04    4.4219485690e+00    9.9954372218e-01
       188   -2.3898809919e+02    5.7116591967e+04   -3.2961864509e+02    9.0630545898e+01   -1.6282169992e+03    3.1137379751e+01    7.0653404664e+02    5.6092692771e+02    7.0658815159e+02    4.0043266108e+04    4.4047542340e+00    9.9954366219e-01
       189   -2.3899605863e+02    5.7120355138e+04   -3.2957189446e+02    9.0575835833e+01   -1.6281311266e+03    3.1007482097e+01    7.0662482229e+02    5.6092692771e+02    7.0667909418e+02    3.9971395345e+04    4.4174850510e+00    9.9953850816e-01
       190   -2.3900155218e+02    5.7123048856e+04   -3.2942704984e+02    9.0425497664e+01   -1.6282707987e+03    3.1358867414e+01    7.0655795372e+02    5.6092692771e+02    7.0660910774e+02    4.0088814535e+04    4.4022173520e+00    9.9953334109e-01
       191   -2.3899723415e+02    5.7120957098e+04   -3.2949087305e+02    9.0493638905e+01   -1.6282001296e+03    3.1246145232e+01    7.0653618365e+02    5.6092692771e+02    7.0658693072e+02    4.0288243951e+04    4.4347578780e+00    9.9952394743e-01
       192   -2.3898536613e+02    5.7115338229e+04   -3.2937480747e+02    9.0389441344e+01   -1.6279826132e+03    3.1148901638e+01    7.0653197641e+02    5.6092692771e+02    7.0658188814e+02    4.0372426239e+04    4.4403892960e+00    9.9953598203e-01
       193   -2.3897964635e+02    5.7112613880e+04   -3.2936333692e+02    9.0383690574e+01   -1.6275143092e+03    3.0932105999e+01    7.0629193853e+02    5.6092692771e+02    7.0633830991e+02    4.0547092050e+04    4.4370627510e+00    9.9953787051e-01
       194   -2.3898274825e+02    5.7114060738e+04   -3.2949650749e+02    9.0513759243e+01   -1.6275887591e+03    3.0948342139e+01    7.0621698176e+02    5.6092692771e+02    7.0626172846e+02    4.0587756200e+04    4.4332191700e+00    9.9953517784e-01
       195   -2.3899649952e+02    5.7120588332e+04   -3.2930377911e+02    9.0307279593e+01   -1.6273565745e+03    3.0893564692e+01    7.0623230300e+02    5.6092692771e+02    7.0627773076e+02    4.0786621301e+04    4.4432692730e+00    9.9954096449e-01
       196   -2.3901205507e+02    5.7128002631e+04   -3.2935808949e+02    9.0346034421e+01   -1.6274628431e+03    3.0842702093e+01    7.0633512382e+02    5.6092692771e+02    7.0638387047e+02    4.0713931680e+04    4.4555528730e+00    9.9953137367e-01
       197   -2.3902018991e+02    5.7131906219e+04   -3.2944727788e+02    9.0427087970e+01   -1.6274221164e+03    3.0661431335e+01    7.0638647946e+02    5.6092692771e+02    7.0643463224e+02    4.0617169499e+04    4.4623957330e+00    9.9955102476e-01
       198   -2.3901464731e+02    5.7129295951e+04   -3.2945295900e+02    9.0438311686e+01   -1.6273846492e+03    3.0777516260e+01    7.0622724620e+02    5.6092692771e+02    7.0627304373e+02    4.0319309158e+04    4.4334455740e+00    9.9953626759e-01
       199   -2.3902491212e+02    5.7134207945e+04   -3.2949332451e+02    9.0468412387e+01   -1.6277496935e+03    3.1075126588e+01    7.0625431468e+02    5.6092692771e+02    7.0630060698e+02    4.0229807603e+04    4.4602105840e+00    9.9953769313e-01
