#   index    LocalEnergy         LocalEnergy_sq      LocalPotential      Kinetic             LocalECP            NonLocalECP         ElecElec            IonIon              MPC                 BlockWeight         BlockCPU            AcceptRatio         
         0   -4.4894217999e+01    2.0165749666e+03   -8.2816021818e+01    3.7921803819e+01   -2.3855249362e+01    2.4556991985e+00   -1.0313793574e+01   -5.1102678081e+01   -9.9838483785e+00    2.0000000000e+02    5.6580935700e-01    7.2128125000e-01
         1   -4.5010422880e+01    2.0269087882e+03   -8.2474816330e+01    3.7464393450e+01   -2.3884554408e+01    3.0777755268e+00   -1.0565359367e+01   -5.1102678081e+01   -1.0253381822e+01    2.0000000000e+02    5.5892472900e-01    7.2095312500e-01
         2   -4.4895418881e+01    2.0172196903e+03   -8.2035104388e+01    3.7139685507e+01   -2.3113137815e+01    2.5159658087e+00   -1.0335254301e+01   -5.1102678081e+01   -1.0008590739e+01    2.0000000000e+02    5.5800758400e-01    7.1906250000e-01
         3   -4.5015717303e+01    2.0277014139e+03   -8.0840627335e+01    3.5824910032e+01   -2.1859082652e+01    2.7825245921e+00   -1.0661391194e+01   -5.1102678081e+01   -1.0384145714e+01    2.0000000000e+02    5.5291675600e-01    7.2351562500e-01
         4   -4.4944561314e+01    2.0216909611e+03   -8.2795194479e+01    3.7850633165e+01   -2.5012868896e+01    3.5976672823e+00   -1.0277314784e+01   -5.1102678081e+01   -9.9405697799e+00    2.0000000000e+02    5.5153118400e-01    7.2056250000e-01
         5   -4.4755645392e+01    2.0042517133e+03   -8.1530463302e+01    3.6774817910e+01   -2.3070122694e+01    3.0280124028e+00   -1.0385674929e+01   -5.1102678081e+01   -1.0094585288e+01    2.0000000000e+02    5.5373403400e-01    7.2098437500e-01
         6   -4.5016706647e+01    2.0276827636e+03   -8.1943217425e+01    3.6926510778e+01   -2.3144862201e+01    3.0138868422e+00   -1.0709563985e+01   -5.1102678081e+01   -1.0403396606e+01    2.0000000000e+02    5.5141264000e-01    7.2323437500e-01
         7   -4.5029904934e+01    2.0288808869e+03   -8.1176149491e+01    3.6146244557e+01   -2.2829730276e+01    3.4807170335e+00   -1.0724458168e+01   -5.1102678081e+01   -1.0421340503e+01    2.0000000000e+02    5.5231519100e-01    7.1875000000e-01
         8   -4.5019083629e+01    2.0275645417e+03   -8.1177684305e+01    3.6158600677e+01   -2.1722714666e+01    2.4649699795e+00   -1.0817261538e+01   -5.1102678081e+01   -1.0519834417e+01    2.0000000000e+02    5.4812193800e-01    7.2221875000e-01
         9   -4.4926151455e+01    2.0197031688e+03   -8.2000278043e+01    3.7074126589e+01   -2.3372619743e+01    2.9135578090e+00   -1.0438538028e+01   -5.1102678081e+01   -1.0148829127e+01    2.0000000000e+02    5.5026858100e-01    7.2606250000e-01
        10   -4.4936811402e+01    2.0210188401e+03   -8.2035241365e+01    3.7098429962e+01   -2.3780291969e+01    3.0177753495e+00   -1.0170046664e+01   -5.1102678081e+01   -9.8475201639e+00    2.0000000000e+02    5.5407853200e-01    7.2032812500e-01
        11   -4.4781092133e+01    2.0067441515e+03   -8.1385326034e+01    3.6604233901e+01   -2.3092159010e+01    3.4736775074e+00   -1.0664166450e+01   -5.1102678081e+01   -1.0299034681e+01    2.0000000000e+02    5.5929021700e-01    7.1939062500e-01
        12   -4.4815391419e+01    2.0101314298e+03   -8.2269155993e+01    3.7453764574e+01   -2.3143562200e+01    2.4161272835e+00   -1.0439042996e+01   -5.1102678081e+01   -1.0097840429e+01    2.0000000000e+02    5.5498939100e-01    7.1743750000e-01
        13   -4.4974349515e+01    2.0244259563e+03   -8.1537350659e+01    3.6563001144e+01   -2.3349394430e+01    3.5594751701e+00   -1.0644753318e+01   -5.1102678081e+01   -1.0338328256e+01    2.0000000000e+02    5.5753815100e-01    7.2234375000e-01
        14   -4.4924644505e+01    2.0195465499e+03   -8.1018733270e+01    3.6094088764e+01   -2.2837794978e+01    3.3143137826e+00   -1.0392573993e+01   -5.1102678081e+01   -1.0089655796e+01    2.0000000000e+02    5.5949077300e-01    7.1790625000e-01
        15   -4.5007174288e+01    2.0273677104e+03   -8.2686937311e+01    3.7679763023e+01   -2.2792103327e+01    1.8897314297e+00   -1.0681887332e+01   -5.1102678081e+01   -1.0382494082e+01    2.0000000000e+02    5.4877939400e-01    7.2256250000e-01
        16   -4.4899849125e+01    2.0172472217e+03   -8.2329021331e+01    3.7429172206e+01   -2.3651295192e+01    2.7598968677e+00   -1.0334944926e+01   -5.1102678081e+01   -1.0042144167e+01    2.0000000000e+02    5.5708378900e-01    7.1856250000e-01
        17   -4.4916840909e+01    2.0191655036e+03   -8.2988863080e+01    3.8072022171e+01   -2.4659766931e+01    2.8183037668e+00   -1.0044721834e+01   -5.1102678081e+01   -9.7657963901e+00    2.0000000000e+02    5.6521689500e-01    7.1868750000e-01
        18   -4.5009927217e+01    2.0274009422e+03   -8.1607635425e+01    3.6597708208e+01   -2.2411601426e+01    2.6603987379e+00   -1.0753754656e+01   -5.1102678081e+01   -1.0475420983e+01    2.0000000000e+02    5.5981711200e-01    7.2021875000e-01
        19   -4.4796134006e+01    2.0082291997e+03   -8.1626914867e+01    3.6830780860e+01   -2.3290178411e+01    3.0957290402e+00   -1.0329787414e+01   -5.1102678081e+01   -9.9456763532e+00    2.0000000000e+02    5.5978724500e-01    7.2025000000e-01
        20   -4.4913500574e+01    2.0185469450e+03   -8.1521341495e+01    3.6607840921e+01   -2.2787968483e+01    2.9167196797e+00   -1.0547414611e+01   -5.1102678081e+01   -1.0241628443e+01    2.0000000000e+02    5.6083378000e-01    7.2301562500e-01
        21   -4.4869725641e+01    2.0147480190e+03   -8.1827293425e+01    3.6957567785e+01   -2.3791468069e+01    3.2839905054e+00   -1.0217137780e+01   -5.1102678081e+01   -9.9679811654e+00    2.0000000000e+02    5.5708289700e-01    7.2196875000e-01
        22   -4.4906267285e+01    2.0178824619e+03   -8.3053887285e+01    3.8147620000e+01   -2.4212559998e+01    2.5578694990e+00   -1.0296518705e+01   -5.1102678081e+01   -1.0010731195e+01    2.0000000000e+02    5.6215026500e-01    7.1810937500e-01
        23   -4.4934552625e+01    2.0208390424e+03   -8.3133397808e+01    3.8198845183e+01   -2.3728285410e+01    2.2208419808e+00   -1.0523276298e+01   -5.1102678081e+01   -1.0183927387e+01    2.0000000000e+02    5.6109152800e-01    7.2237500000e-01
        24   -4.4870082497e+01    2.0146484820e+03   -8.2686363648e+01    3.7816281152e+01   -2.4529096496e+01    3.0206884473e+00   -1.0075277519e+01   -5.1102678081e+01   -9.7754174040e+00    2.0000000000e+02    5.6337290100e-01    7.1926562500e-01
        25   -4.4844122628e+01    2.0125815650e+03   -8.2329363765e+01    3.7485241137e+01   -2.3750206128e+01    2.7014182177e+00   -1.0177897773e+01   -5.1102678081e+01   -9.8691463417e+00    2.0000000000e+02    5.5952293500e-01    7.2375000000e-01
        26   -4.4869095784e+01    2.0148377186e+03   -8.1623819425e+01    3.6754723641e+01   -2.2688749920e+01    2.7890396236e+00   -1.0621431047e+01   -5.1102678081e+01   -1.0294938396e+01    2.0000000000e+02    5.6022061000e-01    7.1920312500e-01
        27   -4.4928784486e+01    2.0196125494e+03   -8.2232295731e+01    3.7303511245e+01   -2.2481026121e+01    2.0388611704e+00   -1.0687452699e+01   -5.1102678081e+01   -1.0391187010e+01    2.0000000000e+02    5.5722120800e-01    7.1978125000e-01
        28   -4.5092040521e+01    2.0348687482e+03   -8.2378200846e+01    3.7286160325e+01   -2.2657532746e+01    2.2317655908e+00   -1.0849755610e+01   -5.1102678081e+01   -1.0546788007e+01    2.0000000000e+02    5.5779124300e-01    7.2106250000e-01
        29   -4.4904782698e+01    2.0178197379e+03   -8.2502068005e+01    3.7597285307e+01   -2.3554125025e+01    2.5441884004e+00   -1.0389453299e+01   -5.1102678081e+01   -1.0069663749e+01    2.0000000000e+02    5.5520169700e-01    7.1585937500e-01
        30   -4.5064758832e+01    2.0317850223e+03   -8.1081628807e+01    3.6016869975e+01   -2.2243028866e+01    3.1705413841e+00   -1.0906463244e+01   -5.1102678081e+01   -1.0629365162e+01    2.0000000000e+02    5.5127889400e-01    7.2300000000e-01
        31   -4.4908363997e+01    2.0181413995e+03   -8.1142994562e+01    3.6234630565e+01   -2.2117894689e+01    2.7886349187e+00   -1.0711056711e+01   -5.1102678081e+01   -1.0396266359e+01    2.0000000000e+02    5.5240838300e-01    7.2064062500e-01
        32   -4.4893910302e+01    2.0170021119e+03   -8.1462274672e+01    3.6568364370e+01   -2.2957273776e+01    2.8043574526e+00   -1.0206680268e+01   -5.1102678081e+01   -9.8704873686e+00    2.0000000000e+02    5.5052105700e-01    7.1889062500e-01
        33   -4.4950153834e+01    2.0219724348e+03   -8.2133131313e+01    3.7182977479e+01   -2.3767753321e+01    3.4930173552e+00   -1.0755717266e+01   -5.1102678081e+01   -1.0465655164e+01    2.0000000000e+02    5.5231190100e-01    7.2235937500e-01
        34   -4.4913217094e+01    2.0184264963e+03   -8.1688650781e+01    3.6775433687e+01   -2.2634183940e+01    2.6426971729e+00   -1.0594485933e+01   -5.1102678081e+01   -1.0322296544e+01    2.0000000000e+02    5.5162617300e-01    7.2254687500e-01
        35   -4.4871564864e+01    2.0148288517e+03   -8.3127975658e+01    3.8256410794e+01   -2.4534302057e+01    2.6499651129e+00   -1.0140960633e+01   -5.1102678081e+01   -9.7976919690e+00    2.0000000000e+02    5.5450158000e-01    7.1860937500e-01
        36   -4.4984965062e+01    2.0250331491e+03   -8.1845817985e+01    3.6860852923e+01   -2.3371153842e+01    3.3953887438e+00   -1.0767374806e+01   -5.1102678081e+01   -1.0457027331e+01    2.0000000000e+02    5.5134458000e-01    7.1915625000e-01
        37   -4.4964170923e+01    2.0231840838e+03   -8.1256262945e+01    3.6292092021e+01   -2.2430250178e+01    2.9769812902e+00   -1.0700315976e+01   -5.1102678081e+01   -1.0410050855e+01    2.0000000000e+02    5.5106345000e-01    7.2143750000e-01
        38   -4.4901515852e+01    2.0176929014e+03   -8.2242123948e+01    3.7340608096e+01   -2.3619975216e+01    3.0916884882e+00   -1.0611159140e+01   -5.1102678081e+01   -1.0304349095e+01    2.0000000000e+02    5.5247031100e-01    7.2128125000e-01
        39   -4.4831877475e+01    2.0111397012e+03   -8.2046655133e+01    3.7214777657e+01   -2.3755056521e+01    3.3633636860e+00   -1.0552284217e+01   -5.1102678081e+01   -1.0225500762e+01    2.0000000000e+02    5.5219436300e-01    7.2229687500e-01
        40   -4.4820327476e+01    2.0108398672e+03   -8.2681727227e+01    3.7861399750e+01   -2.4596338573e+01    3.0637495844e+00   -1.0046460156e+01   -5.1102678081e+01   -9.6860619370e+00    2.0000000000e+02    5.5171007300e-01    7.2248437500e-01
        41   -4.4915206595e+01    2.0190234426e+03   -8.1872819773e+01    3.6957613179e+01   -2.3318646217e+01    3.2272666338e+00   -1.0678762109e+01   -5.1102678081e+01   -1.0380479087e+01    2.0000000000e+02    5.5153332700e-01    7.2250000000e-01
        42   -4.4962672251e+01    2.0233143067e+03   -8.2023469417e+01    3.7060797166e+01   -2.3055291205e+01    2.7492404710e+00   -1.0614740601e+01   -5.1102678081e+01   -1.0296280993e+01    2.0000000000e+02    5.5238216200e-01    7.2226562500e-01
        43   -4.4769643245e+01    2.0057095599e+03   -8.2087078791e+01    3.7317435546e+01   -2.3700489726e+01    2.9765548025e+00   -1.0260465787e+01   -5.1102678081e+01   -9.9091702838e+00    2.0000000000e+02    5.5154970400e-01    7.1937500000e-01
        44   -4.4892058615e+01    2.0163934886e+03   -8.1881260867e+01    3.6989202251e+01   -2.2650719319e+01    2.5456147551e+00   -1.0673478222e+01   -5.1102678081e+01   -1.0357949331e+01    2.0000000000e+02    5.5085963100e-01    7.1987500000e-01
        45   -4.5048017474e+01    2.0307261200e+03   -8.3296160224e+01    3.8248142749e+01   -2.3974390113e+01    2.4267925414e+00   -1.0645884571e+01   -5.1102678081e+01   -1.0375141197e+01    2.0000000000e+02    5.5343897500e-01    7.2296875000e-01
        46   -4.4912604106e+01    2.0186710777e+03   -8.1021828449e+01    3.6109224343e+01   -2.2470333887e+01    2.9189227262e+00   -1.0367739207e+01   -5.1102678081e+01   -1.0042739158e+01    2.0000000000e+02    5.5557005300e-01    7.2350000000e-01
        47   -4.4960182693e+01    2.0228759554e+03   -8.2202378209e+01    3.7242195515e+01   -2.3014855305e+01    2.6748550123e+00   -1.0759699835e+01   -5.1102678081e+01   -1.0480109265e+01    2.0000000000e+02    5.5031922400e-01    7.2037500000e-01
        48   -4.4896736965e+01    2.0172002419e+03   -8.1789105453e+01    3.6892368488e+01   -2.2947232770e+01    2.6533562163e+00   -1.0392550818e+01   -5.1102678081e+01   -1.0042579048e+01    2.0000000000e+02    5.5063136300e-01    7.1978125000e-01
        49   -4.4959843916e+01    2.0225750125e+03   -8.0336631804e+01    3.5376787888e+01   -2.1728239092e+01    3.0037797589e+00   -1.0509494390e+01   -5.1102678081e+01   -1.0196093643e+01    2.0000000000e+02    5.5060430100e-01    7.1921875000e-01
        50   -4.5012225808e+01    2.0277474135e+03   -8.2420906657e+01    3.7408680848e+01   -2.3283637226e+01    2.5038850289e+00   -1.0538476379e+01   -5.1102678081e+01   -1.0240024207e+01    2.0000000000e+02    5.5553463600e-01    7.2121875000e-01
        51   -4.4917245999e+01    2.0191281106e+03   -8.2003794075e+01    3.7086548075e+01   -2.3419754522e+01    2.9138112977e+00   -1.0395172770e+01   -5.1102678081e+01   -1.0091846058e+01    2.0000000000e+02    5.5446404100e-01    7.1906250000e-01
        52   -4.4942958543e+01    2.0212212796e+03   -8.3511933937e+01    3.8568975394e+01   -2.4946231525e+01    2.9776156111e+00   -1.0440639942e+01   -5.1102678081e+01   -1.0115975618e+01    2.0000000000e+02    5.4902947600e-01    7.1732812500e-01
        53   -4.5007136935e+01    2.0268110513e+03   -8.2258448079e+01    3.7251311144e+01   -2.2429147422e+01    2.0478911054e+00   -1.0774513681e+01   -5.1102678081e+01   -1.0509181217e+01    2.0000000000e+02    5.5270042500e-01    7.1948437500e-01
        54   -4.4971562161e+01    2.0240863995e+03   -8.1437760220e+01    3.6466198060e+01   -2.2472193126e+01    2.8147892919e+00   -1.0677678305e+01   -5.1102678081e+01   -1.0362510609e+01    2.0000000000e+02    5.6336590600e-01    7.2032812500e-01
        55   -4.4678437223e+01    1.9977499773e+03   -8.2384366365e+01    3.7705929142e+01   -2.3757066018e+01    2.9195398569e+00   -1.0444162123e+01   -5.1102678081e+01   -1.0106371455e+01    2.0000000000e+02    5.5636959500e-01    7.2259375000e-01
        56   -4.4973614547e+01    2.0240201716e+03   -8.3285358955e+01    3.8311744407e+01   -2.4116540987e+01    2.6783090815e+00   -1.0744448967e+01   -5.1102678081e+01   -1.0447189603e+01    2.0000000000e+02    5.5581831600e-01    7.1856250000e-01
        57   -4.4753504635e+01    2.0044993400e+03   -8.3221067440e+01    3.8467562805e+01   -2.4237553469e+01    2.3004196757e+00   -1.0181255566e+01   -5.1102678081e+01   -9.8431178838e+00    2.0000000000e+02    5.6067132100e-01    7.2246875000e-01
        58   -4.4712228268e+01    2.0008587734e+03   -8.2669528163e+01    3.7957299894e+01   -2.4486856419e+01    3.2332042649e+00   -1.0313197927e+01   -5.1102678081e+01   -9.9627194579e+00    2.0000000000e+02    5.5843643900e-01    7.2159375000e-01
        59   -4.4913740450e+01    2.0186645444e+03   -8.1383775882e+01    3.6470035431e+01   -2.2886182052e+01    2.7814876142e+00   -1.0176403363e+01   -5.1102678081e+01   -9.8633161732e+00    2.0000000000e+02    5.5360729800e-01    7.1914062500e-01
        60   -4.4939246729e+01    2.0207777200e+03   -8.1185055452e+01    3.6245808724e+01   -2.2666357565e+01    2.8490889951e+00   -1.0265108801e+01   -5.1102678081e+01   -9.9625026660e+00    2.0000000000e+02    5.5246012800e-01    7.1848437500e-01
        61   -4.4720387969e+01    2.0016865372e+03   -8.0894665688e+01    3.6174277719e+01   -2.3043427704e+01    3.3852335186e+00   -1.0133793421e+01   -5.1102678081e+01   -9.7708506141e+00    2.0000000000e+02    5.5061460500e-01    7.1834375000e-01
        62   -4.4913240849e+01    2.0184988674e+03   -8.1513531815e+01    3.6600290966e+01   -2.2487264643e+01    2.6847371613e+00   -1.0608326253e+01   -5.1102678081e+01   -1.0299416389e+01    2.0000000000e+02    5.5509740100e-01    7.2057812500e-01
        63   -4.4946525953e+01    2.0215597730e+03   -8.2245879406e+01    3.7299353454e+01   -2.3665169138e+01    3.1425180490e+00   -1.0620550236e+01   -5.1102678081e+01   -1.0270880368e+01    2.0000000000e+02    5.5113005500e-01    7.2137500000e-01
        64   -4.4829147618e+01    2.0109198959e+03   -8.2089032636e+01    3.7259885018e+01   -2.3115582737e+01    2.3036926370e+00   -1.0174464455e+01   -5.1102678081e+01   -9.8542577017e+00    2.0000000000e+02    5.5469628800e-01    7.1895312500e-01
        65   -4.4824668990e+01    2.0105718056e+03   -8.1929034202e+01    3.7104365212e+01   -2.3002873420e+01    2.5230988525e+00   -1.0346581553e+01   -5.1102678081e+01   -1.0025217307e+01    2.0000000000e+02    5.5430369200e-01    7.1851562500e-01
        66   -4.4963639677e+01    2.0232748101e+03   -8.3249871638e+01    3.8286231961e+01   -2.3630017863e+01    2.3029328540e+00   -1.0820108548e+01   -5.1102678081e+01   -1.0524627409e+01    2.0000000000e+02    5.5333477100e-01    7.2023437500e-01
        67   -4.4922670401e+01    2.0194193981e+03   -8.2987527037e+01    3.8064856636e+01   -2.4890488210e+01    3.4182226740e+00   -1.0412583420e+01   -5.1102678081e+01   -1.0115638415e+01    2.0000000000e+02    5.5230263600e-01    7.2135937500e-01
        68   -4.5004811651e+01    2.0269918955e+03   -8.1066286291e+01    3.6061474640e+01   -2.3058361169e+01    3.7554720187e+00   -1.0660719059e+01   -5.1102678081e+01   -1.0351746727e+01    2.0000000000e+02    5.5127491600e-01    7.2184375000e-01
        69   -4.4838267478e+01    2.0121398066e+03   -8.1870345488e+01    3.7032078010e+01   -2.2664106229e+01    2.3557932469e+00   -1.0459354425e+01   -5.1102678081e+01   -1.0088426430e+01    2.0000000000e+02    5.5403576300e-01    7.2303125000e-01
        70   -4.4706453287e+01    2.0004074389e+03   -8.2232582554e+01    3.7526129267e+01   -2.3994259278e+01    3.0637749821e+00   -1.0199420177e+01   -5.1102678081e+01   -9.8570534804e+00    2.0000000000e+02    5.5762012600e-01    7.2126562500e-01
        71   -4.5204754814e+01    2.0445082457e+03   -8.2595410198e+01    3.7390655383e+01   -2.2988421024e+01    2.4965864433e+00   -1.1000897536e+01   -5.1102678081e+01   -1.0736964990e+01    2.0000000000e+02    5.5578148100e-01    7.2029687500e-01
        72   -4.4672363414e+01    1.9971604359e+03   -8.1275737231e+01    3.6603373817e+01   -2.2699265942e+01    2.9066792691e+00   -1.0380472477e+01   -5.1102678081e+01   -1.0026084937e+01    2.0000000000e+02    5.5271581100e-01    7.2132812500e-01
        73   -4.5183120813e+01    2.0432678820e+03   -8.1870137661e+01    3.6687016848e+01   -2.3272291116e+01    3.1327445553e+00   -1.0627913019e+01   -5.1102678081e+01   -1.0370463568e+01    2.0000000000e+02    5.5306071000e-01    7.2201562500e-01
        74   -4.5018266839e+01    2.0280129864e+03   -8.1939610083e+01    3.6921343244e+01   -2.3480824277e+01    3.3409314781e+00   -1.0697039203e+01   -5.1102678081e+01   -1.0407532402e+01    2.0000000000e+02    5.5071964900e-01    7.1979687500e-01
        75   -4.5053639013e+01    2.0309043386e+03   -8.2712861892e+01    3.7659222879e+01   -2.4357359402e+01    3.4342465139e+00   -1.0687070922e+01   -5.1102678081e+01   -1.0433886192e+01    2.0000000000e+02    5.5181534800e-01    7.2026562500e-01
        76   -4.4693633867e+01    1.9991041720e+03   -8.1027282900e+01    3.6333649033e+01   -2.2660892496e+01    3.0334453084e+00   -1.0297157632e+01   -5.1102678081e+01   -9.9430757744e+00    2.0000000000e+02    5.4887675500e-01    7.1917187500e-01
        77   -4.4907950910e+01    2.0179072789e+03   -8.3038783486e+01    3.8130832576e+01   -2.4191352054e+01    2.8509156052e+00   -1.0595668956e+01   -5.1102678081e+01   -1.0251981578e+01    2.0000000000e+02    5.5386347900e-01    7.1956250000e-01
        78   -4.4957799535e+01    2.0224853200e+03   -8.1795517607e+01    3.6837718073e+01   -2.2478165261e+01    2.3889752026e+00   -1.0603649468e+01   -5.1102678081e+01   -1.0310481824e+01    2.0000000000e+02    5.5164313200e-01    7.1859375000e-01
        79   -4.4943319616e+01    2.0210641618e+03   -8.0258123613e+01    3.5314803997e+01   -2.1688674167e+01    3.0829233625e+00   -1.0549694727e+01   -5.1102678081e+01   -1.0258146136e+01    2.0000000000e+02    5.5168991500e-01    7.1937500000e-01
        80   -4.4905709317e+01    2.0180882779e+03   -8.1992630125e+01    3.7086920808e+01   -2.2706111278e+01    2.3976415640e+00   -1.0581482330e+01   -5.1102678081e+01   -1.0282739162e+01    2.0000000000e+02    5.5082049200e-01    7.2187500000e-01
        81   -4.5025510987e+01    2.0287046902e+03   -8.2680099229e+01    3.7654588242e+01   -2.4152032342e+01    2.9754560188e+00   -1.0400844824e+01   -5.1102678081e+01   -1.0098831289e+01    2.0000000000e+02    5.4989072200e-01    7.1967187500e-01
        82   -4.4897520767e+01    2.0172197559e+03   -8.1185022311e+01    3.6287501544e+01   -2.1668389246e+01    2.2908790826e+00   -1.0704834067e+01   -5.1102678081e+01   -1.0387225651e+01    2.0000000000e+02    5.5071089900e-01    7.2350000000e-01
        83   -4.5056226111e+01    2.0312867618e+03   -8.2368417539e+01    3.7312191428e+01   -2.3388058574e+01    3.0800660259e+00   -1.0957746910e+01   -5.1102678081e+01   -1.0675781661e+01    2.0000000000e+02    5.5073574200e-01    7.1876562500e-01
        84   -4.5062116193e+01    2.0327213979e+03   -8.2940155745e+01    3.7878039552e+01   -2.4920628173e+01    3.5044299035e+00   -1.0421279395e+01   -5.1102678081e+01   -1.0136341095e+01    2.0000000000e+02    5.5155236900e-01    7.1784375000e-01
        85   -4.4959494185e+01    2.0226025978e+03   -8.2124430675e+01    3.7164936490e+01   -2.3830832525e+01    3.1091890841e+00   -1.0300109152e+01   -5.1102678081e+01   -1.0007167037e+01    2.0000000000e+02    5.5727585400e-01    7.1810937500e-01
        86   -4.4822556502e+01    2.0107753266e+03   -8.1779826272e+01    3.6957269769e+01   -2.3338337579e+01    2.7967897569e+00   -1.0135600369e+01   -5.1102678081e+01   -9.8395886710e+00    2.0000000000e+02    5.6115792100e-01    7.1792187500e-01
        87   -4.5005623464e+01    2.0266394519e+03   -8.2391207153e+01    3.7385583689e+01   -2.3697087891e+01    3.0729985084e+00   -1.0664439689e+01   -5.1102678081e+01   -1.0329762558e+01    2.0000000000e+02    5.5881099400e-01    7.2110937500e-01
        88   -4.4904918456e+01    2.0178149037e+03   -8.2655804057e+01    3.7750885601e+01   -2.3898684396e+01    2.7125250462e+00   -1.0366966626e+01   -5.1102678081e+01   -1.0062771406e+01    2.0000000000e+02    5.5592526900e-01    7.2184375000e-01
        89   -4.4969163862e+01    2.0238519394e+03   -8.3668981151e+01    3.8699817288e+01   -2.5339703245e+01    3.1457776563e+00   -1.0372377481e+01   -5.1102678081e+01   -1.0085150185e+01    2.0000000000e+02    5.5863215200e-01    7.1884375000e-01
        90   -4.5119255925e+01    2.0371948372e+03   -8.2212334232e+01    3.7093078307e+01   -2.3098991513e+01    2.6604531463e+00   -1.0671117784e+01   -5.1102678081e+01   -1.0374817714e+01    2.0000000000e+02    5.5963089800e-01    7.2076562500e-01
        91   -4.5106374252e+01    2.0358789303e+03   -8.2121873228e+01    3.7015498976e+01   -2.3819690972e+01    3.4333609262e+00   -1.0632865100e+01   -5.1102678081e+01   -1.0321170725e+01    2.0000000000e+02    5.5650255600e-01    7.2018750000e-01
        92   -4.4829448113e+01    2.0111373692e+03   -8.2957299988e+01    3.8127851875e+01   -2.4761737442e+01    3.1593155357e+00   -1.0252200001e+01   -5.1102678081e+01   -9.9660561106e+00    2.0000000000e+02    5.5412181900e-01    7.1901562500e-01
        93   -4.5082103454e+01    2.0333695499e+03   -8.2042763144e+01    3.6960659690e+01   -2.3349904791e+01    3.0559135738e+00   -1.0646093845e+01   -5.1102678081e+01   -1.0355279449e+01    2.0000000000e+02    5.4742547300e-01    7.1839062500e-01
        94   -4.4974442464e+01    2.0240076394e+03   -8.2729589349e+01    3.7755146885e+01   -2.3454886830e+01    2.4015172536e+00   -1.0573541692e+01   -5.1102678081e+01   -1.0258016753e+01    2.0000000000e+02    5.4948413600e-01    7.2042187500e-01
        95   -4.4837528393e+01    2.0117715046e+03   -8.2062839515e+01    3.7225311122e+01   -2.4033535787e+01    3.6321992793e+00   -1.0558824926e+01   -5.1102678081e+01   -1.0229960864e+01    2.0000000000e+02    5.4862744200e-01    7.2007812500e-01
        96   -4.4649326118e+01    1.9953218444e+03   -8.2745925768e+01    3.8096599650e+01   -2.4311061390e+01    2.7764853802e+00   -1.0108671676e+01   -5.1102678081e+01   -9.7631052311e+00    2.0000000000e+02    5.5074898000e-01    7.1881250000e-01
        97   -4.4977224661e+01    2.0243726669e+03   -8.1509927782e+01    3.6532703121e+01   -2.3369751316e+01    3.4926123345e+00   -1.0530110719e+01   -5.1102678081e+01   -1.0237607957e+01    2.0000000000e+02    5.5120736100e-01    7.1945312500e-01
        98   -4.4873062839e+01    2.0153747799e+03   -8.2726808829e+01    3.7853745990e+01   -2.3448090142e+01    2.3686335251e+00   -1.0544674131e+01   -5.1102678081e+01   -1.0250575157e+01    2.0000000000e+02    5.5225175200e-01    7.1909375000e-01
        99   -4.4831045403e+01    2.0113666569e+03   -8.3184280554e+01    3.8353235151e+01   -2.4359770672e+01    2.7326535032e+00   -1.0454485304e+01   -5.1102678081e+01   -1.0127278243e+01    2.0000000000e+02    5.5112731200e-01    7.2123437500e-01
