#   index    LocalEnergy         LocalEnergy_sq      LocalPotential      Kinetic             LocalECP            NonLocalECP         ElecElec            IonIon              MPC                 BlockWeight         BlockCPU            AcceptRatio         
         0   -4.5187545443e+01    2.0433400418e+03   -8.1877970927e+01    3.6690425484e+01   -2.2598470192e+01    3.0150870866e+00   -1.1191909741e+01   -5.1102678081e+01   -1.0896201467e+01    5.1200490130e+02    7.1003176600e-01    9.9523925781e-01
         1   -4.5200016162e+01    2.0446247135e+03   -8.1914387832e+01    3.6714371669e+01   -2.2701764801e+01    3.0657845432e+00   -1.1175729493e+01   -5.1102678081e+01   -1.0884589703e+01    5.1203068796e+02    7.3619266900e-01    9.9645996094e-01
         2   -4.5261850609e+01    2.0501159076e+03   -8.2109479914e+01    3.6847629306e+01   -2.2662534597e+01    2.8390221052e+00   -1.1183289342e+01   -5.1102678081e+01   -1.0896404879e+01    5.0912329601e+02    6.9904530200e-01    9.9600933202e-01
         3   -4.5239032664e+01    2.0478740716e+03   -8.1892024901e+01    3.6652992237e+01   -2.2647084533e+01    3.0845814195e+00   -1.1226843707e+01   -5.1102678081e+01   -1.0943866880e+01    5.1381913433e+02    7.1822843700e-01    9.9578033268e-01
         4   -4.5208245107e+01    2.0451407609e+03   -8.1777148732e+01    3.6568903625e+01   -2.2622833051e+01    3.1793757180e+00   -1.1231013317e+01   -5.1102678081e+01   -1.0947023596e+01    5.1410611844e+02    7.1085132300e-01    9.9636627907e-01
         5   -4.5293452999e+01    2.0529553028e+03   -8.2059200259e+01    3.6765747261e+01   -2.2760496556e+01    3.0578469959e+00   -1.1253872618e+01   -5.1102678081e+01   -1.0972124685e+01    5.1211981473e+02    7.0736501600e-01    9.9610894942e-01
         6   -4.5287017306e+01    2.0524487930e+03   -8.2338194183e+01    3.7051176877e+01   -2.2869375375e+01    2.8577773937e+00   -1.1223918121e+01   -5.1102678081e+01   -1.0947915875e+01    5.1490178316e+02    7.0970944600e-01    9.9605582524e-01
         7   -4.5270906971e+01    2.0508314810e+03   -8.2374997092e+01    3.7104090121e+01   -2.2753680547e+01    2.7717257612e+00   -1.1290364225e+01   -5.1102678081e+01   -1.1018948326e+01    5.1110633722e+02    7.1089579000e-01    9.9647373541e-01
         8   -4.5301127424e+01    2.0535170822e+03   -8.2193709585e+01    3.6892582161e+01   -2.2842784285e+01    3.0416839921e+00   -1.1289931211e+01   -5.1102678081e+01   -1.1023494704e+01    5.0800848973e+02    6.9811126300e-01    9.9599358974e-01
         9   -4.5265860485e+01    2.0501568278e+03   -8.2645123935e+01    3.7379263450e+01   -2.2931816714e+01    2.6453957924e+00   -1.1256024932e+01   -5.1102678081e+01   -1.0992474670e+01    5.0985663179e+02    7.8990613000e-01    9.9561511858e-01
        10   -4.5346655306e+01    2.0585126496e+03   -8.3002844975e+01    3.7656189669e+01   -2.2909565838e+01    2.2991039551e+00   -1.1289705011e+01   -5.1102678081e+01   -1.1022305020e+01    5.1433259437e+02    7.0275196800e-01    9.9627685547e-01
        11   -4.5378198215e+01    2.0606151534e+03   -8.2403110420e+01    3.7024912205e+01   -2.2898601398e+01    2.7789147332e+00   -1.1180745674e+01   -5.1102678081e+01   -1.0918359161e+01    5.0976248930e+02    7.0151922700e-01    9.9609375000e-01
        12   -4.5344108074e+01    2.0576263711e+03   -8.2431534338e+01    3.7087426264e+01   -2.2802590794e+01    2.7860671908e+00   -1.1312332654e+01   -5.1102678081e+01   -1.1045618704e+01    5.1111935892e+02    6.9263319600e-01    9.9600933202e-01
        13   -4.5318812426e+01    2.0553086486e+03   -8.2143955289e+01    3.6825142862e+01   -2.2761952537e+01    2.9073972239e+00   -1.1186721894e+01   -5.1102678081e+01   -1.0912391205e+01    5.1280872215e+02    7.0541877300e-01    9.9664306641e-01
        14   -4.5271528941e+01    2.0508471850e+03   -8.2083932169e+01    3.6812403228e+01   -2.2638964853e+01    2.8503225516e+00   -1.1192611786e+01   -5.1102678081e+01   -1.0922642528e+01    5.1104635403e+02    7.5319413900e-01    9.9615478516e-01
        15   -4.5354793483e+01    2.0586867737e+03   -8.2182945941e+01    3.6828152458e+01   -2.2516754752e+01    2.6622465430e+00   -1.1225759651e+01   -5.1102678081e+01   -1.0950302255e+01    5.1014285993e+02    6.9915327400e-01    9.9570235756e-01
        16   -4.5385400514e+01    2.0612126865e+03   -8.2051156797e+01    3.6665756284e+01   -2.2624465869e+01    2.8715265345e+00   -1.1195539381e+01   -5.1102678081e+01   -1.0925926706e+01    5.1391017172e+02    7.0499534300e-01    9.9597167969e-01
        17   -4.5333601123e+01    2.0564146164e+03   -8.2070815700e+01    3.6737214576e+01   -2.2312985899e+01    2.6131816504e+00   -1.1268333370e+01   -5.1102678081e+01   -1.0999341724e+01    5.1198222489e+02    7.1478714000e-01    9.9635214008e-01
        18   -4.5340943037e+01    2.0570536702e+03   -8.2315905457e+01    3.6974962420e+01   -2.2341585450e+01    2.3161347272e+00   -1.1187776653e+01   -5.1102678081e+01   -1.0918507355e+01    5.1503118956e+02    7.2430433000e-01    9.9563106796e-01
        19   -4.5320458985e+01    2.0552187378e+03   -8.2221415883e+01    3.6900956898e+01   -2.2270305013e+01    2.4709173517e+00   -1.1319350141e+01   -5.1102678081e+01   -1.1051064659e+01    5.1292540545e+02    8.1521491800e-01    9.9570009690e-01
        20   -4.5320094607e+01    2.0551865681e+03   -8.2268626442e+01    3.6948531835e+01   -2.2212481639e+01    2.3637458068e+00   -1.1317212529e+01   -5.1102678081e+01   -1.1051296568e+01    5.1306434461e+02    7.2302482100e-01    9.9531857977e-01
        21   -4.5267162646e+01    2.0504509847e+03   -8.2093318617e+01    3.6826155971e+01   -2.2127845869e+01    2.4340709245e+00   -1.1296865591e+01   -5.1102678081e+01   -1.1028662462e+01    5.1484481670e+02    7.2220356600e-01    9.9672330097e-01
        22   -4.5263261224e+01    2.0503350023e+03   -8.2023064028e+01    3.6759802804e+01   -2.2030529552e+01    2.4932099405e+00   -1.1383066336e+01   -5.1102678081e+01   -1.1117000956e+01    5.1183272981e+02    7.1021229900e-01    9.9615478516e-01
        23   -4.5345535757e+01    2.0581405925e+03   -8.1898989787e+01    3.6553454030e+01   -2.2064941661e+01    2.6523918926e+00   -1.1383761937e+01   -5.1102678081e+01   -1.1113477858e+01    5.1210137771e+02    7.0765628600e-01    9.9584960938e-01
        24   -4.5253097842e+01    2.0492266015e+03   -8.2259116191e+01    3.7006018348e+01   -2.2221032553e+01    2.3889424732e+00   -1.1324348030e+01   -5.1102678081e+01   -1.1048464154e+01    5.1398920085e+02    7.0939878000e-01    9.9623054475e-01
        25   -4.5318360788e+01    2.0552361546e+03   -8.2318091329e+01    3.6999730542e+01   -2.2247435163e+01    2.3620921561e+00   -1.1330070241e+01   -5.1102678081e+01   -1.1056074239e+01    5.1394633856e+02    7.1165589400e-01    9.9568336576e-01
        26   -4.5332437159e+01    2.0590079042e+03   -8.1461435408e+01    3.6128998249e+01   -2.1999015983e+01    2.9715871210e+00   -1.1331328465e+01   -5.1102678081e+01   -1.1047005109e+01    5.1595905319e+02    7.1140190700e-01    9.9618459302e-01
        27   -4.5312476031e+01    2.0545194590e+03   -8.1770889766e+01    3.6458413735e+01   -2.1952342832e+01    2.5537709019e+00   -1.1269639754e+01   -5.1102678081e+01   -1.0983054685e+01    5.1789540630e+02    7.1868407900e-01    9.9650096525e-01
        28   -4.5275893889e+01    2.0512195821e+03   -8.1520711224e+01    3.6244817335e+01   -2.1686455551e+01    2.5377951530e+00   -1.1269372745e+01   -5.1102678081e+01   -1.0987948273e+01    5.1889150468e+02    7.1696684200e-01    9.9638728324e-01
        29   -4.5348762774e+01    2.0580680296e+03   -8.1568818057e+01    3.6220055283e+01   -2.1891463244e+01    2.6830228248e+00   -1.1257699556e+01   -5.1102678081e+01   -1.0983937458e+01    5.1698331967e+02    8.1961872500e-01    9.9613152805e-01
        30   -4.5353640639e+01    2.0584079487e+03   -8.1460029846e+01    3.6106389207e+01   -2.1943352339e+01    2.8851823059e+00   -1.1299181732e+01   -5.1102678081e+01   -1.1021392653e+01    5.1621229114e+02    7.1770651200e-01    9.9594234496e-01
        31   -4.5338246924e+01    2.0569485016e+03   -8.1656765758e+01    3.6318518834e+01   -2.2014910774e+01    2.7136570408e+00   -1.1252833943e+01   -5.1102678081e+01   -1.0978073856e+01    5.1714963246e+02    7.3060081200e-01    9.9655464217e-01
        32   -4.5284658567e+01    2.0521562962e+03   -8.1555101999e+01    3.6270443432e+01   -2.1648401807e+01    2.4184419876e+00   -1.1222464098e+01   -5.1102678081e+01   -1.0937939096e+01    5.1495614046e+02    7.0387137800e-01    9.9563106796e-01
        33   -4.5320994388e+01    2.0555977529e+03   -8.1902503718e+01    3.6581509330e+01   -2.2031200845e+01    2.4246249217e+00   -1.1193249714e+01   -5.1102678081e+01   -1.0904326073e+01    5.1295651789e+02    7.1176324800e-01    9.9640594542e-01
        34   -4.5340851147e+01    2.0572342536e+03   -8.1691937947e+01    3.6351086801e+01   -2.1977089619e+01    2.5409515743e+00   -1.1153121821e+01   -5.1102678081e+01   -1.0864080828e+01    5.0908492447e+02    7.0051823300e-01    9.9631630648e-01
        35   -4.5327041565e+01    2.0559304225e+03   -8.1876568917e+01    3.6549527352e+01   -2.2166634518e+01    2.5435515433e+00   -1.1150807861e+01   -5.1102678081e+01   -1.0856292003e+01    5.0816063859e+02    6.9795781700e-01    9.9630905512e-01
        36   -4.5326661022e+01    2.0558105303e+03   -8.1772555670e+01    3.6445894648e+01   -2.2244444094e+01    2.7486179802e+00   -1.1174051475e+01   -5.1102678081e+01   -1.0881308808e+01    5.1109175947e+02    7.0173384400e-01    9.9571917808e-01
        37   -4.5230302271e+01    2.0470819368e+03   -8.1775471713e+01    3.6545169441e+01   -2.2299007558e+01    2.8128946113e+00   -1.1186680685e+01   -5.1102678081e+01   -1.0900001213e+01    5.0782470824e+02    7.0355819800e-01    9.9655511811e-01
        38   -4.5279011543e+01    2.0514383200e+03   -8.1605238520e+01    3.6326226977e+01   -2.2395870928e+01    3.1030630428e+00   -1.1209752553e+01   -5.1102678081e+01   -1.0918434986e+01    5.0776536710e+02    6.9706864100e-01    9.9618602362e-01
        39   -4.5264565836e+01    2.0501968659e+03   -8.1478250126e+01    3.6213684290e+01   -2.2181865832e+01    2.9453404024e+00   -1.1139046615e+01   -5.1102678081e+01   -1.0844481367e+01    5.0486458173e+02    7.8645480200e-01    9.9634900990e-01
        40   -4.5213554050e+01    2.0456491103e+03   -8.1857991819e+01    3.6644437769e+01   -2.2080244769e+01    2.6878087491e+00   -1.1362877717e+01   -5.1102678081e+01   -1.1074735603e+01    5.0573576835e+02    6.9120980900e-01    9.9580039526e-01
        41   -4.5273433485e+01    2.0509761742e+03   -8.1579327657e+01    3.6305894172e+01   -2.1840952916e+01    2.7605144621e+00   -1.1396211121e+01   -5.1102678081e+01   -1.1113257883e+01    5.0275476199e+02    6.8606183000e-01    9.9670725646e-01
        42   -4.5283342492e+01    2.0520344517e+03   -8.1739464374e+01    3.6456121882e+01   -2.2078372578e+01    2.7620783799e+00   -1.1320492094e+01   -5.1102678081e+01   -1.1037709262e+01    5.0401697125e+02    6.9517673500e-01    9.9640376984e-01
        43   -4.5275070786e+01    2.0510979804e+03   -8.1589648949e+01    3.6314578163e+01   -2.1830375270e+01    2.6074462805e+00   -1.1264041879e+01   -5.1102678081e+01   -1.0985264753e+01    5.0400965978e+02    7.0450780700e-01    9.9634176587e-01
        44   -4.5348466062e+01    2.0577948469e+03   -8.1824443182e+01    3.6475977120e+01   -2.2085544332e+01    2.6052754484e+00   -1.1241496217e+01   -5.1102678081e+01   -1.0965295486e+01    5.0515772718e+02    7.0898602900e-01    9.9591584158e-01
        45   -4.5305477185e+01    2.0538742792e+03   -8.1736042636e+01    3.6430565451e+01   -2.2023364900e+01    2.7043074101e+00   -1.1314307065e+01   -5.1102678081e+01   -1.1038422794e+01    5.0221761345e+02    7.0533392000e-01    9.9614043825e-01
        46   -4.5349339195e+01    2.0578838128e+03   -8.1813353967e+01    3.6464014772e+01   -2.2045009553e+01    2.6059760025e+00   -1.1271642336e+01   -5.1102678081e+01   -1.0995997094e+01    5.0421874018e+02    7.1199667200e-01    9.9646577381e-01
        47   -4.5366415669e+01    2.0593377571e+03   -8.1567187748e+01    3.6200772078e+01   -2.1949447202e+01    2.7795873862e+00   -1.1294649851e+01   -5.1102678081e+01   -1.1018324543e+01    5.0637541973e+02    7.1118828200e-01    9.9647974308e-01
        48   -4.5322579119e+01    2.0553256377e+03   -8.1619756990e+01    3.6297177872e+01   -2.1877934644e+01    2.7469939755e+00   -1.1386138241e+01   -5.1102678081e+01   -1.1113342117e+01    5.0725326183e+02    7.1139795100e-01    9.9494575937e-01
        49   -4.5345216617e+01    2.0572918517e+03   -8.1889968445e+01    3.6544751828e+01   -2.2047920169e+01    2.6318200669e+00   -1.1371190261e+01   -5.1102678081e+01   -1.1100218383e+01    5.0718549778e+02    8.1022117700e-01    9.9660996055e-01
        50   -4.5315442473e+01    2.0547178651e+03   -8.1809506752e+01    3.6494064279e+01   -2.2082063147e+01    2.7973184215e+00   -1.1422083945e+01   -5.1102678081e+01   -1.1148962530e+01    5.0715783254e+02    6.9679019900e-01    9.9685650888e-01
        51   -4.5301309480e+01    2.0534606343e+03   -8.1619724060e+01    3.6318414579e+01   -2.2163911848e+01    2.9805974560e+00   -1.1333731586e+01   -5.1102678081e+01   -1.1060407513e+01    5.0803417489e+02    6.9736718300e-01    9.9692421260e-01
        52   -4.5390887103e+01    2.0619930684e+03   -8.1883068185e+01    3.6492181082e+01   -2.2229057170e+01    2.8192062231e+00   -1.1370539157e+01   -5.1102678081e+01   -1.1105466386e+01    5.1226808872e+02    7.0140228400e-01    9.9566650391e-01
        53   -4.5392960098e+01    2.0621730234e+03   -8.1953338638e+01    3.6560378540e+01   -2.2376126417e+01    2.8325410369e+00   -1.1307075177e+01   -5.1102678081e+01   -1.1042999345e+01    5.1444910244e+02    7.2575125200e-01    9.9653453307e-01
        54   -4.5400329688e+01    2.0624887668e+03   -8.2094489711e+01    3.6694160024e+01   -2.2616298866e+01    2.9411693010e+00   -1.1316682065e+01   -5.1102678081e+01   -1.1049386028e+01    5.1044254439e+02    7.1398831900e-01    9.9571078431e-01
        55   -4.5381933384e+01    2.0616799379e+03   -8.2147906296e+01    3.6765972913e+01   -2.2820838829e+01    2.8913682195e+00   -1.1115757606e+01   -5.1102678081e+01   -1.0852742888e+01    5.1125406545e+02    7.2118407400e-01    9.9626956947e-01
        56   -4.5354981192e+01    2.0585529075e+03   -8.1871842117e+01    3.6516860925e+01   -2.2577207120e+01    2.9509464580e+00   -1.1142903374e+01   -5.1102678081e+01   -1.0875820841e+01    5.0812189077e+02    7.6182939100e-01    9.9520177165e-01
        57   -4.5373233561e+01    2.0607428305e+03   -8.1647723165e+01    3.6274489604e+01   -2.2565358498e+01    3.1584960421e+00   -1.1138182628e+01   -5.1102678081e+01   -1.0872347817e+01    5.1121179337e+02    7.2014654700e-01    9.9455724070e-01
        58   -4.5347688469e+01    2.0579548467e+03   -8.1929045561e+01    3.6581357092e+01   -2.2630744537e+01    2.9215920431e+00   -1.1117214986e+01   -5.1102678081e+01   -1.0855816633e+01    5.1115836398e+02    7.2970125100e-01    9.9571917808e-01
        59   -4.5335581140e+01    2.0566711822e+03   -8.2073860501e+01    3.6738279361e+01   -2.2722002378e+01    2.9314174595e+00   -1.1180597502e+01   -5.1102678081e+01   -1.0926079224e+01    5.1211081779e+02    8.2837242300e-01    9.9603271484e-01
        60   -4.5337526997e+01    2.0571112215e+03   -8.2009537294e+01    3.6672010298e+01   -2.2577226555e+01    2.9170955816e+00   -1.1246728240e+01   -5.1102678081e+01   -1.0994874415e+01    5.1308108343e+02    7.1586966000e-01    9.9622319688e-01
        61   -4.5288413963e+01    2.0524286069e+03   -8.1870616372e+01    3.6582202409e+01   -2.2297543493e+01    2.7840564090e+00   -1.1254451207e+01   -5.1102678081e+01   -1.0998859687e+01    5.1194584038e+02    7.1128575700e-01    9.9645996094e-01
        62   -4.5257066406e+01    2.0496902609e+03   -8.1831994700e+01    3.6574928294e+01   -2.2355712909e+01    2.9088788575e+00   -1.1282482567e+01   -5.1102678081e+01   -1.1022539260e+01    5.1275862873e+02    7.1257053100e-01    9.9616228070e-01
        63   -4.5288783654e+01    2.0524889549e+03   -8.1516880345e+01    3.6228096691e+01   -2.2166369816e+01    2.9418524623e+00   -1.1189684910e+01   -5.1102678081e+01   -1.0926047476e+01    5.1378660464e+02    7.2869649700e-01    9.9556177043e-01
        64   -4.5303086331e+01    2.0538444226e+03   -8.1909347309e+01    3.6606260978e+01   -2.2419267148e+01    2.8797696984e+00   -1.1267171779e+01   -5.1102678081e+01   -1.1004290912e+01    5.1386067235e+02    7.2903144500e-01    9.9574416342e-01
        65   -4.5363793187e+01    2.0593128047e+03   -8.1914579232e+01    3.6550786045e+01   -2.2604531278e+01    2.9930349450e+00   -1.1200404818e+01   -5.1102678081e+01   -1.0934158704e+01    5.1606874891e+02    7.3568050200e-01    9.9557897287e-01
        66   -4.5314205004e+01    2.0546292417e+03   -8.2136646402e+01    3.6822441399e+01   -2.2644097357e+01    2.7073734558e+00   -1.1097244420e+01   -5.1102678081e+01   -1.0833602347e+01    5.1709372139e+02    7.4359279500e-01    9.9649419729e-01
        67   -4.5300168881e+01    2.0537063026e+03   -8.2558283251e+01    3.7258114369e+01   -2.2727552029e+01    2.4855773604e+00   -1.1213630501e+01   -5.1102678081e+01   -1.0948888806e+01    5.1493441980e+02    7.3448163700e-01    9.9605582524e-01
        68   -4.5426193101e+01    2.0649033567e+03   -8.1911658603e+01    3.6485465502e+01   -2.2703736564e+01    3.0626243267e+00   -1.1167868285e+01   -5.1102678081e+01   -1.0900618971e+01    5.1519398776e+02    7.3458632000e-01    9.9678398058e-01
        69   -4.5382976994e+01    2.0608874834e+03   -8.2175236932e+01    3.6792259938e+01   -2.2773626728e+01    2.8779960769e+00   -1.1176928200e+01   -5.1102678081e+01   -1.0910377795e+01    5.1438201301e+02    8.3961490800e-01    9.9604815175e-01
        70   -4.5434497677e+01    2.0656449087e+03   -8.2316052158e+01    3.6881554481e+01   -2.3026622935e+01    2.9473924214e+00   -1.1134143563e+01   -5.1102678081e+01   -1.0867928991e+01    5.1745566138e+02    7.2884046800e-01    9.9667553191e-01
        71   -4.5366714706e+01    2.0596510104e+03   -8.2556979463e+01    3.7190264757e+01   -2.3201270208e+01    2.8874157170e+00   -1.1140446891e+01   -5.1102678081e+01   -1.0867829513e+01    5.1632612017e+02    7.2520962200e-01    9.9630571705e-01
        72   -4.5350465298e+01    2.0580201268e+03   -8.2614613098e+01    3.7264147800e+01   -2.3245754997e+01    2.8004578124e+00   -1.1066637832e+01   -5.1102678081e+01   -1.0795042733e+01    5.1614710191e+02    7.1848403000e-01    9.9654796512e-01
        73   -4.5366029281e+01    2.0595884654e+03   -8.2575412693e+01    3.7209383411e+01   -2.3310088737e+01    2.8903561096e+00   -1.1053001985e+01   -5.1102678081e+01   -1.0780878360e+01    5.1712596778e+02    7.3333430500e-01    9.9697775629e-01
        74   -4.5355525149e+01    2.0586187006e+03   -8.2809201406e+01    3.7453676256e+01   -2.3255341929e+01    2.7340150130e+00   -1.1185196409e+01   -5.1102678081e+01   -1.0916636279e+01    5.1712500605e+02    7.3001329200e-01    9.9546663443e-01
        75   -4.5360155960e+01    2.0592203870e+03   -8.2300798971e+01    3.6940643011e+01   -2.2905222461e+01    2.7936485116e+00   -1.1086546941e+01   -5.1102678081e+01   -1.0820219779e+01    5.1914003414e+02    7.3262979900e-01    9.9524325626e-01
        76   -4.5432157707e+01    2.0655697551e+03   -8.2516178945e+01    3.7084021238e+01   -2.2948072299e+01    2.7227429879e+00   -1.1188171553e+01   -5.1102678081e+01   -1.0924287529e+01    5.2636488318e+02    7.3779981600e-01    9.9596007605e-01
        77   -4.5359624891e+01    2.0589225628e+03   -8.2658740829e+01    3.7299115937e+01   -2.3180024426e+01    2.8298033312e+00   -1.1205841653e+01   -5.1102678081e+01   -1.0938334147e+01    5.2420979461e+02    7.3768705100e-01    9.9540791985e-01
        78   -4.5369409859e+01    2.0605461625e+03   -8.2214780674e+01    3.6845370816e+01   -2.2872297555e+01    2.9401322036e+00   -1.1179937242e+01   -5.1102678081e+01   -1.0910839725e+01    5.2498060098e+02    7.3307557200e-01    9.9642857143e-01
        79   -4.5354118517e+01    2.0582447441e+03   -8.2346535314e+01    3.6992416797e+01   -2.2797335791e+01    2.7982373472e+00   -1.1244758790e+01   -5.1102678081e+01   -1.0976979785e+01    5.2399746437e+02    8.3175170700e-01    9.9546755725e-01
        80   -4.5365909558e+01    2.0593031103e+03   -8.2439465058e+01    3.7073555499e+01   -2.2955937600e+01    2.8461512705e+00   -1.1227000647e+01   -5.1102678081e+01   -1.0960044146e+01    5.1906071866e+02    7.2061125300e-01    9.9662813102e-01
        81   -4.5282605659e+01    2.0518048078e+03   -8.2370467769e+01    3.7087862110e+01   -2.3116301938e+01    3.0384151589e+00   -1.1189902909e+01   -5.1102678081e+01   -1.0919649398e+01    5.2290222043e+02    7.2946792600e-01    9.9581739962e-01
        82   -4.5313292373e+01    2.0546314569e+03   -8.2552591149e+01    3.7239298776e+01   -2.3289535814e+01    2.9386665664e+00   -1.1099043820e+01   -5.1102678081e+01   -1.0830846982e+01    5.2471620046e+02    7.3767547100e-01    9.9565476190e-01
        83   -4.5346286268e+01    2.0581059432e+03   -8.2412683479e+01    3.7066397211e+01   -2.3066213643e+01    2.8678403607e+00   -1.1111632115e+01   -5.1102678081e+01   -1.0844484753e+01    5.2689942660e+02    7.5413235700e-01    9.9567125237e-01
        84   -4.5372157896e+01    2.0602848824e+03   -8.2171182687e+01    3.6799024791e+01   -2.2870887913e+01    2.9491357604e+00   -1.1146752454e+01   -5.1102678081e+01   -1.0876843984e+01    5.2704194934e+02    7.4927784500e-01    9.9632352941e-01
        85   -4.5320270385e+01    2.0552816298e+03   -8.2270513181e+01    3.6950242796e+01   -2.2824904650e+01    2.7866264371e+00   -1.1129556887e+01   -5.1102678081e+01   -1.0861319585e+01    5.2794543681e+02    7.4327927600e-01    9.9585700758e-01
        86   -4.5300526508e+01    2.0535954167e+03   -8.1927066316e+01    3.6626539808e+01   -2.2566694835e+01    2.9034566854e+00   -1.1161150086e+01   -5.1102678081e+01   -1.0890951279e+01    5.2572756013e+02    7.3680864600e-01    9.9631653992e-01
        87   -4.5295045532e+01    2.0530274774e+03   -8.2298900488e+01    3.7003854956e+01   -2.2760140418e+01    2.7928245982e+00   -1.1228906588e+01   -5.1102678081e+01   -1.0958934479e+01    5.2567812402e+02    7.4764006500e-01    9.9643536122e-01
        88   -4.5343112266e+01    2.0572223992e+03   -8.2119415955e+01    3.6776303689e+01   -2.2550071146e+01    2.7445327472e+00   -1.1211199476e+01   -5.1102678081e+01   -1.0946435352e+01    5.2884508618e+02    7.5300385000e-01    9.9675094518e-01
        89   -4.5355563365e+01    2.0584690294e+03   -8.2304255141e+01    3.6948691776e+01   -2.2771101547e+01    2.8674254691e+00   -1.1297900982e+01   -5.1102678081e+01   -1.1035402053e+01    5.2793137432e+02    8.6724000700e-01    9.9526515152e-01
        90   -4.5340246069e+01    2.0570415520e+03   -8.1993890403e+01    3.6653644334e+01   -2.2553260130e+01    2.8912494661e+00   -1.1229201658e+01   -5.1102678081e+01   -1.0960509233e+01    5.2493777794e+02    7.5346177700e-01    9.9535714286e-01
        91   -4.5371857899e+01    2.0599608820e+03   -8.2224151963e+01    3.6852294064e+01   -2.2481117997e+01    2.6285863105e+00   -1.1268942195e+01   -5.1102678081e+01   -1.1002139655e+01    5.2701076029e+02    7.3904207100e-01    9.9679791271e-01
        92   -4.5363850754e+01    2.0593564511e+03   -8.2067962635e+01    3.6704111882e+01   -2.2413240697e+01    2.7119849878e+00   -1.1264028845e+01   -5.1102678081e+01   -1.0993366129e+01    5.2404213426e+02    7.5495767900e-01    9.9606393130e-01
        93   -4.5298470974e+01    2.0532528051e+03   -8.2227447702e+01    3.6928976728e+01   -2.2619157301e+01    2.7788781692e+00   -1.1284490490e+01   -5.1102678081e+01   -1.1014453372e+01    5.2386987482e+02    7.6309544300e-01    9.9606393130e-01
        94   -4.5330181113e+01    2.0562596396e+03   -8.2319614087e+01    3.6989432974e+01   -2.2776365931e+01    2.8479594209e+00   -1.1288529496e+01   -5.1102678081e+01   -1.1017477595e+01    5.2478749329e+02    7.4283498900e-01    9.9571428571e-01
        95   -4.5265836735e+01    2.0502775448e+03   -8.2518056130e+01    3.7252219395e+01   -2.2875300314e+01    2.7883810914e+00   -1.1328458826e+01   -5.1102678081e+01   -1.1058109067e+01    5.2270682895e+02    7.4956469400e-01    9.9617590822e-01
        96   -4.5307120308e+01    2.0543129891e+03   -8.2309312355e+01    3.7002192047e+01   -2.2799227753e+01    2.9882838484e+00   -1.1395690369e+01   -5.1102678081e+01   -1.1126490942e+01    5.2165398112e+02    7.7466034700e-01    9.9592911877e-01
        97   -4.5333953626e+01    2.0568723125e+03   -8.2263511105e+01    3.6929557479e+01   -2.2601942852e+01    2.7431963475e+00   -1.1302086520e+01   -5.1102678081e+01   -1.1034123427e+01    5.1983705283e+02    7.5220334800e-01    9.9585336538e-01
        98   -4.5380208382e+01    2.0609231044e+03   -8.2325623353e+01    3.6945414971e+01   -2.2625158942e+01    2.7555360327e+00   -1.1353322363e+01   -5.1102678081e+01   -1.1084879035e+01    5.2103838821e+02    7.3317719200e-01    9.9604126679e-01
        99   -4.5310022171e+01    2.0542346907e+03   -8.2425868089e+01    3.7115845919e+01   -2.2956915478e+01    2.9690388717e+00   -1.1335313402e+01   -5.1102678081e+01   -1.1064293674e+01    5.1697344262e+02    8.2086742800e-01    9.9534574468e-01
       100   -4.5333202420e+01    2.0562973444e+03   -8.2549650384e+01    3.7216447964e+01   -2.2982363055e+01    2.8998094907e+00   -1.1364418739e+01   -5.1102678081e+01   -1.1094569713e+01    5.1890147902e+02    7.1790758900e-01    9.9608622351e-01
       101   -4.5355738078e+01    2.0585438352e+03   -8.2787735935e+01    3.7431997857e+01   -2.3123540697e+01    2.7709066104e+00   -1.1332423768e+01   -5.1102678081e+01   -1.1071069431e+01    5.1701976497e+02    7.1844107100e-01    9.9534574468e-01
       102   -4.5351715361e+01    2.0581445916e+03   -8.2697720056e+01    3.7346004695e+01   -2.2952585269e+01    2.6184381351e+00   -1.1260894842e+01   -5.1102678081e+01   -1.1004611127e+01    5.1912839054e+02    7.2536345700e-01    9.9590558767e-01
       103   -4.5324139027e+01    2.0557998347e+03   -8.2680635033e+01    3.7356496006e+01   -2.2774335644e+01    2.4703380075e+00   -1.1273959316e+01   -5.1102678081e+01   -1.1016297689e+01    5.1995638342e+02    7.2440921600e-01    9.9519230769e-01
       104   -4.5323826629e+01    2.0556635463e+03   -8.2448810184e+01    3.7124983554e+01   -2.2604105550e+01    2.5960779512e+00   -1.1338104504e+01   -5.1102678081e+01   -1.1072830957e+01    5.2086682492e+02    7.2321733800e-01    9.9520153551e-01
       105   -4.5383150453e+01    2.0612197089e+03   -8.2185658036e+01    3.6802507584e+01   -2.2668961362e+01    2.8507196590e+00   -1.1264738252e+01   -5.1102678081e+01   -1.0997097712e+01    5.2000050842e+02    7.2129508500e-01    9.9609375000e-01
       106   -4.5367857150e+01    2.0597632562e+03   -8.2488410061e+01    3.7120552911e+01   -2.2641539757e+01    2.4890000856e+00   -1.1233192309e+01   -5.1102678081e+01   -1.0967206472e+01    5.1815297496e+02    7.1895207400e-01    9.9638030888e-01
       107   -4.5374958547e+01    2.0607208366e+03   -8.2366846276e+01    3.6991887729e+01   -2.2789620324e+01    2.6844919903e+00   -1.1159039862e+01   -5.1102678081e+01   -1.0890649796e+01    5.2215866067e+02    7.2308377100e-01    9.9539032567e-01
       108   -4.5311053012e+01    2.0547044691e+03   -8.2152720937e+01    3.6841667924e+01   -2.2645983544e+01    2.7678571770e+00   -1.1171916488e+01   -5.1102678081e+01   -1.0904145596e+01    5.2194807691e+02    7.1901398500e-01    9.9592911877e-01
       109   -4.5343417809e+01    2.0575295056e+03   -8.2021738305e+01    3.6678320496e+01   -2.2637879839e+01    2.9233195244e+00   -1.1204499909e+01   -5.1102678081e+01   -1.0931361888e+01    5.2289510404e+02    8.0903167700e-01    9.9611615679e-01
       110   -4.5323891557e+01    2.0558116588e+03   -8.2425472186e+01    3.7101580630e+01   -2.2686171933e+01    2.6566046303e+00   -1.1293226802e+01   -5.1102678081e+01   -1.1024860945e+01    5.2589741881e+02    7.1799939100e-01    9.9685123574e-01
       111   -4.5295359257e+01    2.0532372773e+03   -8.2492065351e+01    3.7196706094e+01   -2.2707355489e+01    2.5329898631e+00   -1.1215021645e+01   -5.1102678081e+01   -1.0948153805e+01    5.2674248970e+02    7.2893537100e-01    9.9555265655e-01
       112   -4.5327296628e+01    2.0561908286e+03   -8.2385050235e+01    3.7057753607e+01   -2.2810651089e+01    2.7976548615e+00   -1.1269375926e+01   -5.1102678081e+01   -1.1001744789e+01    5.2871955054e+02    7.4912699900e-01    9.9598298677e-01
       113   -4.5391197266e+01    2.0620979360e+03   -8.2588318168e+01    3.7197120902e+01   -2.2743064531e+01    2.5167076968e+00   -1.1259283253e+01   -5.1102678081e+01   -1.0991948019e+01    5.3100080056e+02    7.5938084500e-01    9.9652777778e-01
       114   -4.5325675735e+01    2.0559681318e+03   -8.2541329351e+01    3.7215653616e+01   -2.2567203856e+01    2.4064174865e+00   -1.1277864900e+01   -5.1102678081e+01   -1.1006558278e+01    5.3195043321e+02    7.5071478200e-01    9.9524201128e-01
       115   -4.5316744839e+01    2.0549863583e+03   -8.2417259936e+01    3.7100515097e+01   -2.2643547592e+01    2.5718793828e+00   -1.1242913645e+01   -5.1102678081e+01   -1.0970218370e+01    5.3273025007e+02    7.5156815900e-01    9.9560272045e-01
       116   -4.5238045422e+01    2.0478416741e+03   -8.2110480942e+01    3.6872435520e+01   -2.2319291619e+01    2.5888315888e+00   -1.1277342831e+01   -5.1102678081e+01   -1.1007603079e+01    5.3248077785e+02    7.5274152600e-01    9.9595450281e-01
       117   -4.5282132453e+01    2.0519778284e+03   -8.1827748496e+01    3.6545616043e+01   -2.2286999016e+01    2.7976210063e+00   -1.1235692405e+01   -5.1102678081e+01   -1.0969918355e+01    5.3440174114e+02    7.4843443700e-01    9.9602803738e-01
       118   -4.5331865078e+01    2.0566529889e+03   -8.1631113008e+01    3.6299247930e+01   -2.2279424715e+01    2.9822919114e+00   -1.1231302124e+01   -5.1102678081e+01   -1.0971005835e+01    5.3265130994e+02    8.0597282100e-01    9.9560272045e-01
       119   -4.5328255721e+01    2.0558598477e+03   -8.1929469387e+01    3.6601213666e+01   -2.2223326822e+01    2.6273346430e+00   -1.1230799126e+01   -5.1102678081e+01   -1.0963086135e+01    5.3176830197e+02    8.8312682900e-01    9.9559445489e-01
       120   -4.5381093956e+01    2.0607666247e+03   -8.1826360714e+01    3.6445266757e+01   -2.2113923444e+01    2.7042153853e+00   -1.1313974574e+01   -5.1102678081e+01   -1.1037665786e+01    5.3191942702e+02    7.5827633600e-01    9.9647556391e-01
       121   -4.5449994285e+01    2.0678072876e+03   -8.1801061475e+01    3.6351067190e+01   -2.2171299053e+01    2.7663205875e+00   -1.1293404929e+01   -5.1102678081e+01   -1.1019665087e+01    5.3312156998e+02    7.4214332800e-01    9.9642354597e-01
       122   -4.5384322081e+01    2.0612156785e+03   -8.1911103697e+01    3.6526781615e+01   -2.2267111323e+01    2.7884155790e+00   -1.1329729871e+01   -5.1102678081e+01   -1.1054009469e+01    5.3613505851e+02    7.5010842900e-01    9.9656016791e-01
       123   -4.5415179021e+01    2.0640959798e+03   -8.1912396304e+01    3.6497217283e+01   -2.2308928718e+01    2.8451704926e+00   -1.1345959998e+01   -5.1102678081e+01   -1.1067684430e+01    5.3511168331e+02    7.6540738800e-01    9.9643691589e-01
       124   -4.5354362644e+01    2.0584392715e+03   -8.1943127650e+01    3.6588765006e+01   -2.2018376689e+01    2.5548653574e+00   -1.1376938237e+01   -5.1102678081e+01   -1.1100894038e+01    5.3707345811e+02    7.6335378900e-01    9.9621741155e-01
       125   -4.5381211105e+01    2.0609744412e+03   -8.2251407049e+01    3.6870195944e+01   -2.2413478395e+01    2.5157486135e+00   -1.1250999186e+01   -5.1102678081e+01   -1.0975178653e+01    5.3595478462e+02    7.6596834500e-01    9.9580223881e-01
       126   -4.5394358194e+01    2.0620954103e+03   -8.2201751233e+01    3.6807393039e+01   -2.2350785658e+01    2.4788295641e+00   -1.1227117058e+01   -5.1102678081e+01   -1.0950692967e+01    5.3805230154e+02    7.6066347800e-01    9.9634061338e-01
       127   -4.5332949746e+01    2.0565005430e+03   -8.2253820765e+01    3.6920871018e+01   -2.2396683025e+01    2.4831147545e+00   -1.1237574413e+01   -5.1102678081e+01   -1.0955195343e+01    5.3888207500e+02    7.5768965500e-01    9.9692717996e-01
       128   -4.5365033521e+01    2.0593505505e+03   -8.2494315018e+01    3.7129281497e+01   -2.2560309850e+01    2.4309843082e+00   -1.1262311395e+01   -5.1102678081e+01   -1.0982945536e+01    5.3678599082e+02    7.4851982100e-01    9.9639199255e-01
       129   -4.5372094812e+01    2.0601809956e+03   -8.2532387879e+01    3.7160293067e+01   -2.2476538543e+01    2.3412804723e+00   -1.1294451727e+01   -5.1102678081e+01   -1.1010360488e+01    5.3295012359e+02    8.4747730200e-01    9.9630628518e-01
       130   -4.5385261929e+01    2.0613344897e+03   -8.2200631186e+01    3.6815369257e+01   -2.2324927214e+01    2.4947030901e+00   -1.1267728981e+01   -5.1102678081e+01   -1.0989105341e+01    5.3400826728e+02    7.3550950800e-01    9.9508426966e-01
       131   -4.5340073010e+01    2.0573340630e+03   -8.2169457113e+01    3.6829384103e+01   -2.2214386395e+01    2.4661857870e+00   -1.1318578424e+01   -5.1102678081e+01   -1.1044175176e+01    5.3496832099e+02    7.4695109600e-01    9.9672897196e-01
       132   -4.5375310866e+01    2.0604432816e+03   -8.2041678383e+01    3.6666367517e+01   -2.2234831279e+01    2.5721298275e+00   -1.1276298851e+01   -5.1102678081e+01   -1.1003792449e+01    5.2691009485e+02    7.3510450000e-01    9.9561195446e-01
       133   -4.5394120195e+01    2.0620533377e+03   -8.2135597517e+01    3.6741477322e+01   -2.2259025997e+01    2.6278256299e+00   -1.1401719069e+01   -5.1102678081e+01   -1.1135181302e+01    5.2908452975e+02    7.3902541800e-01    9.9480151229e-01
       134   -4.5340734326e+01    2.0569974452e+03   -8.2194070319e+01    3.6853335994e+01   -2.2181337828e+01    2.5045816091e+00   -1.1414636019e+01   -5.1102678081e+01   -1.1149278992e+01    5.3099317472e+02    7.4810215100e-01    9.9552730697e-01
       135   -4.5353744322e+01    2.0581816347e+03   -8.2033149418e+01    3.6679405096e+01   -2.2124686535e+01    2.6137100252e+00   -1.1419494827e+01   -5.1102678081e+01   -1.1148690356e+01    5.3086048788e+02    7.4590448400e-01    9.9611581921e-01
       136   -4.5367412929e+01    2.0595691343e+03   -8.2208002781e+01    3.6840589852e+01   -2.2338474600e+01    2.5504570168e+00   -1.1317307116e+01   -5.1102678081e+01   -1.1041427033e+01    5.2794159615e+02    7.7784813100e-01    9.9638967803e-01
       137   -4.5315985288e+01    2.0547979243e+03   -8.2188204801e+01    3.6872219513e+01   -2.2384686443e+01    2.6848043506e+00   -1.1385644627e+01   -5.1102678081e+01   -1.1109067123e+01    5.2686068543e+02    7.4901722300e-01    9.9656072106e-01
       138   -4.5356470477e+01    2.0584824692e+03   -8.1986408066e+01    3.6629937589e+01   -2.2133398946e+01    2.6282109391e+00   -1.1378541978e+01   -5.1102678081e+01   -1.1108239411e+01    5.2289188612e+02    7.3062916100e-01    9.9617590822e-01
       139   -4.5281620094e+01    2.0516080498e+03   -8.1790820903e+01    3.6509200809e+01   -2.2042370693e+01    2.7457650176e+00   -1.1391537146e+01   -5.1102678081e+01   -1.1114126628e+01    5.1881276688e+02    8.2245965100e-01    9.9566473988e-01
       140   -4.5312823881e+01    2.0545416214e+03   -8.1802139321e+01    3.6489315439e+01   -2.2179527623e+01    2.8033801211e+00   -1.1323313738e+01   -5.1102678081e+01   -1.1051688030e+01    5.2073063436e+02    7.0789622400e-01    9.9592130518e-01
       141   -4.5308215304e+01    2.0539321830e+03   -8.1852303761e+01    3.6544088457e+01   -2.2212974903e+01    2.8277654930e+00   -1.1364416270e+01   -5.1102678081e+01   -1.1086147875e+01    5.2180101071e+02    7.3215302900e-01    9.9712643678e-01
       142   -4.5292538530e+01    2.0525789073e+03   -8.2069208424e+01    3.6776669894e+01   -2.2302908851e+01    2.7384699044e+00   -1.1402091397e+01   -5.1102678081e+01   -1.1127950632e+01    5.2071670330e+02    7.3646908100e-01    9.9610124760e-01
       143   -4.5312921818e+01    2.0545836126e+03   -8.2230017401e+01    3.6917095583e+01   -2.2555508026e+01    2.8086309624e+00   -1.1380462256e+01   -5.1102678081e+01   -1.1105163934e+01    5.1874959985e+02    7.3349029900e-01    9.9608622351e-01
       144   -4.5329036792e+01    2.0562409661e+03   -8.2524355743e+01    3.7195318951e+01   -2.2841096616e+01    2.8055544608e+00   -1.1386135507e+01   -5.1102678081e+01   -1.1114856912e+01    5.1787686182e+02    7.2179069000e-01    9.9607866795e-01
       145   -4.5290176831e+01    2.0526960987e+03   -8.2289409826e+01    3.6999232996e+01   -2.2714686178e+01    2.9567944319e+00   -1.1428839999e+01   -5.1102678081e+01   -1.1165432409e+01    5.2082520895e+02    7.2550706400e-01    9.9550143954e-01
       146   -4.5312370149e+01    2.0546398535e+03   -8.2022327278e+01    3.6709957130e+01   -2.2603255409e+01    3.1248131851e+00   -1.1441206974e+01   -5.1102678081e+01   -1.1181236483e+01    5.2273905987e+02    7.3008315900e-01    9.9599665392e-01
       147   -4.5324205697e+01    2.0555119231e+03   -8.2319410401e+01    3.6995204704e+01   -2.2604975321e+01    2.7753522733e+00   -1.1387109272e+01   -5.1102678081e+01   -1.1119406790e+01    5.1981448694e+02    7.1878311300e-01    9.9645432692e-01
       148   -4.5315110575e+01    2.0546835898e+03   -8.2134414913e+01    3.6819304338e+01   -2.2615139565e+01    2.8920770844e+00   -1.1308674351e+01   -5.1102678081e+01   -1.1038209542e+01    5.1682340142e+02    7.1233819500e-01    9.9601063830e-01
       149   -4.5259121685e+01    2.0494946482e+03   -8.2198411468e+01    3.6939289782e+01   -2.2596099259e+01    2.8133691805e+00   -1.1313003309e+01   -5.1102678081e+01   -1.1037335348e+01    5.1870405584e+02    8.1634366100e-01    9.9542389210e-01
       150   -4.5252436087e+01    2.0490396114e+03   -8.2489167147e+01    3.7236731060e+01   -2.2732924902e+01    2.7635352598e+00   -1.1417099424e+01   -5.1102678081e+01   -1.1135296398e+01    5.1754087818e+02    7.1942338400e-01    9.9426882239e-01
       151   -4.5277941495e+01    2.0513294496e+03   -8.2311154197e+01    3.7033212702e+01   -2.2540526109e+01    2.6963282638e+00   -1.1364278270e+01   -5.1102678081e+01   -1.1085861415e+01    5.1458317930e+02    7.1495694600e-01    9.9623786408e-01
       152   -4.5277022971e+01    2.0512345272e+03   -8.2228195419e+01    3.6951172448e+01   -2.2721478047e+01    2.8518516491e+00   -1.1255890940e+01   -5.1102678081e+01   -1.0979345187e+01    5.1270402217e+02    7.1644916500e-01    9.9622319688e-01
       153   -4.5304944410e+01    2.0540188550e+03   -8.2176310031e+01    3.6871365621e+01   -2.2788299446e+01    2.9495479845e+00   -1.1234880488e+01   -5.1102678081e+01   -1.0954967329e+01    5.1384064487e+02    7.1725478900e-01    9.9568336576e-01
       154   -4.5319053791e+01    2.0552926968e+03   -8.2455544793e+01    3.7136491003e+01   -2.2885479844e+01    2.8393795932e+00   -1.1306766462e+01   -5.1102678081e+01   -1.1033719773e+01    5.1185581641e+02    7.0885306500e-01    9.9603271484e-01
       155   -4.5332297786e+01    2.0563401221e+03   -8.2510389841e+01    3.7178092055e+01   -2.2865198784e+01    2.7062277594e+00   -1.1248740735e+01   -5.1102678081e+01   -1.0982434383e+01    5.0897544041e+02    7.1051584400e-01    9.9422888016e-01
       156   -4.5291768996e+01    2.0528875810e+03   -8.2757169763e+01    3.7465400767e+01   -2.3045890635e+01    2.7380378939e+00   -1.1346638941e+01   -5.1102678081e+01   -1.1078558342e+01    5.0891389722e+02    7.1937925600e-01    9.9576375246e-01
       157   -4.5348375648e+01    2.0581044472e+03   -8.2500653801e+01    3.7152278153e+01   -2.3100840662e+01    2.9745781034e+00   -1.1271713161e+01   -5.1102678081e+01   -1.0994346083e+01    5.0896057508e+02    7.0758862400e-01    9.9625491159e-01
       158   -4.5365268383e+01    2.0595690097e+03   -8.2228187448e+01    3.6862919065e+01   -2.3133124173e+01    3.2156186910e+00   -1.1208003885e+01   -5.1102678081e+01   -1.0931989316e+01    5.1013495702e+02    7.0552346400e-01    9.9613970588e-01
       159   -4.5263128462e+01    2.0499885981e+03   -8.2733395989e+01    3.7470267527e+01   -2.3085382763e+01    2.7984770267e+00   -1.1343812172e+01   -5.1102678081e+01   -1.1074243124e+01    5.0592670614e+02    7.9998034900e-01    9.9697381423e-01
       160   -4.5307230738e+01    2.0542357260e+03   -8.2696175311e+01    3.7388944573e+01   -2.2950733123e+01    2.6703783497e+00   -1.1313142457e+01   -5.1102678081e+01   -1.1044849430e+01    5.0480155375e+02    6.9687843900e-01    9.9659653465e-01
       161   -4.5302076770e+01    2.0540250106e+03   -8.2773306309e+01    3.7471229538e+01   -2.3088801834e+01    2.7018034146e+00   -1.1283629808e+01   -5.1102678081e+01   -1.1018133368e+01    5.0392600578e+02    6.8479894000e-01    9.9665178571e-01
       162   -4.5354678624e+01    2.0584224965e+03   -8.2387199147e+01    3.7032520524e+01   -2.3059356500e+01    3.0613000870e+00   -1.1286464653e+01   -5.1102678081e+01   -1.1020174215e+01    5.0306188425e+02    7.1084058500e-01    9.9596172962e-01
       163   -4.5309527401e+01    2.0541034161e+03   -8.2509963554e+01    3.7200436153e+01   -2.3073611377e+01    2.9310490789e+00   -1.1264723175e+01   -5.1102678081e+01   -1.1001620135e+01    5.0008964136e+02    7.0054745100e-01    9.9587500000e-01
       164   -4.5369879068e+01    2.0596651832e+03   -8.2496459418e+01    3.7126580349e+01   -2.3138784703e+01    3.0608948767e+00   -1.1315891511e+01   -5.1102678081e+01   -1.1050940371e+01    5.0217514156e+02    7.2376197100e-01    9.9570468127e-01
       165   -4.5517374186e+01    2.0737961028e+03   -8.2176242220e+01    3.6658868035e+01   -2.3411311120e+01    3.5758297265e+00   -1.1238082745e+01   -5.1102678081e+01   -1.0971856749e+01    5.0169031120e+02    6.9191554200e-01    9.9625748503e-01
       166   -4.5405414085e+01    2.0632476715e+03   -8.2362042514e+01    3.6956628430e+01   -2.3260031130e+01    3.3331640340e+00   -1.1332497337e+01   -5.1102678081e+01   -1.1062940425e+01    5.0072848922e+02    6.9472476400e-01    9.9631250000e-01
       167   -4.5449670214e+01    2.0670063453e+03   -8.2428863996e+01    3.6979193782e+01   -2.3159006981e+01    3.1768887341e+00   -1.1344067668e+01   -5.1102678081e+01   -1.1073831459e+01    5.0256816504e+02    7.1379374100e-01    9.9576693227e-01
       168   -4.5484656377e+01    2.0702797129e+03   -8.2390994237e+01    3.6906337860e+01   -2.2945602336e+01    3.0229618161e+00   -1.1365675636e+01   -5.1102678081e+01   -1.1095510509e+01    5.0377736953e+02    7.2072161700e-01    9.9770129225e-01
       169   -4.5376319944e+01    2.0603873404e+03   -8.2472381468e+01    3.7096061523e+01   -2.2946407683e+01    2.8330493317e+00   -1.1256345036e+01   -5.1102678081e+01   -1.0983070633e+01    5.0354814336e+02    8.0243708600e-01    9.9645874751e-01
       170   -4.5393855601e+01    2.0620403409e+03   -8.2180906413e+01    3.6787050813e+01   -2.2806815578e+01    3.0336850445e+00   -1.1305097799e+01   -5.1102678081e+01   -1.1035493953e+01    5.0230443626e+02    7.2334116000e-01    9.9626494024e-01
       171   -4.5412191291e+01    2.0637820901e+03   -8.2439390181e+01    3.7027198890e+01   -2.2941571784e+01    2.9331693754e+00   -1.1328309692e+01   -5.1102678081e+01   -1.1065310737e+01    5.0341087532e+02    7.0587792400e-01    9.9565109344e-01
       172   -4.5404504095e+01    2.0631993163e+03   -8.2361136665e+01    3.6956632570e+01   -2.2977066281e+01    3.1086369935e+00   -1.1390029296e+01   -5.1102678081e+01   -1.1124499694e+01    5.0449520122e+02    6.9466102300e-01    9.9584573413e-01
       173   -4.5417725351e+01    2.0640399017e+03   -8.2313555225e+01    3.6895829875e+01   -2.2846683002e+01    3.1158957317e+00   -1.1480089874e+01   -5.1102678081e+01   -1.1219129821e+01    5.0447801775e+02    7.0293744000e-01    9.9559771825e-01
       174   -4.5408140575e+01    2.0633096213e+03   -8.1905144699e+01    3.6497004124e+01   -2.2631502668e+01    3.1326002792e+00   -1.1303564229e+01   -5.1102678081e+01   -1.1037709658e+01    5.0242961123e+02    7.0163939500e-01    9.9688745020e-01
       175   -4.5412307418e+01    2.0636148114e+03   -8.1791208283e+01    3.6378900865e+01   -2.2476132992e+01    3.0919685647e+00   -1.1304365775e+01   -5.1102678081e+01   -1.1039243448e+01    5.0547343994e+02    6.9403913500e-01    9.9603960396e-01
       176   -4.5420237231e+01    2.0643647596e+03   -8.1948583585e+01    3.6528346354e+01   -2.2484483009e+01    2.9256892311e+00   -1.1287111726e+01   -5.1102678081e+01   -1.1027196395e+01    5.0145235650e+02    6.8645146200e-01    9.9631986028e-01
       177   -4.5414838188e+01    2.0638490638e+03   -8.1856435347e+01    3.6441597158e+01   -2.2483294160e+01    3.0004098889e+00   -1.1270872994e+01   -5.1102678081e+01   -1.1007237918e+01    5.0349868506e+02    6.9545741900e-01    9.9565109344e-01
       178   -4.5411577494e+01    2.0635981690e+03   -8.1674980264e+01    3.6263402770e+01   -2.2220510443e+01    2.9508522765e+00   -1.1302644017e+01   -5.1102678081e+01   -1.1043102269e+01    5.0342488008e+02    7.3001277300e-01    9.9540258449e-01
       179   -4.5359025200e+01    2.0586258599e+03   -8.1821868096e+01    3.6462842896e+01   -2.2467730476e+01    3.0946771734e+00   -1.1346136711e+01   -5.1102678081e+01   -1.1086838701e+01    5.0432684838e+02    7.8896518500e-01    9.9609375000e-01
       180   -4.5281144638e+01    2.0516789331e+03   -8.1914144268e+01    3.6632999630e+01   -2.2822549551e+01    3.3613020458e+00   -1.1350218682e+01   -5.1102678081e+01   -1.1085059755e+01    5.0697171268e+02    7.0262205500e-01    9.9556213018e-01
       181   -4.5391959759e+01    2.0617225096e+03   -8.2098356085e+01    3.6706396326e+01   -2.2769040678e+01    3.1285154611e+00   -1.1355152787e+01   -5.1102678081e+01   -1.1089852917e+01    5.0703687293e+02    6.9783608000e-01    9.9537721893e-01
       182   -4.5406700432e+01    2.0631159032e+03   -8.2233084864e+01    3.6826384432e+01   -2.2944099637e+01    3.1066217178e+00   -1.1292928863e+01   -5.1102678081e+01   -1.1026623792e+01    5.0836807346e+02    7.0197262200e-01    9.9569389764e-01
       183   -4.5380229070e+01    2.0604746753e+03   -8.2340241382e+01    3.6960012311e+01   -2.2907273889e+01    3.0316385482e+00   -1.1361927960e+01   -5.1102678081e+01   -1.1087858046e+01    5.0530592303e+02    7.0068173400e-01    9.9696782178e-01
       184   -4.5372709639e+01    2.0601301278e+03   -8.2532958463e+01    3.7160248824e+01   -2.2746725279e+01    2.7021560487e+00   -1.1385711152e+01   -5.1102678081e+01   -1.1116475970e+01    5.0325905024e+02    6.9037003700e-01    9.9583747515e-01
       185   -4.5333978309e+01    2.0563619118e+03   -8.2436537778e+01    3.7102559469e+01   -2.2674511495e+01    2.7590206187e+00   -1.1418368820e+01   -5.1102678081e+01   -1.1154618670e+01    5.0217616030e+02    6.9303844600e-01    9.9570468127e-01
       186   -4.5332370112e+01    2.0562109941e+03   -8.2224799200e+01    3.6892429088e+01   -2.2386443691e+01    2.7531679379e+00   -1.1488845366e+01   -5.1102678081e+01   -1.1229748925e+01    5.0308472790e+02    6.9188013600e-01    9.9608598410e-01
       187   -4.5393956095e+01    2.0617505277e+03   -8.2149754741e+01    3.6755798646e+01   -2.2465197029e+01    2.8655701919e+00   -1.1447449823e+01   -5.1102678081e+01   -1.1192242867e+01    5.0120093540e+02    6.9143275700e-01    9.9656936128e-01
       188   -4.5424541045e+01    2.0645356231e+03   -8.2302736674e+01    3.6878195628e+01   -2.2850488075e+01    3.1002605390e+00   -1.1449831057e+01   -5.1102678081e+01   -1.1200645312e+01    5.0242252677e+02    7.0804927400e-01    9.9589143426e-01
       189   -4.5461474042e+01    2.0679697822e+03   -8.2305930211e+01    3.6844456169e+01   -2.2715080959e+01    2.8699874478e+00   -1.1358158619e+01   -5.1102678081e+01   -1.1102384218e+01    5.0461020113e+02    8.1248484000e-01    9.9559771825e-01
       190   -4.5470372837e+01    2.0688133131e+03   -8.2023279601e+01    3.6552906763e+01   -2.2565963879e+01    2.9631690809e+00   -1.1317806721e+01   -5.1102678081e+01   -1.1063246391e+01    5.0669992396e+02    7.3334092000e-01    9.9635622530e-01
       191   -4.5430829308e+01    2.0653036112e+03   -8.2317425245e+01    3.6886595937e+01   -2.2655515946e+01    2.7832668536e+00   -1.1342498072e+01   -5.1102678081e+01   -1.1090554255e+01    5.0360133286e+02    7.0310025500e-01    9.9589960239e-01
       192   -4.5450452902e+01    2.0673292068e+03   -8.2250188988e+01    3.6799736086e+01   -2.2724603433e+01    2.9169591745e+00   -1.1339866648e+01   -5.1102678081e+01   -1.1082933792e+01    5.0355357476e+02    6.9708538900e-01    9.9540258449e-01
       193   -4.5414077386e+01    2.0639620838e+03   -8.2032786267e+01    3.6618708881e+01   -2.2536390778e+01    2.9870035461e+00   -1.1380720954e+01   -5.1102678081e+01   -1.1122950848e+01    5.0652227615e+02    6.9435980900e-01    9.9629446640e-01
       194   -4.5360107642e+01    2.0587330380e+03   -8.2010288361e+01    3.6650180720e+01   -2.2409488831e+01    2.8315777963e+00   -1.1329699246e+01   -5.1102678081e+01   -1.1078726332e+01    5.0726630245e+02    7.2550612800e-01    9.9605522682e-01
       195   -4.5368011569e+01    2.0596236020e+03   -8.2182598169e+01    3.6814586600e+01   -2.2555405981e+01    2.8257421914e+00   -1.1350256298e+01   -5.1102678081e+01   -1.1096962156e+01    5.0915295623e+02    7.0950473500e-01    9.9662328094e-01
       196   -4.5411615893e+01    2.0636715110e+03   -8.1866888713e+01    3.6455272819e+01   -2.2446050319e+01    3.0228359618e+00   -1.1340996275e+01   -5.1102678081e+01   -1.1089955347e+01    5.1025933420e+02    7.0449298200e-01    9.9638480392e-01
       197   -4.5462164926e+01    2.0683554909e+03   -8.2048600214e+01    3.6586435288e+01   -2.2494661501e+01    2.8480254985e+00   -1.1299286131e+01   -5.1102678081e+01   -1.1043554054e+01    5.1347512088e+02    7.0823055200e-01    9.9628411306e-01
       198   -4.5447486389e+01    2.0668580787e+03   -8.2399769430e+01    3.6952283040e+01   -2.2617150755e+01    2.6103583821e+00   -1.1290298976e+01   -5.1102678081e+01   -1.1037550906e+01    5.1450207637e+02    7.1110039700e-01    9.9592655642e-01
       199   -4.5471545850e+01    2.0691242885e+03   -8.2419439224e+01    3.6947893374e+01   -2.3075705256e+01    3.0878885010e+00   -1.1328944388e+01   -5.1102678081e+01   -1.1072633646e+01    5.1656139447e+02    8.1243234200e-01    9.9527616279e-01
       200   -4.5412984052e+01    2.0638266210e+03   -8.2379841978e+01    3.6966857926e+01   -2.2866530694e+01    2.9367842334e+00   -1.1347417436e+01   -5.1102678081e+01   -1.1096031152e+01    5.1342226109e+02    7.1346894600e-01    9.9719785575e-01
       201   -4.5443343248e+01    2.0668166160e+03   -8.2448881901e+01    3.7005538653e+01   -2.2635614945e+01    2.6019608374e+00   -1.1312549713e+01   -5.1102678081e+01   -1.1062671865e+01    5.0742331644e+02    6.9708781600e-01    9.9636341223e-01
       202   -4.5440658461e+01    2.0666806624e+03   -8.2065170892e+01    3.6624512431e+01   -2.2607809369e+01    2.9455305391e+00   -1.1300213981e+01   -5.1102678081e+01   -1.1044679986e+01    5.0649368429e+02    6.9704187700e-01    9.9586215415e-01
       203   -4.5401034750e+01    2.0626783639e+03   -8.2075933458e+01    3.6674898709e+01   -2.2455716316e+01    2.8319524607e+00   -1.1349491521e+01   -5.1102678081e+01   -1.1089855266e+01    5.0543668272e+02    7.0101919300e-01    9.9591584158e-01
       204   -4.5417148217e+01    2.0642579101e+03   -8.1898251064e+01    3.6481102847e+01   -2.2478852360e+01    2.9911812857e+00   -1.1307901909e+01   -5.1102678081e+01   -1.1047089472e+01    5.0235960952e+02    7.0210523900e-01    9.9558017928e-01
       205   -4.5422895512e+01    2.0649445519e+03   -8.1769802977e+01    3.6346907465e+01   -2.2255438170e+01    2.9475262749e+00   -1.1359213000e+01   -5.1102678081e+01   -1.1102785681e+01    5.0143248251e+02    7.0264489800e-01    9.9588323353e-01
       206   -4.5400117619e+01    2.0626428845e+03   -8.1888791198e+01    3.6488673579e+01   -2.2336397796e+01    2.9668607524e+00   -1.1416576074e+01   -5.1102678081e+01   -1.1160088278e+01    5.0038911565e+02    7.0750518700e-01    9.9656250000e-01
       207   -4.5351796272e+01    2.0582356190e+03   -8.1786711837e+01    3.6434915565e+01   -2.2195146828e+01    3.0469787046e+00   -1.1535865632e+01   -5.1102678081e+01   -1.1279135377e+01    5.0324206156e+02    7.0252372500e-01    9.9701789264e-01
       208   -4.5348760473e+01    2.0578471597e+03   -8.1991858271e+01    3.6643097798e+01   -2.2209420300e+01    2.8892037708e+00   -1.1568963662e+01   -5.1102678081e+01   -1.1313945742e+01    5.0613461808e+02    7.1144927900e-01    9.9678853755e-01
       209   -4.5364666487e+01    2.0594609851e+03   -8.2157611622e+01    3.6792945135e+01   -2.2261745316e+01    2.7348909461e+00   -1.1528079171e+01   -5.1102678081e+01   -1.1268987241e+01    5.0608855939e+02    7.9255959800e-01    9.9555335968e-01
       210   -4.5342675527e+01    2.0573277007e+03   -8.2241198137e+01    3.6898522610e+01   -2.2224076889e+01    2.6257644688e+00   -1.1540207636e+01   -5.1102678081e+01   -1.1280526844e+01    5.0906527683e+02    7.0306789900e-01    9.9625491159e-01
       211   -4.5327304419e+01    2.0560254121e+03   -8.2259194688e+01    3.6931890268e+01   -2.2210217491e+01    2.5733201677e+00   -1.1519619284e+01   -5.1102678081e+01   -1.1256865252e+01    5.1093918139e+02    7.1108021400e-01    9.9541340509e-01
       212   -4.5327045811e+01    2.0558887892e+03   -8.2006792406e+01    3.6679746595e+01   -2.2166024307e+01    2.7544437774e+00   -1.1492533795e+01   -5.1102678081e+01   -1.1229864004e+01    5.0994369730e+02    7.0938694300e-01    9.9620098039e-01
       213   -4.5278098990e+01    2.0513779837e+03   -8.2323648173e+01    3.7045549184e+01   -2.2389558723e+01    2.6050240218e+00   -1.1436435391e+01   -5.1102678081e+01   -1.1177587203e+01    5.0779246319e+02    7.0347385300e-01    9.9557086614e-01
       214   -4.5226758010e+01    2.0466288049e+03   -8.2195911269e+01    3.6969153259e+01   -2.2231898405e+01    2.6556236282e+00   -1.1516958411e+01   -5.1102678081e+01   -1.1260706923e+01    5.0854257555e+02    7.2235300800e-01    9.9594793713e-01
       215   -4.5283088157e+01    2.0520815072e+03   -8.2159192026e+01    3.6876103869e+01   -2.2127514711e+01    2.4955013740e+00   -1.1424500608e+01   -5.1102678081e+01   -1.1172594281e+01    5.0956928968e+02    7.1603454400e-01    9.9626225490e-01
       216   -4.5318730287e+01    2.0552397431e+03   -8.2497904175e+01    3.7179173888e+01   -2.2411609503e+01    2.4345423248e+00   -1.1418158915e+01   -5.1102678081e+01   -1.1168361374e+01    5.0875746221e+02    7.0535576200e-01    9.9594793713e-01
       217   -4.5328177230e+01    2.0559804162e+03   -8.2563244368e+01    3.7235067139e+01   -2.2349981958e+01    2.4315475728e+00   -1.1542131902e+01   -5.1102678081e+01   -1.1295287000e+01    5.0888375510e+02    6.9804390300e-01    9.9631630648e-01
       218   -4.5326539806e+01    2.0558420504e+03   -8.2632974302e+01    3.7306434496e+01   -2.2680008540e+01    2.6338806868e+00   -1.1484168368e+01   -5.1102678081e+01   -1.1225626470e+01    5.0993948079e+02    7.0621035500e-01    9.9552696078e-01
       219   -4.5391348406e+01    2.0619390912e+03   -8.2588971659e+01    3.7197623253e+01   -2.2807287062e+01    2.8099429912e+00   -1.1488949507e+01   -5.1102678081e+01   -1.1233829431e+01    5.0909554699e+02    7.9136967500e-01    9.9564096267e-01
       220   -4.5356107279e+01    2.0586337764e+03   -8.2223880403e+01    3.6867773124e+01   -2.2765765505e+01    3.1627949795e+00   -1.1518231796e+01   -5.1102678081e+01   -1.1260790907e+01    5.0614127559e+02    7.4944466700e-01    9.9586215415e-01
       221   -4.5284795011e+01    2.0521242231e+03   -8.2205873146e+01    3.6921078135e+01   -2.2855021072e+01    3.1942288453e+00   -1.1442402837e+01   -5.1102678081e+01   -1.1176585886e+01    5.0489207474e+02    7.0725525300e-01    9.9591584158e-01
       222   -4.5317847675e+01    2.0550594622e+03   -8.2092337444e+01    3.6774489769e+01   -2.2799975957e+01    3.1507002189e+00   -1.1340383625e+01   -5.1102678081e+01   -1.1072668639e+01    5.0184052467e+02    6.9267763500e-01    9.9607818725e-01
       223   -4.5305966268e+01    2.0540620576e+03   -8.1951462340e+01    3.6645496072e+01   -2.2582196951e+01    3.1678304249e+00   -1.1434417732e+01   -5.1102678081e+01   -1.1169783351e+01    5.0090576468e+02    7.2193724800e-01    9.9607035928e-01
       224   -4.5346549238e+01    2.0578920990e+03   -8.1987541940e+01    3.6640992702e+01   -2.2675945357e+01    3.2113059904e+00   -1.1420224492e+01   -5.1102678081e+01   -1.1156014527e+01    5.0199092129e+02    7.3714407400e-01    9.9545567729e-01
       225   -4.5348760415e+01    2.0582329558e+03   -8.1877957417e+01    3.6529197002e+01   -2.2529779952e+01    3.1688457133e+00   -1.1414345097e+01   -5.1102678081e+01   -1.1143261534e+01    5.0309051066e+02    6.9457435500e-01    9.9546471173e-01
       226   -4.5304126738e+01    2.0536108779e+03   -8.1748745834e+01    3.6444619096e+01   -2.2546268954e+01    3.3060378788e+00   -1.1405836677e+01   -5.1102678081e+01   -1.1134140447e+01    5.0194159772e+02    6.8448448800e-01    9.9645169323e-01
       227   -4.5330243905e+01    2.0559584496e+03   -8.1901701072e+01    3.6571457167e+01   -2.2485486287e+01    2.9783403439e+00   -1.1291877048e+01   -5.1102678081e+01   -1.1026523916e+01    5.0096579853e+02    6.8581457200e-01    9.9569610778e-01
       228   -4.5323092800e+01    2.0554249616e+03   -8.2151132082e+01    3.6828039282e+01   -2.2458891962e+01    2.7499909582e+00   -1.1339552997e+01   -5.1102678081e+01   -1.1073766442e+01    4.9998960581e+02    6.8157138800e-01    9.9668750000e-01
       229   -4.5346418073e+01    2.0573530008e+03   -8.2060649774e+01    3.6714231701e+01   -2.2229790688e+01    2.6648344360e+00   -1.1393015440e+01   -5.1102678081e+01   -1.1128820501e+01    4.9908184180e+02    7.6854955100e-01    9.9542835671e-01
       230   -4.5326987373e+01    2.0559138024e+03   -8.2274696252e+01    3.6947708879e+01   -2.2451435719e+01    2.6358670324e+00   -1.1356449484e+01   -5.1102678081e+01   -1.1091613239e+01    5.0106894970e+02    6.8629515500e-01    9.9600798403e-01
       231   -4.5283335011e+01    2.0516632989e+03   -8.2104244008e+01    3.6820908997e+01   -2.2518095910e+01    2.7352130762e+00   -1.1218683093e+01   -5.1102678081e+01   -1.0948815515e+01    5.0090203844e+02    6.8687998900e-01    9.9600798403e-01
       232   -4.5366981799e+01    2.0593061975e+03   -8.1675684931e+01    3.6308703133e+01   -2.2302616419e+01    2.8818383131e+00   -1.1152228745e+01   -5.1102678081e+01   -1.0885213040e+01    5.0300021934e+02    6.9076241700e-01    9.9658300199e-01
       233   -4.5396679834e+01    2.0626994729e+03   -8.1624099090e+01    3.6227419256e+01   -2.2536704062e+01    3.1174807027e+00   -1.1102197650e+01   -5.1102678081e+01   -1.0833780683e+01    5.0318570538e+02    6.8844355600e-01    9.9633449304e-01
       234   -4.5341569030e+01    2.0571847985e+03   -8.2041788496e+01    3.6700219466e+01   -2.2556105274e+01    2.8286967045e+00   -1.1211701846e+01   -5.1102678081e+01   -1.0939766403e+01    5.0208899569e+02    7.0355064100e-01    9.9533117530e-01
       235   -4.5323361707e+01    2.0554918736e+03   -8.1964942376e+01    3.6641580668e+01   -2.2429864717e+01    2.8013488892e+00   -1.1233748466e+01   -5.1102678081e+01   -1.0964397521e+01    5.0708697820e+02    7.0330291700e-01    9.9562376726e-01
       236   -4.5398937365e+01    2.0625931546e+03   -8.2318503272e+01    3.6919565907e+01   -2.2875294753e+01    2.9208397575e+00   -1.1261370195e+01   -5.1102678081e+01   -1.0994695937e+01    5.1111954311e+02    7.1175848800e-01    9.9553571429e-01
       237   -4.5333430322e+01    2.0565318473e+03   -8.1978318839e+01    3.6644888517e+01   -2.2702412040e+01    3.1380973045e+00   -1.1311326023e+01   -5.1102678081e+01   -1.1045816679e+01    5.1209055310e+02    7.1014900500e-01    9.9621582031e-01
       238   -4.5374284180e+01    2.0605332517e+03   -8.2055233569e+01    3.6680949389e+01   -2.2709499894e+01    3.1330343825e+00   -1.1376089976e+01   -5.1102678081e+01   -1.1111095260e+01    5.1002736601e+02    7.0036860900e-01    9.9558823529e-01
       239   -4.5314996111e+01    2.0549852743e+03   -8.1929348247e+01    3.6614352136e+01   -2.2695315903e+01    3.1576488863e+00   -1.1289003149e+01   -5.1102678081e+01   -1.1015475932e+01    5.0701677782e+02    7.8782880300e-01    9.9660996055e-01
       240   -4.5363699908e+01    2.0592391778e+03   -8.1980319951e+01    3.6616620043e+01   -2.2544730069e+01    3.0199436844e+00   -1.1352855486e+01   -5.1102678081e+01   -1.1085978314e+01    5.0601167015e+02    6.9043869000e-01    9.9697381423e-01
       241   -4.5388498692e+01    2.0616995183e+03   -8.1828306889e+01    3.6439808197e+01   -2.2774326349e+01    3.2985122136e+00   -1.1249814672e+01   -5.1102678081e+01   -1.0977801035e+01    5.0624764663e+02    6.9438882600e-01    9.9598567194e-01
       242   -4.5342838658e+01    2.0574782490e+03   -8.2198634290e+01    3.6855795632e+01   -2.2726630804e+01    2.9370047932e+00   -1.1306330198e+01   -5.1102678081e+01   -1.1031778543e+01    5.0813565704e+02    6.9770986900e-01    9.9692421260e-01
       243   -4.5421629516e+01    2.0646593237e+03   -8.2016888211e+01    3.6595258695e+01   -2.2730901372e+01    3.1160240380e+00   -1.1299332797e+01   -5.1102678081e+01   -1.1033130642e+01    5.0620186571e+02    6.9673977100e-01    9.9610918972e-01
       244   -4.5423583103e+01    2.0648901159e+03   -8.2107881699e+01    3.6684298596e+01   -2.2708519951e+01    3.0315616788e+00   -1.1328245346e+01   -5.1102678081e+01   -1.1065246805e+01    5.0741502494e+02    6.8873598800e-01    9.9617850099e-01
       245   -4.5387469937e+01    2.0615243757e+03   -8.2518677977e+01    3.7131208040e+01   -2.3000412793e+01    2.8657474656e+00   -1.1281334568e+01   -5.1102678081e+01   -1.1017070916e+01    5.1030729075e+02    6.9753022800e-01    9.9558823529e-01
       246   -4.5453792670e+01    2.0673847716e+03   -8.2320291074e+01    3.6866498404e+01   -2.3030291688e+01    3.0765108757e+00   -1.1263832181e+01   -5.1102678081e+01   -1.0998568386e+01    5.0937182464e+02    7.0012358800e-01    9.9600933202e-01
       247   -4.5426251082e+01    2.0647631912e+03   -8.2465393762e+01    3.7039142680e+01   -2.3073463490e+01    3.0383927814e+00   -1.1327644972e+01   -5.1102678081e+01   -1.1065503180e+01    5.1351833657e+02    7.2089841300e-01    9.9597953216e-01
       248   -4.5378457819e+01    2.0606333139e+03   -8.2375977486e+01    3.6997519667e+01   -2.3222525977e+01    3.2132263607e+00   -1.1263999788e+01   -5.1102678081e+01   -1.0995764312e+01    5.1526583634e+02    7.4698984100e-01    9.9641990291e-01
       249   -4.5382723982e+01    2.0609755263e+03   -8.2587160406e+01    3.7204436424e+01   -2.3447083305e+01    3.1711104019e+00   -1.1208509422e+01   -5.1102678081e+01   -1.0939080131e+01    5.1509968963e+02    8.1050133400e-01    9.9660194175e-01
       250   -4.5429548760e+01    2.0651884781e+03   -8.2364938224e+01    3.6935389464e+01   -2.3438831924e+01    3.3248177436e+00   -1.1148245962e+01   -5.1102678081e+01   -1.0881795449e+01    5.1524165776e+02    7.1012073700e-01    9.9641990291e-01
       251   -4.5370265982e+01    2.0599314971e+03   -8.2906069524e+01    3.7535803543e+01   -2.3615487656e+01    3.0845361549e+00   -1.1272439942e+01   -5.1102678081e+01   -1.1014409926e+01    5.1422185103e+02    6.9722129800e-01    9.9574416342e-01
       252   -4.5383664326e+01    2.0613712334e+03   -8.2729366178e+01    3.7345701851e+01   -2.3560298709e+01    3.2255819500e+00   -1.1291971337e+01   -5.1102678081e+01   -1.1040550281e+01    5.1412408938e+02    6.9992759200e-01    9.9629134241e-01
       253   -4.5427194237e+01    2.0656427165e+03   -8.3354191317e+01    3.7926997080e+01   -2.3752589373e+01    2.7782836101e+00   -1.1277207473e+01   -5.1102678081e+01   -1.1023800098e+01    5.1624995729e+02    7.0727759900e-01    9.9594234496e-01
       254   -4.5492995095e+01    2.0714348248e+03   -8.3358906906e+01    3.7865911811e+01   -2.4102556077e+01    3.0315998620e+00   -1.1185272610e+01   -5.1102678081e+01   -1.0932428827e+01    5.1450279004e+02    7.0755908800e-01    9.9574416342e-01
       255   -4.5466118910e+01    2.0686083899e+03   -8.3325130408e+01    3.7859011497e+01   -2.3873597987e+01    2.9507998228e+00   -1.1299654162e+01   -5.1102678081e+01   -1.1048938512e+01    5.1463660034e+02    7.0310891200e-01    9.9592655642e-01
       256   -4.5453172893e+01    2.0680494057e+03   -8.3116456786e+01    3.7663283893e+01   -2.3724544468e+01    3.0031474350e+00   -1.1292381672e+01   -5.1102678081e+01   -1.1035450037e+01    5.1642069670e+02    7.0290888800e-01    9.9570009690e-01
       257   -4.5451623262e+01    2.0673545107e+03   -8.3302318529e+01    3.7850695267e+01   -2.3744805632e+01    2.7938232006e+00   -1.1248658017e+01   -5.1102678081e+01   -1.0996324648e+01    5.1835975756e+02    7.0791619500e-01    9.9535472973e-01
       258   -4.5386310124e+01    2.0613359720e+03   -8.3323780901e+01    3.7937470777e+01   -2.3736072572e+01    2.7770039810e+00   -1.1262034229e+01   -5.1102678081e+01   -1.1013777906e+01    5.2027036084e+02    7.2495551800e-01    9.9663461538e-01
       259   -4.5399709771e+01    2.0626981182e+03   -8.3247826199e+01    3.7848116428e+01   -2.3877078745e+01    2.9297382128e+00   -1.1197807586e+01   -5.1102678081e+01   -1.0955839893e+01    5.2113928806e+02    8.3354304600e-01    9.9598128599e-01
       260   -4.5392983327e+01    2.0619760111e+03   -8.3051954401e+01    3.7658971074e+01   -2.3704146247e+01    2.9039317748e+00   -1.1149061848e+01   -5.1102678081e+01   -1.0907412037e+01    5.2311830729e+02    7.2862131400e-01    9.9611615679e-01
       261   -4.5368572210e+01    2.0597765006e+03   -8.3178269010e+01    3.7809696800e+01   -2.3827262477e+01    2.8629987409e+00   -1.1111327193e+01   -5.1102678081e+01   -1.0867005897e+01    5.2503209767e+02    7.3135366800e-01    9.9589285714e-01
       262   -4.5403821889e+01    2.0633131528e+03   -8.2921309165e+01    3.7517487276e+01   -2.3911470510e+01    3.2213144618e+00   -1.1128475035e+01   -5.1102678081e+01   -1.0886414257e+01    5.2501050585e+02    8.0961436000e-01    9.9666666667e-01
       263   -4.5383769727e+01    2.0611828944e+03   -8.2898605727e+01    3.7514836000e+01   -2.3818845201e+01    3.1283878018e+00   -1.1105470247e+01   -5.1102678081e+01   -1.0863673087e+01    5.2605130210e+02    7.9424123200e-01    9.9578184411e-01
       264   -4.5353568250e+01    2.0583015868e+03   -8.2998413405e+01    3.7644845155e+01   -2.3888719465e+01    3.1211800515e+00   -1.1128195910e+01   -5.1102678081e+01   -1.0886972106e+01    5.2796874450e+02    7.3450115900e-01    9.9550189394e-01
       265   -4.5293828959e+01    2.0531272573e+03   -8.2921803416e+01    3.7627974458e+01   -2.3691905083e+01    3.0133380804e+00   -1.1140558332e+01   -5.1102678081e+01   -1.0901893989e+01    5.2867515608e+02    7.3042976300e-01    9.9556947070e-01
       266   -4.5350087649e+01    2.0578220755e+03   -8.2742223145e+01    3.7392135496e+01   -2.3607641828e+01    3.0912226227e+00   -1.1123125859e+01   -5.1102678081e+01   -1.0884735844e+01    5.2869286685e+02    7.2910430600e-01    9.9574669187e-01
       267   -4.5304133421e+01    2.0536052618e+03   -8.2803867172e+01    3.7499733751e+01   -2.3502354465e+01    2.8823664503e+00   -1.1081201076e+01   -5.1102678081e+01   -1.0840064866e+01    5.2867891684e+02    7.3523083000e-01    9.9556947070e-01
       268   -4.5305491001e+01    2.0537605311e+03   -8.2685234646e+01    3.7379743646e+01   -2.3418431377e+01    2.8538954855e+00   -1.1018020674e+01   -5.1102678081e+01   -1.0768718071e+01    5.2956007064e+02    7.5707537000e-01    9.9557783019e-01
       269   -4.5284275366e+01    2.0518272997e+03   -8.2573185753e+01    3.7288910386e+01   -2.3229502436e+01    2.7561003536e+00   -1.0997105589e+01   -5.1102678081e+01   -1.0741565200e+01    5.2849803758e+02    8.4287957100e-01    9.9621928166e-01
       270   -4.5302874459e+01    2.0535368497e+03   -8.2556326676e+01    3.7253452217e+01   -2.3008950291e+01    2.6968880823e+00   -1.1141586386e+01   -5.1102678081e+01   -1.0888256915e+01    5.3054748116e+02    7.2772678700e-01    9.9570386064e-01
       271   -4.5336355125e+01    2.0567997561e+03   -8.2511279614e+01    3.7174924489e+01   -2.3141166541e+01    2.8636133205e+00   -1.1131048312e+01   -5.1102678081e+01   -1.0876260452e+01    5.3365701953e+02    7.4893869900e-01    9.9719101124e-01
       272   -4.5325261333e+01    2.0555762606e+03   -8.2785966398e+01    3.7460705065e+01   -2.3336518410e+01    2.7214513027e+00   -1.1068221209e+01   -5.1102678081e+01   -1.0805509111e+01    5.3468561628e+02    7.3539310200e-01    9.9626168224e-01
       273   -4.5357692651e+01    2.0586133552e+03   -8.2641611685e+01    3.7283919034e+01   -2.2968633309e+01    2.5430154816e+00   -1.1113315777e+01   -5.1102678081e+01   -1.0855416815e+01    5.2971226923e+02    7.3191694900e-01    9.9534198113e-01
       274   -4.5363522030e+01    2.0592406291e+03   -8.2640551663e+01    3.7277029632e+01   -2.3050336758e+01    2.6832216543e+00   -1.1170758477e+01   -5.1102678081e+01   -1.0909959003e+01    5.2986509646e+02    7.2703100100e-01    9.9599056604e-01
       275   -4.5320828167e+01    2.0552698003e+03   -8.2600012492e+01    3.7279184324e+01   -2.3146260567e+01    2.7711453456e+00   -1.1122219190e+01   -5.1102678081e+01   -1.0855430438e+01    5.3278170430e+02    7.4580252700e-01    9.9548545966e-01
       276   -4.5330203305e+01    2.0562044200e+03   -8.2588612268e+01    3.7258408964e+01   -2.3396710247e+01    2.9747414686e+00   -1.1063965408e+01   -5.1102678081e+01   -1.0792171387e+01    5.3564718351e+02    7.6669163100e-01    9.9597714552e-01
       277   -4.5325529684e+01    2.0558326319e+03   -8.2589764900e+01    3.7264235216e+01   -2.3366345093e+01    3.0546966457e+00   -1.1175438371e+01   -5.1102678081e+01   -1.0896682851e+01    5.3561600893e+02    7.7997087400e-01    9.9626865672e-01
       278   -4.5315439040e+01    2.0547866039e+03   -8.2823202354e+01    3.7507763314e+01   -2.3590745772e+01    2.9530752615e+00   -1.1082853762e+01   -5.1102678081e+01   -1.0799033290e+01    5.3657496114e+02    7.5457345100e-01    9.9662476723e-01
       279   -4.5334602718e+01    2.0568206566e+03   -8.2999706945e+01    3.7665104228e+01   -2.3879629825e+01    3.1013012660e+00   -1.1118700305e+01   -5.1102678081e+01   -1.0830778984e+01    5.4063673639e+02    8.4645097900e-01    9.9514787431e-01
       280   -4.5244591395e+01    2.0486309910e+03   -8.3044868748e+01    3.7800277353e+01   -2.3736263995e+01    3.0052759395e+00   -1.1211202611e+01   -5.1102678081e+01   -1.0920591872e+01    5.3934485204e+02    7.4865653300e-01    9.9513888889e-01
       281   -4.5355543049e+01    2.0590395049e+03   -8.3113549240e+01    3.7758006191e+01   -2.4073713079e+01    3.3206945737e+00   -1.1257852654e+01   -5.1102678081e+01   -1.0970770230e+01    5.3945480248e+02    7.7317650100e-01    9.9531250000e-01
       282   -4.5267418649e+01    2.0504518747e+03   -8.2962444675e+01    3.7695026025e+01   -2.3893805626e+01    3.2525588717e+00   -1.1218519840e+01   -5.1102678081e+01   -1.0932043543e+01    5.3846885626e+02    7.8437837500e-01    9.9553571429e-01
       283   -4.5277431654e+01    2.0514291637e+03   -8.3061047828e+01    3.7783616174e+01   -2.3859492429e+01    3.0897197525e+00   -1.1188597070e+01   -5.1102678081e+01   -1.0903797595e+01    5.4230761263e+02    7.7986615800e-01    9.9602900552e-01
       284   -4.5285858069e+01    2.0522429539e+03   -8.2829928754e+01    3.7544070685e+01   -2.3603173307e+01    3.1265393093e+00   -1.1250616676e+01   -5.1102678081e+01   -1.0973154906e+01    5.4031932896e+02    7.6086133900e-01    9.9589879852e-01
       285   -4.5316958387e+01    2.0551875179e+03   -8.2596463344e+01    3.7279504957e+01   -2.3474032464e+01    3.1527631726e+00   -1.1172515971e+01   -5.1102678081e+01   -1.0890534338e+01    5.3942962706e+02    7.6013082400e-01    9.9646990741e-01
       286   -4.5271335651e+01    2.0508608738e+03   -8.2900620777e+01    3.7629285126e+01   -2.3411700534e+01    2.7715474921e+00   -1.1157789654e+01   -5.1102678081e+01   -1.0875610191e+01    5.4140638109e+02    7.5485322900e-01    9.9596402214e-01
       287   -4.5281285949e+01    2.0517480410e+03   -8.2789861180e+01    3.7508575231e+01   -2.3422274804e+01    2.8589216535e+00   -1.1123829948e+01   -5.1102678081e+01   -1.0842483975e+01    5.4031005490e+02    7.5585832200e-01    9.9682301294e-01
       288   -4.5299507057e+01    2.0535681166e+03   -8.2581224071e+01    3.7281717014e+01   -2.3182279748e+01    2.8674915940e+00   -1.1163757836e+01   -5.1102678081e+01   -1.0887456901e+01    5.4039249001e+02    7.6849289800e-01    9.9566774492e-01
       289   -4.5291815449e+01    2.0529848340e+03   -8.2636192925e+01    3.7344377477e+01   -2.3195599366e+01    2.8529421344e+00   -1.1190857613e+01   -5.1102678081e+01   -1.0915104504e+01    5.4242056396e+02    7.1907054100e-01    9.9579880295e-01
       290   -4.5298802754e+01    2.0533879278e+03   -8.2163425320e+01    3.6864622565e+01   -2.3042308819e+01    3.1910414355e+00   -1.1209479855e+01   -5.1102678081e+01   -1.0930366074e+01    5.4144650858e+02    6.1559810400e-01    9.9556042435e-01
       291   -4.5290551997e+01    2.0526514772e+03   -8.2820197863e+01    3.7529645866e+01   -2.3271075071e+01    2.6922047639e+00   -1.1138649475e+01   -5.1102678081e+01   -1.0860898583e+01    5.3938727430e+02    6.0402883800e-01    9.9623842593e-01
       292   -4.5278650572e+01    2.0515855306e+03   -8.2425543240e+01    3.7146892669e+01   -2.3016787347e+01    2.8100104142e+00   -1.1116088227e+01   -5.1102678081e+01   -1.0842778952e+01    5.3437588868e+02    5.9799626800e-01    9.9608644860e-01
       293   -4.5284770645e+01    2.0521050590e+03   -8.2435152085e+01    3.7150381440e+01   -2.2935102172e+01    2.7092208903e+00   -1.1106592722e+01   -5.1102678081e+01   -1.0827085582e+01    5.3240798057e+02    5.9183465200e-01    9.9648217636e-01
       294   -4.5279177413e+01    2.0517798630e+03   -8.2801945953e+01    3.7522768540e+01   -2.3268261996e+01    2.7029575961e+00   -1.1133963472e+01   -5.1102678081e+01   -1.0849326220e+01    5.3048918601e+02    5.9481769500e-01    9.9582156309e-01
       295   -4.5286967983e+01    2.0530414183e+03   -8.2347091653e+01    3.7060123671e+01   -2.3208956449e+01    3.1387986686e+00   -1.1174255792e+01   -5.1102678081e+01   -1.0889422285e+01    5.3144412934e+02    5.9670671000e-01    9.9588815789e-01
       296   -4.5358024991e+01    2.0588869467e+03   -8.2933104097e+01    3.7575079106e+01   -2.3391102574e+01    2.6289963313e+00   -1.1068319774e+01   -5.1102678081e+01   -1.0784970251e+01    5.3169085762e+02    5.9477459800e-01    9.9547697368e-01
       297   -4.5356168432e+01    2.0588691451e+03   -8.2762551326e+01    3.7406382894e+01   -2.3194700224e+01    2.6296185933e+00   -1.1094791614e+01   -5.1102678081e+01   -1.0816196146e+01    5.3385498250e+02    5.9651516600e-01    9.9602059925e-01
       298   -4.5322368832e+01    2.0555166230e+03   -8.2731166981e+01    3.7408798149e+01   -2.3144277835e+01    2.5886523759e+00   -1.1072863441e+01   -5.1102678081e+01   -1.0788064859e+01    5.3773295610e+02    6.0237333500e-01    9.9587592937e-01
       299   -4.5349997310e+01    2.0582635962e+03   -8.3116053105e+01    3.7766055795e+01   -2.3370267504e+01    2.4760750652e+00   -1.1119182585e+01   -5.1102678081e+01   -1.0838383972e+01    5.3870524967e+02    6.9552436800e-01    9.9663729128e-01
