# Index          LocalEnergy            Variance              Weight        NumOfWalkers      AvgSentWalkers         TrialEnergy             DiffEff      LivingFraction
         0   -4.5090008103e+01    1.4500355669e+00    5.1215526196e+02    5.1200000000e+02    0.0000000000e+00   -4.5029300801e+01    9.9407547806e-01    1.0000000000e+00
         1   -4.5079709443e+01    1.3219632730e+00    5.1197551412e+02    5.1200000000e+02    0.0000000000e+00   -4.5120328107e+01    9.9458737195e-01    9.9414062500e-01
         2   -4.5058767013e+01    1.2464492706e+00    5.1196073431e+02    5.1200000000e+02    0.0000000000e+00   -4.5074926931e+01    9.9386328878e-01    9.9804687500e-01
         3   -4.5104852780e+01    1.4684682423e+00    5.1415723910e+02    5.1400000000e+02    0.0000000000e+00   -4.5051097638e+01    9.9355116233e-01    9.9805447471e-01
         4   -4.5109725317e+01    1.3129497462e+00    5.1688678354e+02    5.1900000000e+02    0.0000000000e+00   -4.5525303407e+01    9.9394591146e-01    9.9229287091e-01
         5   -4.5065198165e+01    1.3203654378e+00    5.1002603670e+02    5.1500000000e+02    0.0000000000e+00   -4.6059649132e+01    9.9467914024e-01    9.9029126214e-01
         6   -4.5108996497e+01    1.4536921342e+00    5.1204656687e+02    5.1000000000e+02    0.0000000000e+00   -4.4678913337e+01    9.9348929644e-01    1.0000000000e+00
         7   -4.5104938829e+01    1.5366623620e+00    5.1192913542e+02    5.1200000000e+02    0.0000000000e+00   -4.5118091175e+01    9.9256757485e-01    9.9609375000e-01
         8   -4.5080632261e+01    1.4060978909e+00    5.1401811820e+02    5.1400000000e+02    0.0000000000e+00   -4.5091097133e+01    9.9257765884e-01    9.9610894942e-01
         9   -4.5066513541e+01    1.4903831057e+00    5.1398314889e+02    5.1600000000e+02    0.0000000000e+00   -4.5474021182e+01    9.9415624434e-01    9.8837209302e-01
        10   -4.5072828799e+01    1.4147430950e+00    5.1008035466e+02    5.1200000000e+02    0.0000000000e+00   -4.5453099102e+01    9.9366670296e-01    9.9414062500e-01
        11   -4.5181900537e+01    1.5318998589e+00    5.1421875837e+02    5.1200000000e+02    0.0000000000e+00   -4.4697193441e+01    9.9416316323e-01    9.9804687500e-01
        12   -4.5186478271e+01    1.4339786274e+00    5.1382690225e+02    5.1600000000e+02    0.0000000000e+00   -4.5614315519e+01    9.9422184024e-01    9.9612403101e-01
        13   -4.5247465564e+01    1.4336589327e+00    5.1332611108e+02    5.1500000000e+02    0.0000000000e+00   -4.5542660036e+01    9.9250256421e-01    9.9611650485e-01
        14   -4.5165761923e+01    1.2070807274e+00    5.1145883558e+02    5.1300000000e+02    0.0000000000e+00   -4.5506136792e+01    9.9414549715e-01    9.9415204678e-01
        15   -4.5132175330e+01    1.3285549092e+00    5.1446773574e+02    5.1400000000e+02    0.0000000000e+00   -4.5060009849e+01    9.9362703114e-01    9.9416342412e-01
        16   -4.5134110441e+01    1.2876589521e+00    5.0957027817e+02    5.1200000000e+02    0.0000000000e+00   -4.5612997163e+01    9.9288577021e-01    9.9414062500e-01
        17   -4.5116714331e+01    1.5101154044e+00    5.1135380332e+02    5.0900000000e+02    0.0000000000e+00   -4.4658425808e+01    9.9444138356e-01    9.9607072692e-01
        18   -4.5081743622e+01    1.3829150171e+00    5.1258881483e+02    5.1200000000e+02    0.0000000000e+00   -4.4990424329e+01    9.9296710117e-01    9.9609375000e-01
        19   -4.5112731335e+01    1.3036754599e+00    5.1650875863e+02    5.1700000000e+02    0.0000000000e+00   -4.5196680442e+01    9.9368688262e-01    9.9419729207e-01
        20   -4.5162167919e+01    1.5016090711e+00    5.1165716053e+02    5.1600000000e+02    0.0000000000e+00   -4.5989493437e+01    9.9334404972e-01    9.8837209302e-01
        21   -4.5154363358e+01    1.3592672195e+00    5.0997389861e+02    5.1000000000e+02    0.0000000000e+00   -4.5161498086e+01    9.9307401573e-01    9.9607843137e-01
        22   -4.5156022715e+01    1.4436042001e+00    5.0798065799e+02    5.0800000000e+02    0.0000000000e+00   -4.5154300559e+01    9.9331624587e-01    1.0000000000e+00
        23   -4.5131080656e+01    1.5107451182e+00    5.1096328520e+02    5.1100000000e+02    0.0000000000e+00   -4.5149636744e+01    9.9419144589e-01    9.9804305284e-01
        24   -4.5169707803e+01    1.5791228084e+00    5.1198123684e+02    5.1200000000e+02    0.0000000000e+00   -4.5148881776e+01    9.9352392415e-01    9.9609375000e-01
        25   -4.5134799251e+01    1.4379544441e+00    5.1098000384e+02    5.1100000000e+02    0.0000000000e+00   -4.5154631843e+01    9.9401889938e-01    9.9804305284e-01
        26   -4.5134837249e+01    1.9153386852e+00    5.1288752139e+02    5.1300000000e+02    0.0000000000e+00   -4.5149362783e+01    9.9312156842e-01    9.9220272904e-01
        27   -4.5067116175e+01    1.2236211107e+00    5.1075234241e+02    5.1100000000e+02    0.0000000000e+00   -4.5150728932e+01    9.9434717035e-01    9.9608610568e-01
        28   -4.5122423904e+01    1.3837872590e+00    5.1179602105e+02    5.1200000000e+02    0.0000000000e+00   -4.5136322086e+01    9.9444099422e-01    9.9609375000e-01
        29   -4.5109011802e+01    1.3520402151e+00    5.1188486795e+02    5.1200000000e+02    0.0000000000e+00   -4.5136548083e+01    9.9339041989e-01    1.0000000000e+00
        30   -4.5119538295e+01    1.3192292709e+00    5.1487696087e+02    5.1500000000e+02    0.0000000000e+00   -4.5133928191e+01    9.9199422743e-01    9.9611650485e-01
        31   -4.5103996035e+01    1.5012715788e+00    5.1284440470e+02    5.1300000000e+02    0.0000000000e+00   -4.5138427802e+01    9.9391173092e-01    9.9025341131e-01
        32   -4.5156803242e+01    1.4953558155e+00    5.1101457296e+02    5.1100000000e+02    0.0000000000e+00   -4.5132069966e+01    9.9183253927e-01    9.9608610568e-01
        33   -4.5138565299e+01    1.2280399465e+00    5.1007630761e+02    5.1000000000e+02    0.0000000000e+00   -4.5130524899e+01    9.9324744245e-01    9.9215686275e-01
        34   -4.5152829147e+01    1.4152192553e+00    5.0708336735e+02    5.0700000000e+02    0.0000000000e+00   -4.5129123834e+01    9.9323014748e-01    9.9408284024e-01
        35   -4.5096846678e+01    1.4551100663e+00    5.0499819504e+02    5.0500000000e+02    0.0000000000e+00   -4.5124568321e+01    9.9392557203e-01    9.9801980198e-01
        36   -4.5148601530e+01    1.9711522267e+00    5.0702669639e+02    5.0700000000e+02    0.0000000000e+00   -4.5118112075e+01    9.9363305782e-01    9.9802761341e-01
        37   -4.5133790434e+01    1.2042022697e+00    5.0807262489e+02    5.0800000000e+02    0.0000000000e+00   -4.5123104389e+01    9.9299207400e-01    9.9409448819e-01
        38   -4.5146329677e+01    1.4962892221e+00    5.0707645933e+02    5.0700000000e+02    0.0000000000e+00   -4.5125216524e+01    9.9366106713e-01    1.0000000000e+00
        39   -4.5113796326e+01    1.4597490536e+00    5.0900900084e+02    5.0900000000e+02    0.0000000000e+00   -4.5123959868e+01    9.9421456651e-01    9.9803536346e-01
        40   -4.5097739368e+01    1.3568494673e+00    5.0787344830e+02    5.0800000000e+02    0.0000000000e+00   -4.5126772449e+01    9.9463191950e-01    1.0000000000e+00
        41   -4.5133677582e+01    1.3772568654e+00    5.0994036291e+02    5.1000000000e+02    0.0000000000e+00   -4.5122877525e+01    9.9375117300e-01    9.9607843137e-01
        42   -4.5172303002e+01    1.5674194988e+00    5.0811594715e+02    5.0800000000e+02    0.0000000000e+00   -4.5127062088e+01    9.9431944296e-01    1.0000000000e+00
        43   -4.5185747712e+01    1.4576523757e+00    5.1025988923e+02    5.1000000000e+02    0.0000000000e+00   -4.5125269711e+01    9.9332848783e-01    9.9607843137e-01
        44   -4.5165701469e+01    1.5072880451e+00    5.1224015676e+02    5.1200000000e+02    0.0000000000e+00   -4.5131682856e+01    9.9219938320e-01    1.0000000000e+00
        45   -4.5144130407e+01    1.3757732225e+00    5.1306089746e+02    5.1300000000e+02    0.0000000000e+00   -4.5136780811e+01    9.9392218591e-01    9.9805068226e-01
        46   -4.5210044586e+01    1.6042262946e+00    5.1520250419e+02    5.1500000000e+02    0.0000000000e+00   -4.5138682500e+01    9.9222381002e-01    9.9611650485e-01
        47   -4.5241716208e+01    2.0115156379e+00    5.1539936363e+02    5.1500000000e+02    0.0000000000e+00   -4.5145567693e+01    9.9262055496e-01    9.9417475728e-01
        48   -4.5180741938e+01    1.6161544625e+00    5.1738315241e+02    5.1700000000e+02    0.0000000000e+00   -4.5149606290e+01    9.9430713798e-01    9.9419729207e-01
        49   -4.5109027196e+01    1.2466919229e+00    5.1594283010e+02    5.1600000000e+02    0.0000000000e+00   -4.5154749764e+01    9.9409090272e-01    9.9418604651e-01
        50   -4.5115189492e+01    1.3002122888e+00    5.1380983348e+02    5.1400000000e+02    0.0000000000e+00   -4.5150786572e+01    9.9447059362e-01    9.9221789883e-01
        51   -4.5106543943e+01    1.3021713756e+00    5.1182897244e+02    5.1200000000e+02    0.0000000000e+00   -4.5145743000e+01    9.9358302253e-01    9.9804687500e-01
        52   -4.5127934530e+01    1.4455447707e+00    5.1285801480e+02    5.1300000000e+02    0.0000000000e+00   -4.5140765606e+01    9.9371263121e-01    9.9805068226e-01
        53   -4.5139344852e+01    1.2539016669e+00    5.1292901324e+02    5.1300000000e+02    0.0000000000e+00   -4.5142375163e+01    9.9444043237e-01    9.9610136452e-01
        54   -4.5221583540e+01    1.4753661652e+00    5.1420684782e+02    5.1400000000e+02    0.0000000000e+00   -4.5142473711e+01    9.9470550693e-01    9.9221789883e-01
        55   -4.5201085682e+01    1.4762141261e+00    5.1737539961e+02    5.1700000000e+02    0.0000000000e+00   -4.5147273939e+01    9.9331086544e-01    1.0000000000e+00
        56   -4.5221160274e+01    1.4682411815e+00    5.1926768732e+02    5.1900000000e+02    0.0000000000e+00   -4.5155031292e+01    9.9495491352e-01    9.9421965318e-01
        57   -4.5145731721e+01    1.5743999158e+00    5.1911483701e+02    5.1900000000e+02    0.0000000000e+00   -4.5160751638e+01    9.9306531280e-01    9.9614643545e-01
        58   -4.5159553463e+01    1.5091470957e+00    5.1796005777e+02    5.1800000000e+02    0.0000000000e+00   -4.5160432894e+01    9.9431387070e-01    9.9806949807e-01
        59   -4.5170338923e+01    1.4347680620e+00    5.1801449855e+02    5.1800000000e+02    0.0000000000e+00   -4.5158537210e+01    9.9377291637e-01    1.0000000000e+00
        60   -4.5286963155e+01    1.5958784067e+00    5.2339167656e+02    5.2300000000e+02    0.0000000000e+00   -4.5159226691e+01    9.9374431984e-01    9.9617590822e-01
        61   -4.5208638970e+01    1.5386721785e+00    5.2135783291e+02    5.2100000000e+02    0.0000000000e+00   -4.5172953914e+01    9.9361825104e-01    9.9424184261e-01
        62   -4.5117313500e+01    1.1792147092e+00    5.1994511965e+02    5.2000000000e+02    0.0000000000e+00   -4.5170434036e+01    9.9281786155e-01    9.9807692308e-01
        63   -4.5082477026e+01    1.2742844113e+00    5.1963609532e+02    5.2000000000e+02    0.0000000000e+00   -4.5166906526e+01    9.9535493183e-01    1.0000000000e+00
        64   -4.5123940111e+01    1.2066587069e+00    5.2367099017e+02    5.2400000000e+02    0.0000000000e+00   -4.5164743126e+01    9.9284897324e-01    9.9427480916e-01
        65   -4.5155141515e+01    1.4334502625e+00    5.2183198463e+02    5.2200000000e+02    0.0000000000e+00   -4.5171900228e+01    9.9342694138e-01    9.9233716475e-01
        66   -4.5131203345e+01    1.4870265206e+00    5.1786208245e+02    5.1800000000e+02    0.0000000000e+00   -4.5168507948e+01    9.9344496344e-01    1.0000000000e+00
        67   -4.5163222166e+01    1.3905603587e+00    5.2192348632e+02    5.2200000000e+02    0.0000000000e+00   -4.5160482225e+01    9.9391380951e-01    9.9808429119e-01
        68   -4.5120129073e+01    1.3480148085e+00    5.2184735787e+02    5.2200000000e+02    0.0000000000e+00   -4.5168588524e+01    9.9355846559e-01    9.9425287356e-01
        69   -4.5168226869e+01    1.5419391313e+00    5.2290472197e+02    5.2300000000e+02    0.0000000000e+00   -4.5167845446e+01    9.9211972985e-01    9.8661567878e-01
        70   -4.5161174075e+01    1.4743277013e+00    5.1800074523e+02    5.1800000000e+02    0.0000000000e+00   -4.5170258229e+01    9.9332276639e-01    1.0000000000e+00
        71   -4.5118828432e+01    1.4619430762e+00    5.2291319352e+02    5.2300000000e+02    0.0000000000e+00   -4.5161070746e+01    9.9414474776e-01    9.9617590822e-01
        72   -4.5214288456e+01    1.3262336847e+00    5.2497960857e+02    5.2500000000e+02    0.0000000000e+00   -4.5169921263e+01    9.9292370104e-01    9.9809523810e-01
        73   -4.5170270954e+01    1.1846896478e+00    5.2406750820e+02    5.2400000000e+02    0.0000000000e+00   -4.5175100269e+01    9.9336571151e-01    9.9618320611e-01
        74   -4.5183775962e+01    1.2795067987e+00    5.2603529752e+02    5.2600000000e+02    0.0000000000e+00   -4.5173735532e+01    9.9404034733e-01    9.9809885932e-01
        75   -4.5176215518e+01    1.3297192594e+00    5.2600008800e+02    5.2600000000e+02    0.0000000000e+00   -4.5178089455e+01    9.9338630143e-01    9.9239543726e-01
        76   -4.5169553559e+01    1.3391132606e+00    5.2398925209e+02    5.2400000000e+02    0.0000000000e+00   -4.5178471978e+01    9.9441888879e-01    9.9045801527e-01
        77   -4.5142139755e+01    1.2609382288e+00    5.2191661422e+02    5.2200000000e+02    0.0000000000e+00   -4.5174958584e+01    9.9455938507e-01    9.9616858238e-01
        78   -4.5063283921e+01    1.2174746831e+00    5.1962546073e+02    5.2000000000e+02    0.0000000000e+00   -4.5170828480e+01    9.9330812517e-01    9.9038461538e-01
        79   -4.5144392599e+01    1.0973048101e+00    5.1670335252e+02    5.1700000000e+02    0.0000000000e+00   -4.5164931282e+01    9.9449445260e-01    9.9613152805e-01
        80   -4.5110890503e+01    1.2036316059e+00    5.1682280195e+02    5.1700000000e+02    0.0000000000e+00   -4.5159196004e+01    9.9334723197e-01    9.9806576402e-01
        81   -4.5150535757e+01    1.7976213799e+00    5.1984109374e+02    5.2000000000e+02    0.0000000000e+00   -4.5158785167e+01    9.9338214040e-01    9.9038461538e-01
        82   -4.5118688529e+01    1.1677595109e+00    5.1885813681e+02    5.1900000000e+02    0.0000000000e+00   -4.5164626432e+01    9.9261574310e-01    9.9036608863e-01
        83   -4.5174157694e+01    1.2241323348e+00    5.1392722077e+02    5.1400000000e+02    0.0000000000e+00   -4.5162245836e+01    9.9295458575e-01    9.9416342412e-01
        84   -4.5211250492e+01    1.2876347648e+00    5.1220959552e+02    5.1200000000e+02    0.0000000000e+00   -4.5153091018e+01    9.9317251873e-01    9.9414062500e-01
        85   -4.5200389564e+01    1.3817711832e+00    5.1228656637e+02    5.1200000000e+02    0.0000000000e+00   -4.5150695826e+01    9.9267590707e-01    9.9804687500e-01
        86   -4.5178022904e+01    1.2558646381e+00    5.1218003039e+02    5.1200000000e+02    0.0000000000e+00   -4.5151605223e+01    9.9350427616e-01    9.9609375000e-01
        87   -4.5138978556e+01    1.4884042092e+00    5.1101883666e+02    5.1100000000e+02    0.0000000000e+00   -4.5151799885e+01    9.9152917441e-01    9.9804305284e-01
        88   -4.5159103478e+01    1.3976507496e+00    5.1198157900e+02    5.1200000000e+02    0.0000000000e+00   -4.5149346773e+01    9.9344573082e-01    9.9804687500e-01
        89   -4.5137069758e+01    1.2937651627e+00    5.1398040306e+02    5.1400000000e+02    0.0000000000e+00   -4.5151342569e+01    9.9413652422e-01    9.9610894942e-01
        90   -4.5098574630e+01    1.3942318882e+00    5.1678997171e+02    5.1700000000e+02    0.0000000000e+00   -4.5155034650e+01    9.9231994919e-01    9.9226305609e-01
        91   -4.5083427776e+01    1.2409686475e+00    5.1463924867e+02    5.1500000000e+02    0.0000000000e+00   -4.5159745221e+01    9.9392870884e-01    9.9611650485e-01
        92   -4.5092215224e+01    1.3652372937e+00    5.1464489344e+02    5.1500000000e+02    0.0000000000e+00   -4.5154644209e+01    9.9387447759e-01    9.9805825243e-01
        93   -4.5144911850e+01    1.1491844728e+00    5.1479851254e+02    5.1500000000e+02    0.0000000000e+00   -4.5153870418e+01    9.9379886701e-01    9.9417475728e-01
        94   -4.5138775451e+01    1.1013648411e+00    5.1396216848e+02    5.1400000000e+02    0.0000000000e+00   -4.5154117435e+01    9.9405983877e-01    9.9416342412e-01
        95   -4.5090871761e+01    1.2217516657e+00    5.1482399618e+02    5.1500000000e+02    0.0000000000e+00   -4.5152359629e+01    9.9224754124e-01    1.0000000000e+00
        96   -4.5093341902e+01    1.1294549192e+00    5.1871574114e+02    5.1900000000e+02    0.0000000000e+00   -4.5153276334e+01    9.9238083728e-01    9.9614643545e-01
        97   -4.5110852702e+01    1.2434726153e+00    5.1972043201e+02    5.2000000000e+02    0.0000000000e+00   -4.5160100341e+01    9.9431997264e-01    1.0000000000e+00
        98   -4.5150905800e+01    1.7326087888e+00    5.2181355316e+02    5.2200000000e+02    0.0000000000e+00   -4.5161571038e+01    9.9131987344e-01    9.9808429119e-01
        99   -4.5102332957e+01    1.4364286210e+00    5.2177114001e+02    5.2200000000e+02    0.0000000000e+00   -4.5165644793e+01    9.9378002267e-01    9.9808429119e-01
       100   -4.5173952674e+01    1.6412507953e+00    5.2487997627e+02    5.2500000000e+02    0.0000000000e+00   -4.5165009433e+01    9.9386010962e-01    9.9238095238e-01
       101   -4.5156035210e+01    1.2211525190e+00    5.2297247964e+02    5.2300000000e+02    0.0000000000e+00   -4.5171293789e+01    9.9357989694e-01    9.9235181644e-01
       102   -4.5027424506e+01    1.2633391003e+00    5.1959513321e+02    5.2000000000e+02    0.0000000000e+00   -4.5167769919e+01    9.9359278775e-01    9.9807692308e-01
       103   -4.5113425004e+01    1.1921642974e+00    5.2053337687e+02    5.2100000000e+02    0.0000000000e+00   -4.5159855559e+01    9.9397278846e-01    9.9232245681e-01
       104   -4.5127883487e+01    1.1302591075e+00    5.1881107752e+02    5.1900000000e+02    0.0000000000e+00   -4.5161282207e+01    9.9443436451e-01    9.9807321773e-01
       105   -4.5180061191e+01    1.2473070107e+00    5.1896513091e+02    5.1900000000e+02    0.0000000000e+00   -4.5157769538e+01    9.9487911656e-01    9.9614643545e-01
       106   -4.5196655511e+01    1.3693694994e+00    5.1914307527e+02    5.1900000000e+02    0.0000000000e+00   -4.5158479300e+01    9.9628416000e-01    9.9614643545e-01
       107   -4.5198510549e+01    1.3807237996e+00    5.1719544015e+02    5.1700000000e+02    0.0000000000e+00   -4.5159416242e+01    9.9126020494e-01    9.9806576402e-01
       108   -4.5180114452e+01    1.1591255129e+00    5.2118787621e+02    5.2100000000e+02    0.0000000000e+00   -4.5156259248e+01    9.9246862715e-01    9.9808061420e-01
       109   -4.5204046041e+01    1.1904207571e+00    5.2113660604e+02    5.2100000000e+02    0.0000000000e+00   -4.5164330478e+01    9.9297350261e-01    9.9808061420e-01
       110   -4.5153134458e+01    1.4173858285e+00    5.2306169569e+02    5.2300000000e+02    0.0000000000e+00   -4.5164871007e+01    9.9310318603e-01    9.9808795411e-01
       111   -4.5145040158e+01    1.3736500318e+00    5.2590791678e+02    5.2600000000e+02    0.0000000000e+00   -4.5168623618e+01    9.9350001321e-01    9.9809885932e-01
       112   -4.5156102453e+01    1.2687698614e+00    5.2791201996e+02    5.2800000000e+02    0.0000000000e+00   -4.5174026323e+01    9.9332039558e-01    9.9242424242e-01
       113   -4.5262446529e+01    1.6988170950e+00    5.2820562040e+02    5.2800000000e+02    0.0000000000e+00   -4.5177925288e+01    9.9293298614e-01    9.9053030303e-01
       114   -4.5251046097e+01    1.4711123061e+00    5.2341050794e+02    5.2300000000e+02    0.0000000000e+00   -4.5179706035e+01    9.9317312858e-01    9.9808795411e-01
       115   -4.5233581848e+01    1.3486209399e+00    5.2538727105e+02    5.2500000000e+02    0.0000000000e+00   -4.5171665420e+01    9.9172702544e-01    1.0000000000e+00
       116   -4.5184405709e+01    1.4636650319e+00    5.2718150641e+02    5.2700000000e+02    0.0000000000e+00   -4.5176309564e+01    9.9448954517e-01    9.9620493359e-01
       117   -4.5189108248e+01    1.3611868031e+00    5.2501747652e+02    5.2500000000e+02    0.0000000000e+00   -4.5180068377e+01    9.9287643978e-01    9.9619047619e-01
       118   -4.5205789248e+01    1.3580289370e+00    5.2308828571e+02    5.2300000000e+02    0.0000000000e+00   -4.5176345433e+01    9.9323620617e-01    9.9617590822e-01
       119   -4.5184853045e+01    1.4204395837e+00    5.2311100919e+02    5.2300000000e+02    0.0000000000e+00   -4.5173215156e+01    9.9411184799e-01    9.9426386233e-01
       120   -4.5224114169e+01    1.3740969275e+00    5.2116062162e+02    5.2100000000e+02    0.0000000000e+00   -4.5173589232e+01    9.9293202423e-01    9.9616122841e-01
       121   -4.5188830723e+01    1.5089463811e+00    5.2119437831e+02    5.2100000000e+02    0.0000000000e+00   -4.5170566637e+01    9.9353762120e-01    9.9808061420e-01
       122   -4.5202981626e+01    1.3277132167e+00    5.2413232586e+02    5.2400000000e+02    0.0000000000e+00   -4.5170984326e+01    9.9264032102e-01    9.9427480916e-01
       123   -4.5207184378e+01    1.5697727528e+00    5.2919416663e+02    5.2900000000e+02    0.0000000000e+00   -4.5177088903e+01    9.9203224653e-01    9.9243856333e-01
       124   -4.5127422179e+01    1.3298940842e+00    5.2889807838e+02    5.2900000000e+02    0.0000000000e+00   -4.5187214697e+01    9.9121912290e-01    9.9621928166e-01
       125   -4.5116813260e+01    1.2725253350e+00    5.2964954922e+02    5.3000000000e+02    0.0000000000e+00   -4.5186400159e+01    9.9365970924e-01    9.9811320755e-01
       126   -4.5156040284e+01    1.2393506931e+00    5.3272978416e+02    5.3300000000e+02    0.0000000000e+00   -4.5187469825e+01    9.9505039622e-01    9.9624765478e-01
       127   -4.5226763118e+01    1.3157993240e+00    5.3097465647e+02    5.3100000000e+02    0.0000000000e+00   -4.5193291593e+01    9.9149293931e-01    9.9811676083e-01
       128   -4.5233447249e+01    1.4482654907e+00    5.3419675133e+02    5.3400000000e+02    0.0000000000e+00   -4.5190668980e+01    9.9335806847e-01    9.9250936330e-01
       129   -4.5293344965e+01    1.3532515967e+00    5.3436586656e+02    5.3400000000e+02    0.0000000000e+00   -4.5197445218e+01    9.9318807555e-01    9.9625468165e-01
       130   -4.5263644852e+01    1.3228686899e+00    5.3440899490e+02    5.3400000000e+02    0.0000000000e+00   -4.5199019377e+01    9.9475041289e-01    9.9438202247e-01
       131   -4.5253583385e+01    1.4332268406e+00    5.3229760107e+02    5.3200000000e+02    0.0000000000e+00   -4.5200067485e+01    9.9322257742e-01    9.9812030075e-01
       132   -4.5183160732e+01    1.4744525911e+00    5.3309832307e+02    5.3300000000e+02    0.0000000000e+00   -4.5196969057e+01    9.9355352884e-01    9.9624765478e-01
       133   -4.5208591043e+01    1.4452033292e+00    5.3500563902e+02    5.3500000000e+02    0.0000000000e+00   -4.5198694058e+01    9.9462981473e-01    9.9626168224e-01
       134   -4.5190274795e+01    1.3953298164e+00    5.3395419136e+02    5.3400000000e+02    0.0000000000e+00   -4.5202706504e+01    9.9430647926e-01    1.0000000000e+00
       135   -4.5166087282e+01    1.3685822511e+00    5.3486348733e+02    5.3500000000e+02    0.0000000000e+00   -4.5201013364e+01    9.9133032931e-01    9.9626168224e-01
       136   -4.5102343466e+01    1.2733299139e+00    5.3562975331e+02    5.3600000000e+02    0.0000000000e+00   -4.5202775719e+01    9.9250157924e-01    9.9626865672e-01
       137   -4.5127106188e+01    1.1941888718e+00    5.3653304772e+02    5.3700000000e+02    0.0000000000e+00   -4.5203722330e+01    9.9390680875e-01    9.9441340782e-01
       138   -4.5132441870e+01    1.3625878266e+00    5.3460124718e+02    5.3500000000e+02    0.0000000000e+00   -4.5205140396e+01    9.9282398991e-01    9.9813084112e-01
       139   -4.5132416008e+01    1.4694530549e+00    5.3461539681e+02    5.3500000000e+02    0.0000000000e+00   -4.5201315769e+01    9.9391593153e-01    9.9626168224e-01
       140   -4.5150709141e+01    1.4987262532e+00    5.3267206792e+02    5.3300000000e+02    0.0000000000e+00   -4.5201128042e+01    9.9011123907e-01    9.9061913696e-01
       141   -4.5133703466e+01    1.4508085440e+00    5.2870935316e+02    5.2900000000e+02    0.0000000000e+00   -4.5197426946e+01    9.9308195160e-01    9.9810964083e-01
       142   -4.5141488181e+01    1.2385567980e+00    5.3072232836e+02    5.3100000000e+02    0.0000000000e+00   -4.5189761936e+01    9.9257339073e-01    9.9623352166e-01
       143   -4.5226529839e+01    1.3250595074e+00    5.3195356266e+02    5.3200000000e+02    0.0000000000e+00   -4.5193430666e+01    9.9362429127e-01    9.9812030075e-01
       144   -4.5257180026e+01    1.4344333466e+00    5.3324668672e+02    5.3300000000e+02    0.0000000000e+00   -4.5196304461e+01    9.9120331808e-01    9.9437148218e-01
       145   -4.5210113684e+01    1.3671294437e+00    5.3317503367e+02    5.3300000000e+02    0.0000000000e+00   -4.5199525265e+01    9.9128188183e-01    9.9812382739e-01
       146   -4.5193349973e+01    1.3307788025e+00    5.3299042596e+02    5.3300000000e+02    0.0000000000e+00   -4.5199797614e+01    9.9144989424e-01    9.9812382739e-01
       147   -4.5213614419e+01    1.2546539103e+00    5.3199809268e+02    5.3200000000e+02    0.0000000000e+00   -4.5199719639e+01    9.9365825979e-01    9.9436090226e-01
       148   -4.5190017217e+01    1.3350606473e+00    5.3001440552e+02    5.3000000000e+02    0.0000000000e+00   -4.5198278532e+01    9.9155253762e-01    9.9811320755e-01
       149   -4.5205876811e+01    1.3171893287e+00    5.3502220825e+02    5.3500000000e+02    0.0000000000e+00   -4.5194775791e+01    9.9322125859e-01    9.9626168224e-01
       150   -4.5189802724e+01    1.4176897925e+00    5.3696816051e+02    5.3700000000e+02    0.0000000000e+00   -4.5204531250e+01    9.9379515187e-01    9.9813780261e-01
       151   -4.5203414883e+01    1.1420377470e+00    5.3791757823e+02    5.3800000000e+02    0.0000000000e+00   -4.5208385116e+01    9.9441692564e-01    9.9814126394e-01
       152   -4.5229531622e+01    1.4039547067e+00    5.3902013673e+02    5.3900000000e+02    0.0000000000e+00   -4.5210474723e+01    9.9408885221e-01    9.9628942486e-01
       153   -4.5207532458e+01    1.2828348635e+00    5.4003500450e+02    5.4000000000e+02    0.0000000000e+00   -4.5213036873e+01    9.9398078637e-01    9.9814814815e-01
       154   -4.5213163725e+01    1.2149018789e+00    5.4096314992e+02    5.4100000000e+02    0.0000000000e+00   -4.5215260620e+01    9.9306161692e-01    9.9445471349e-01
       155   -4.5145055854e+01    1.2261803538e+00    5.4281416302e+02    5.4300000000e+02    0.0000000000e+00   -4.5217357172e+01    9.9332165654e-01    9.9079189687e-01
       156   -4.5185823852e+01    1.3265470685e+00    5.4072470272e+02    5.4100000000e+02    0.0000000000e+00   -4.5220646010e+01    9.9264199896e-01    9.9630314233e-01
       157   -4.5218737110e+01    1.2721095648e+00    5.3890720006e+02    5.3900000000e+02    0.0000000000e+00   -4.5216961682e+01    9.9361534996e-01    9.9814471243e-01
       158   -4.5148571894e+01    1.3937207798e+00    5.3882046367e+02    5.3900000000e+02    0.0000000000e+00   -4.5214003200e+01    9.9258341599e-01    9.9814471243e-01
       159   -4.5207681868e+01    1.5953925244e+00    5.3778031619e+02    5.3800000000e+02    0.0000000000e+00   -4.5213739990e+01    9.9382514567e-01    9.9628252788e-01
       160   -4.5226982317e+01    1.7796432135e+00    5.3702020496e+02    5.3700000000e+02    0.0000000000e+00   -4.5212129134e+01    9.9249199784e-01    9.9627560521e-01
       161   -4.5206209467e+01    1.2672139106e+00    5.3802628798e+02    5.3800000000e+02    0.0000000000e+00   -4.5211168461e+01    9.9338792432e-01    9.9070631970e-01
       162   -4.5157251667e+01    1.2501725738e+00    5.3485045240e+02    5.3500000000e+02    0.0000000000e+00   -4.5213341234e+01    9.9273839815e-01    9.9813084112e-01
       163   -4.5193593495e+01    1.4851538575e+00    5.3380220166e+02    5.3400000000e+02    0.0000000000e+00   -4.5207375490e+01    9.9248317991e-01    9.9438202247e-01
       164   -4.5206501421e+01    1.1714174664e+00    5.3195332325e+02    5.3200000000e+02    0.0000000000e+00   -4.5205621176e+01    9.9326385537e-01    9.9812030075e-01
       165   -4.5193811495e+01    1.1814576123e+00    5.3196362535e+02    5.3200000000e+02    0.0000000000e+00   -4.5202445224e+01    9.9181297129e-01    9.9812030075e-01
       166   -4.5239756775e+01    1.2622254654e+00    5.3206720917e+02    5.3200000000e+02    0.0000000000e+00   -4.5202667312e+01    9.9359383861e-01    9.9624060150e-01
       167   -4.5220916223e+01    1.1996188547e+00    5.3112329179e+02    5.3100000000e+02    0.0000000000e+00   -4.5203374530e+01    9.9258525660e-01    9.9435028249e-01
       168   -4.5230659632e+01    1.2275167510e+00    5.3113356671e+02    5.3100000000e+02    0.0000000000e+00   -4.5201977187e+01    9.9263787708e-01    9.9811676083e-01
       169   -4.5241339970e+01    1.4344906710e+00    5.3218950028e+02    5.3200000000e+02    0.0000000000e+00   -4.5202435137e+01    9.9412374929e-01    9.9812030075e-01
       170   -4.5263772976e+01    1.5612947918e+00    5.3425445342e+02    5.3400000000e+02    0.0000000000e+00   -4.5204925197e+01    9.9367500843e-01    9.9625468165e-01
       171   -4.5244971752e+01    1.3540726024e+00    5.3323509438e+02    5.3300000000e+02    0.0000000000e+00   -4.5209443643e+01    9.9445897601e-01    9.9624765478e-01
       172   -4.5150119503e+01    1.4367094652e+00    5.3495094875e+02    5.3500000000e+02    0.0000000000e+00   -4.5208047474e+01    9.9277061623e-01    9.9626168224e-01
       173   -4.5136810787e+01    1.3707961210e+00    5.3665083479e+02    5.3700000000e+02    0.0000000000e+00   -4.5211147120e+01    9.9456209449e-01    9.9813780261e-01
       174   -4.5190130342e+01    1.3171481762e+00    5.3671449160e+02    5.3700000000e+02    0.0000000000e+00   -4.5214121770e+01    9.9316197567e-01    9.9627560521e-01
       175   -4.5252267105e+01    1.6852549294e+00    5.3703498609e+02    5.3700000000e+02    0.0000000000e+00   -4.5214388972e+01    9.9363820764e-01    9.9627560521e-01
       176   -4.5323262944e+01    1.3706042661e+00    5.3941256750e+02    5.3900000000e+02    0.0000000000e+00   -4.5215530934e+01    9.9376701617e-01    9.8886827458e-01
       177   -4.5305762749e+01    1.4260516998e+00    5.3451824374e+02    5.3400000000e+02    0.0000000000e+00   -4.5220938659e+01    9.9484346619e-01    9.9625468165e-01
       178   -4.5307159948e+01    1.2858794946e+00    5.3349254347e+02    5.3300000000e+02    0.0000000000e+00   -4.5212690775e+01    9.9279627986e-01    9.9624765478e-01
       179   -4.5211325495e+01    1.5179673974e+00    5.3324558785e+02    5.3300000000e+02    0.0000000000e+00   -4.5211634852e+01    9.9471047785e-01    9.9624765478e-01
       180   -4.5174841051e+01    1.4533492958e+00    5.3592588301e+02    5.3600000000e+02    0.0000000000e+00   -4.5211426911e+01    9.9487240911e-01    9.9253731343e-01
       181   -4.5195703414e+01    1.4542191946e+00    5.3182518741e+02    5.3200000000e+02    0.0000000000e+00   -4.5216465991e+01    9.9353074083e-01    9.9436090226e-01
       182   -4.5146200064e+01    1.3785718710e+00    5.2978750270e+02    5.3000000000e+02    0.0000000000e+00   -4.5208938715e+01    9.9233236103e-01    9.9433962264e-01
       183   -4.5162139601e+01    1.3994858724e+00    5.2872949554e+02    5.2900000000e+02    0.0000000000e+00   -4.5204948031e+01    9.9321118155e-01    9.9432892250e-01
       184   -4.5101078879e+01    1.2989394948e+00    5.2762452990e+02    5.2800000000e+02    0.0000000000e+00   -4.5202896207e+01    9.9439800752e-01    1.0000000000e+00
       185   -4.5128572674e+01    1.2685831696e+00    5.2853246419e+02    5.2900000000e+02    0.0000000000e+00   -4.5200381957e+01    9.9431668637e-01    9.9432892250e-01
       186   -4.5234221340e+01    1.3701489967e+00    5.2687453500e+02    5.2700000000e+02    0.0000000000e+00   -4.5201849775e+01    9.9403347331e-01    9.9810246679e-01
       187   -4.5171379798e+01    1.4803900942e+00    5.3105081052e+02    5.3100000000e+02    0.0000000000e+00   -4.5199092129e+01    9.9380799664e-01    9.9246704331e-01
       188   -4.5229565024e+01    1.2385356565e+00    5.2897892751e+02    5.2900000000e+02    0.0000000000e+00   -4.5206992897e+01    9.9361378088e-01    9.9810964083e-01
       189   -4.5247843419e+01    1.4057766866e+00    5.2917017517e+02    5.2900000000e+02    0.0000000000e+00   -4.5203433523e+01    9.9389079318e-01    9.9243856333e-01
       190   -4.5258899853e+01    1.5115200203e+00    5.2825573781e+02    5.2800000000e+02    0.0000000000e+00   -4.5204248140e+01    9.9246312008e-01    9.9621212121e-01
       191   -4.5201463029e+01    1.4195403297e+00    5.3015326933e+02    5.3000000000e+02    0.0000000000e+00   -4.5203031084e+01    9.9197310947e-01    9.9433962264e-01
       192   -4.5178486559e+01    1.4014900292e+00    5.2991292466e+02    5.3000000000e+02    0.0000000000e+00   -4.5206789321e+01    9.9274421404e-01    9.9811320755e-01
       193   -4.5127903638e+01    1.3400493713e+00    5.3071389431e+02    5.3100000000e+02    0.0000000000e+00   -4.5206373665e+01    9.9370049566e-01    9.9811676083e-01
       194   -4.5175965026e+01    1.3816655420e+00    5.3169769784e+02    5.3200000000e+02    0.0000000000e+00   -4.5207630691e+01    9.9300666169e-01    9.9436090226e-01
       195   -4.5213400378e+01    1.6596912311e+00    5.3094286705e+02    5.3100000000e+02    0.0000000000e+00   -4.5209506899e+01    9.9306019799e-01    9.9435028249e-01
       196   -4.5168658820e+01    1.4707171319e+00    5.3092250450e+02    5.3100000000e+02    0.0000000000e+00   -4.5208322842e+01    9.9254136240e-01    9.9623352166e-01
       197   -4.5134928449e+01    1.5670119789e+00    5.3070502199e+02    5.3100000000e+02    0.0000000000e+00   -4.5208265652e+01    9.9189414210e-01    9.9058380414e-01
       198   -4.5152522059e+01    1.5731851772e+00    5.2568481494e+02    5.2600000000e+02    0.0000000000e+00   -4.5207647814e+01    9.9250539156e-01    9.9429657795e-01
       199   -4.5134759143e+01    1.3743125369e+00    5.2471262550e+02    5.2500000000e+02    0.0000000000e+00   -4.5198035775e+01    9.9504586278e-01    9.9238095238e-01
       200   -4.5181882537e+01    1.3913177843e+00    5.2180530598e+02    5.2200000000e+02    0.0000000000e+00   -4.5195979689e+01    9.9488032061e-01    9.9808429119e-01
       201   -4.5255929978e+01    1.4050948399e+00    5.2414394016e+02    5.2400000000e+02    0.0000000000e+00   -4.5190481116e+01    9.9455033964e-01    1.0000000000e+00
       202   -4.5298458624e+01    1.5272193593e+00    5.2539824535e+02    5.2500000000e+02    0.0000000000e+00   -4.5195416756e+01    9.9261772252e-01    9.8857142857e-01
       203   -4.5221889035e+01    1.5105304043e+00    5.2634755282e+02    5.2600000000e+02    0.0000000000e+00   -4.5198498119e+01    9.9423880616e-01    9.9049429658e-01
       204   -4.5247848596e+01    1.5482858395e+00    5.2519069402e+02    5.2500000000e+02    0.0000000000e+00   -4.5200570838e+01    9.9288246579e-01    9.9809523810e-01
       205   -4.5228645808e+01    1.5239384891e+00    5.2619746220e+02    5.2600000000e+02    0.0000000000e+00   -4.5198775465e+01    9.9464995567e-01    9.9809885932e-01
       206   -4.5205749386e+01    1.5172000930e+00    5.2709270865e+02    5.2700000000e+02    0.0000000000e+00   -4.5200987938e+01    9.9240318621e-01    9.9810246679e-01
       207   -4.5202950223e+01    1.4295466410e+00    5.2699014345e+02    5.2700000000e+02    0.0000000000e+00   -4.5202859572e+01    9.9304504530e-01    9.9810246679e-01
       208   -4.5208985997e+01    1.1467339316e+00    5.2799941341e+02    5.2800000000e+02    0.0000000000e+00   -4.5202819980e+01    9.9391501876e-01    9.9621212121e-01
       209   -4.5246044175e+01    1.2830291108e+00    5.2810572953e+02    5.2800000000e+02    0.0000000000e+00   -4.5204918616e+01    9.9290474106e-01    9.9621212121e-01
       210   -4.5234329567e+01    1.3052130788e+00    5.2817793608e+02    5.2800000000e+02    0.0000000000e+00   -4.5205498352e+01    9.9255296404e-01    9.9621212121e-01
       211   -4.5311895340e+01    1.4941377671e+00    5.2933235472e+02    5.2900000000e+02    0.0000000000e+00   -4.5205948176e+01    9.9305680400e-01    9.8865784499e-01
       212   -4.5258901814e+01    1.4016040209e+00    5.2740569859e+02    5.2700000000e+02    0.0000000000e+00   -4.5208845285e+01    9.9424988093e-01    9.9430740038e-01
       213   -4.5242476628e+01    1.4158100181e+00    5.2723583613e+02    5.2700000000e+02    0.0000000000e+00   -4.5205630717e+01    9.9397152694e-01    9.9810246679e-01
       214   -4.5150221931e+01    1.2893546103e+00    5.2795411553e+02    5.2800000000e+02    0.0000000000e+00   -4.5205651332e+01    9.9090406217e-01    9.9810606061e-01
       215   -4.5185657712e+01    1.2373590478e+00    5.2778498152e+02    5.2800000000e+02    0.0000000000e+00   -4.5206878877e+01    9.9414926167e-01    9.9431818182e-01
       216   -4.5185384534e+01    1.7406374288e+00    5.2483783145e+02    5.2500000000e+02    0.0000000000e+00   -4.5206606752e+01    9.9361698338e-01    9.9809523810e-01
       217   -4.5146052688e+01    1.1763171212e+00    5.2375400993e+02    5.2400000000e+02    0.0000000000e+00   -4.5201053512e+01    9.9347151352e-01    9.9427480916e-01
       218   -4.5145246710e+01    1.3581990667e+00    5.2274882342e+02    5.2300000000e+02    0.0000000000e+00   -4.5198833610e+01    9.9430094190e-01    9.9617590822e-01
       219   -4.5188941804e+01    1.5418675407e+00    5.2385411284e+02    5.2400000000e+02    0.0000000000e+00   -4.5196757347e+01    9.9271319105e-01    9.9618320611e-01
       220   -4.5130647932e+01    1.2590435522e+00    5.2379236970e+02    5.2400000000e+02    0.0000000000e+00   -4.5198934299e+01    9.9146445121e-01    9.9045801527e-01
       221   -4.5161009202e+01    1.3435026753e+00    5.2177195484e+02    5.2200000000e+02    0.0000000000e+00   -4.5198590569e+01    9.9365974271e-01    9.9425287356e-01
       222   -4.5147093887e+01    1.2772888343e+00    5.1980683955e+02    5.2000000000e+02    0.0000000000e+00   -4.5194652509e+01    9.9278077577e-01    9.9807692308e-01
       223   -4.5144861348e+01    1.3918586907e+00    5.1975387467e+02    5.2000000000e+02    0.0000000000e+00   -4.5190738018e+01    9.9345817058e-01    9.9615384615e-01
       224   -4.5096697150e+01    1.2801880307e+00    5.1962841396e+02    5.2000000000e+02    0.0000000000e+00   -4.5190485414e+01    9.9450157164e-01    9.9807692308e-01
       225   -4.5107498833e+01    1.2612745709e+00    5.1952338660e+02    5.2000000000e+02    0.0000000000e+00   -4.5189859817e+01    9.9386723898e-01    9.9615384615e-01
       226   -4.5167829441e+01    1.2903394662e+00    5.1973009023e+02    5.2000000000e+02    0.0000000000e+00   -4.5189329659e+01    9.9297128968e-01    9.9615384615e-01
       227   -4.5276779003e+01    1.3256412669e+00    5.2017542897e+02    5.2000000000e+02    0.0000000000e+00   -4.5189694055e+01    9.9460005969e-01    9.9807692308e-01
       228   -4.5277247511e+01    1.2505721835e+00    5.2242680818e+02    5.2200000000e+02    0.0000000000e+00   -4.5191041274e+01    9.9487204724e-01    9.9425287356e-01
       229   -4.5274474685e+01    1.4523701097e+00    5.2143595217e+02    5.2100000000e+02    0.0000000000e+00   -4.5195848317e+01    9.9241566104e-01    9.8656429942e-01
       230   -4.5249457632e+01    1.4369086761e+00    5.1739992435e+02    5.1700000000e+02    0.0000000000e+00   -4.5194420288e+01    9.9262485674e-01    9.9419729207e-01
       231   -4.5247107822e+01    1.6488433706e+00    5.1731957583e+02    5.1700000000e+02    0.0000000000e+00   -4.5186997349e+01    9.9154409675e-01    9.9806576402e-01
       232   -4.5181854867e+01    1.1737209795e+00    5.1913434683e+02    5.1900000000e+02    0.0000000000e+00   -4.5187175072e+01    9.9420440651e-01    9.9229287091e-01
       233   -4.5208942751e+01    1.4971698634e+00    5.1905101572e+02    5.1900000000e+02    0.0000000000e+00   -4.5190700509e+01    9.9350400119e-01    9.9614643545e-01
       234   -4.5235233695e+01    1.4541690222e+00    5.1715326898e+02    5.1700000000e+02    0.0000000000e+00   -4.5190689885e+01    9.9423525549e-01    9.9806576402e-01
       235   -4.5247664975e+01    1.4821253200e+00    5.1726710812e+02    5.1700000000e+02    0.0000000000e+00   -4.5187297796e+01    9.9359181469e-01    9.9806576402e-01
       236   -4.5171493766e+01    1.3313748296e+00    5.1708553996e+02    5.1700000000e+02    0.0000000000e+00   -4.5187843741e+01    9.9392026511e-01    1.0000000000e+00
       237   -4.5159211915e+01    1.4559683885e+00    5.1685664766e+02    5.1700000000e+02    0.0000000000e+00   -4.5187464484e+01    9.9258968122e-01    1.0000000000e+00
       238   -4.5154182104e+01    1.5942374697e+00    5.1781954342e+02    5.1800000000e+02    0.0000000000e+00   -4.5186937467e+01    9.9473471317e-01    9.9613899614e-01
       239   -4.5181499693e+01    1.5015977613e+00    5.1890606104e+02    5.1900000000e+02    0.0000000000e+00   -4.5188692259e+01    9.9288255621e-01    9.9421965318e-01
       240   -4.5187497287e+01    1.6315132741e+00    5.1798507525e+02    5.1800000000e+02    0.0000000000e+00   -4.5190806996e+01    9.9377132157e-01    9.9613899614e-01
       241   -4.5224944056e+01    1.5851933973e+00    5.1908882455e+02    5.1900000000e+02    0.0000000000e+00   -4.5189076208e+01    9.9390006587e-01    9.9421965318e-01
       242   -4.5205176848e+01    1.8283364229e+00    5.1813755845e+02    5.1800000000e+02    0.0000000000e+00   -4.5191418710e+01    9.9486351059e-01    9.9806949807e-01
       243   -4.5218848852e+01    1.4706168579e+00    5.2219154349e+02    5.2200000000e+02    0.0000000000e+00   -4.5189707817e+01    9.9330571291e-01    9.9233716475e-01
       244   -4.5222759188e+01    1.3345987398e+00    5.1812403785e+02    5.1800000000e+02    0.0000000000e+00   -4.5197684806e+01    9.9173399238e-01    9.9420849421e-01
       245   -4.5260626365e+01    1.2468854656e+00    5.1827667561e+02    5.1800000000e+02    0.0000000000e+00   -4.5190064054e+01    9.9473125358e-01    9.9806949807e-01
       246   -4.5216794240e+01    1.4339884503e+00    5.2125859615e+02    5.2100000000e+02    0.0000000000e+00   -4.5190723441e+01    9.9430357591e-01    9.9616122841e-01
       247   -4.5254012543e+01    1.3906620025e+00    5.2221055890e+02    5.2200000000e+02    0.0000000000e+00   -4.5196629008e+01    9.9365096566e-01    9.9808429119e-01
       248   -4.5279212839e+01    1.5772375497e+00    5.2332957275e+02    5.2300000000e+02    0.0000000000e+00   -4.5198783906e+01    9.9228685731e-01    9.9808795411e-01
       249   -4.5244217665e+01    1.4450793448e+00    5.2329663311e+02    5.2300000000e+02    0.0000000000e+00   -4.5201361900e+01    9.9346752104e-01    9.9808795411e-01
       250   -4.5197715413e+01    1.5898549248e+00    5.2912656812e+02    5.2900000000e+02    0.0000000000e+00   -4.5201580445e+01    9.9286976335e-01    9.9621928166e-01
       251   -4.5245892492e+01    1.5763466585e+00    5.3004974497e+02    5.3000000000e+02    0.0000000000e+00   -4.5212737372e+01    9.9233711143e-01    9.9433962264e-01
       252   -4.5242769446e+01    1.4087976041e+00    5.3017638851e+02    5.3000000000e+02    0.0000000000e+00   -4.5214765303e+01    9.9468203020e-01    9.9245283019e-01
       253   -4.5184512049e+01    1.2338392408e+00    5.2900320394e+02    5.2900000000e+02    0.0000000000e+00   -4.5215273088e+01    9.9236699219e-01    9.9810964083e-01
       254   -4.5151577997e+01    1.3856097993e+00    5.2975373206e+02    5.3000000000e+02    0.0000000000e+00   -4.5213075441e+01    9.9411769793e-01    9.8679245283e-01
       255   -4.5220370685e+01    1.5072627328e+00    5.2387878877e+02    5.2400000000e+02    0.0000000000e+00   -4.5214370524e+01    9.9354768021e-01    9.9045801527e-01
       256   -4.5219154398e+01    1.3376284738e+00    5.2009472462e+02    5.2000000000e+02    0.0000000000e+00   -4.5203388484e+01    9.9364447634e-01    9.9615384615e-01
       257   -4.5198640252e+01    1.4059335565e+00    5.2005839098e+02    5.2000000000e+02    0.0000000000e+00   -4.5196302401e+01    9.9264531653e-01    9.9807692308e-01
       258   -4.5167020217e+01    1.4257909750e+00    5.2293159517e+02    5.2300000000e+02    0.0000000000e+00   -4.5196308271e+01    9.9420594890e-01    9.9235181644e-01
       259   -4.5182051817e+01    1.3835558281e+00    5.2088379936e+02    5.2100000000e+02    0.0000000000e+00   -4.5201760635e+01    9.9075448269e-01    9.9616122841e-01
       260   -4.5218134243e+01    1.6297979385e+00    5.2200535231e+02    5.2200000000e+02    0.0000000000e+00   -4.5197842860e+01    9.9342237191e-01    9.9616858238e-01
       261   -4.5273215890e+01    2.7555796397e+00    5.2919247141e+02    5.2900000000e+02    0.0000000000e+00   -4.5200149294e+01    9.9351787977e-01    9.9054820416e-01
       262   -4.5214820539e+01    1.4997469538e+00    5.2501387194e+02    5.2500000000e+02    0.0000000000e+00   -4.5214205559e+01    9.9222436780e-01    9.9428571429e-01
       263   -4.5207826659e+01    1.4145997664e+00    5.2602830612e+02    5.2600000000e+02    0.0000000000e+00   -4.5206416485e+01    9.9395120662e-01    9.9619771863e-01
       264   -4.5211977857e+01    1.5148357142e+00    5.3002202302e+02    5.3000000000e+02    0.0000000000e+00   -4.5208455474e+01    9.9362526577e-01    1.0000000000e+00
       265   -4.5212337565e+01    1.5962471844e+00    5.3195412899e+02    5.3200000000e+02    0.0000000000e+00   -4.5216143712e+01    9.9208550288e-01    1.0000000000e+00
       266   -4.5196141422e+01    1.3358118480e+00    5.3188320439e+02    5.3200000000e+02    0.0000000000e+00   -4.5219907569e+01    9.9149243424e-01    9.9436090226e-01
       267   -4.5181715206e+01    1.3650895311e+00    5.2983325799e+02    5.3000000000e+02    0.0000000000e+00   -4.5219832801e+01    9.9357439467e-01    9.9433962264e-01
       268   -4.5170469970e+01    1.5521317371e+00    5.2980511235e+02    5.3000000000e+02    0.0000000000e+00   -4.5215971152e+01    9.9375684355e-01    9.9433962264e-01
       269   -4.5165935644e+01    1.2680320560e+00    5.2674424008e+02    5.2700000000e+02    0.0000000000e+00   -4.5215872794e+01    9.9276754671e-01    9.9810246679e-01
       270   -4.5121863645e+01    1.3588534776e+00    5.3065674947e+02    5.3100000000e+02    0.0000000000e+00   -4.5210015675e+01    9.9403529214e-01    9.9811676083e-01
       271   -4.5255595342e+01    1.4928472373e+00    5.3284749740e+02    5.3300000000e+02    0.0000000000e+00   -4.5217177853e+01    9.9431896643e-01    9.9624765478e-01
       272   -4.5187293917e+01    1.4929510799e+00    5.3302116999e+02    5.3300000000e+02    0.0000000000e+00   -4.5221592203e+01    9.9320779980e-01    9.9624765478e-01
       273   -4.5145877283e+01    1.4674402108e+00    5.3269810376e+02    5.3300000000e+02    0.0000000000e+00   -4.5221940266e+01    9.9224578618e-01    9.9624765478e-01
       274   -4.5168806938e+01    1.6079226208e+00    5.3365192805e+02    5.3400000000e+02    0.0000000000e+00   -4.5221192929e+01    9.9488871337e-01    9.9812734082e-01
       275   -4.5233462552e+01    1.2665811891e+00    5.3486920717e+02    5.3500000000e+02    0.0000000000e+00   -4.5222931859e+01    9.9453294708e-01    9.9065420561e-01
       276   -4.5207974555e+01    1.4233940963e+00    5.3402216309e+02    5.3400000000e+02    0.0000000000e+00   -4.5225413226e+01    9.9317927571e-01    1.0000000000e+00
       277   -4.5158733950e+01    1.2152716708e+00    5.3578074220e+02    5.3600000000e+02    0.0000000000e+00   -4.5223930498e+01    9.9277109073e-01    9.9626865672e-01
       278   -4.5103748799e+01    1.4170443990e+00    5.3447747522e+02    5.3500000000e+02    0.0000000000e+00   -4.5227128698e+01    9.9250988363e-01    9.9252336449e-01
       279   -4.5173891613e+01    1.3177313408e+00    5.3053885518e+02    5.3100000000e+02    0.0000000000e+00   -4.5224392193e+01    9.9292388514e-01    9.9623352166e-01
       280   -4.5140251333e+01    1.2326815394e+00    5.3065473413e+02    5.3100000000e+02    0.0000000000e+00   -4.5216966820e+01    9.9194612366e-01    9.9623352166e-01
       281   -4.5124673012e+01    1.2906306451e+00    5.3055048973e+02    5.3100000000e+02    0.0000000000e+00   -4.5217027562e+01    9.9173543649e-01    9.9811676083e-01
       282   -4.5116067922e+01    1.3122235907e+00    5.3049309871e+02    5.3100000000e+02    0.0000000000e+00   -4.5216615191e+01    9.9473397500e-01    9.9623352166e-01
       283   -4.5172839402e+01    1.4588694910e+00    5.2961100952e+02    5.3000000000e+02    0.0000000000e+00   -4.5216260029e+01    9.9269452777e-01    9.9622641509e-01
       284   -4.5163845551e+01    1.3888033561e+00    5.3277036420e+02    5.3300000000e+02    0.0000000000e+00   -4.5214565804e+01    9.9193118401e-01    9.9437148218e-01
       285   -4.5233168729e+01    1.4725754043e+00    5.3287187240e+02    5.3300000000e+02    0.0000000000e+00   -4.5220449724e+01    9.9311312918e-01    9.9437148218e-01
       286   -4.5252263163e+01    1.6743257269e+00    5.3212029455e+02    5.3200000000e+02    0.0000000000e+00   -4.5220837547e+01    9.9303460323e-01    9.9624060150e-01
       287   -4.5196959544e+01    1.3099275592e+00    5.3402521801e+02    5.3400000000e+02    0.0000000000e+00   -4.5219693471e+01    9.9364470833e-01    9.9812734082e-01
       288   -4.5232136823e+01    1.3586277908e+00    5.3697636094e+02    5.3700000000e+02    0.0000000000e+00   -4.5223325948e+01    9.9328447290e-01    9.9068901304e-01
       289   -4.5280402326e+01    1.3562461293e+00    5.3315523775e+02    5.3300000000e+02    0.0000000000e+00   -4.5229026287e+01    9.9226364482e-01    9.9249530957e-01
       290   -4.5255044523e+01    1.3031217136e+00    5.3023883259e+02    5.3000000000e+02    0.0000000000e+00   -4.5222251535e+01    9.9308550529e-01    9.9245283019e-01
       291   -4.5359053785e+01    2.1011585827e+00    5.2941457530e+02    5.2900000000e+02    0.0000000000e+00   -4.5217036843e+01    9.9337241413e-01    9.9243856333e-01
       292   -4.5233087505e+01    1.1997132923e+00    5.2838020385e+02    5.2800000000e+02    0.0000000000e+00   -4.5216131940e+01    9.9155792885e-01    9.9810606061e-01
       293   -4.5321744608e+01    1.4574196130e+00    5.2831596202e+02    5.2800000000e+02    0.0000000000e+00   -4.5214360852e+01    9.9385964699e-01    9.9431818182e-01
       294   -4.5325570961e+01    1.8486622884e+00    5.2658977558e+02    5.2600000000e+02    0.0000000000e+00   -4.5214746106e+01    9.9412475727e-01    9.9239543726e-01
       295   -4.5251194314e+01    1.4664672749e+00    5.2441407420e+02    5.2400000000e+02    0.0000000000e+00   -4.5211990491e+01    9.9196019862e-01    9.9618320611e-01
       296   -4.5329416113e+01    1.4429837875e+00    5.2342089400e+02    5.2300000000e+02    0.0000000000e+00   -4.5208094094e+01    9.9322834568e-01    9.9617590822e-01
       297   -4.5251112130e+01    1.3142048415e+00    5.2443877957e+02    5.2400000000e+02    0.0000000000e+00   -4.5206722886e+01    9.9291454091e-01    1.0000000000e+00
       298   -4.5242900559e+01    1.3408756907e+00    5.3021455533e+02    5.3000000000e+02    0.0000000000e+00   -4.5208904707e+01    9.9310557071e-01    9.9433962264e-01
       299   -4.5300167688e+01    1.3050657542e+00    5.2928575874e+02    5.2900000000e+02    0.0000000000e+00   -4.5220065639e+01    9.9218659486e-01    9.9810964083e-01
