#   index    LocalEnergy         LocalEnergy_sq      LocalPotential      Kinetic             LocalECP            NonLocalECP         ElecElec            IonIon              MPC                 BlockWeight         BlockCPU            AcceptRatio         
         0   -4.5820865211e+01    2.1010362594e+03   -8.0958201916e+01    3.5137336705e+01   -2.2048300173e+01    3.6358587508e+00   -1.1443082413e+01   -5.1102678081e+01   -1.1172192356e+01    5.1200000000e+02    1.0455712430e+00    7.2814941406e-01
         1   -4.5819178050e+01    2.1006265882e+03   -8.1493639689e+01    3.5674461638e+01   -2.1640429498e+01    2.7383168197e+00   -1.1488848929e+01   -5.1102678081e+01   -1.1223853041e+01    5.1200000000e+02    1.0823803690e+00    7.2969563802e-01
         2   -4.5811407039e+01    2.0999940533e+03   -8.0346980883e+01    3.4535573844e+01   -2.1253254450e+01    3.4495339411e+00   -1.1440582293e+01   -5.1102678081e+01   -1.1163970643e+01    5.1200000000e+02    1.0384258300e+00    7.2619628906e-01
         3   -4.5849201938e+01    2.1035506704e+03   -8.0896819332e+01    3.5047617394e+01   -2.1583396915e+01    3.4711241614e+00   -1.1681868497e+01   -5.1102678081e+01   -1.1424591427e+01    5.1200000000e+02    1.0349050060e+00    7.2515869141e-01
         4   -4.5771177551e+01    2.0962529790e+03   -8.0618522486e+01    3.4847344935e+01   -2.0661665731e+01    2.9055019906e+00   -1.1759680664e+01   -5.1102678081e+01   -1.1491377539e+01    5.1200000000e+02    1.0351266830e+00    7.2705078125e-01
         5   -4.5948621289e+01    2.1130914861e+03   -7.9816210283e+01    3.3867588994e+01   -2.0223110196e+01    3.0930888350e+00   -1.1583510842e+01   -5.1102678081e+01   -1.1292363212e+01    5.1200000000e+02    1.0361167770e+00    7.3063151042e-01
         6   -4.5848073725e+01    2.1033568021e+03   -8.1133627502e+01    3.5285553776e+01   -2.1381335008e+01    2.9945215164e+00   -1.1644135929e+01   -5.1102678081e+01   -1.1366827448e+01    5.1200000000e+02    1.0716876810e+00    7.2328694661e-01
         7   -4.5721162888e+01    2.0917544251e+03   -8.0437189161e+01    3.4716026273e+01   -2.1585457793e+01    3.5877705971e+00   -1.1336823884e+01   -5.1102678081e+01   -1.1053351253e+01    5.1200000000e+02    1.0627057840e+00    7.2766113281e-01
         8   -4.5812441158e+01    2.1000055971e+03   -8.0830117795e+01    3.5017676636e+01   -2.1305985431e+01    2.9746126058e+00   -1.1396066889e+01   -5.1102678081e+01   -1.1103353280e+01    5.1200000000e+02    1.0862023200e+00    7.2873942057e-01
         9   -4.5872270176e+01    2.1055846633e+03   -8.0338601580e+01    3.4466331404e+01   -2.1121744776e+01    3.3511629008e+00   -1.1465341624e+01   -5.1102678081e+01   -1.1185763893e+01    5.1200000000e+02    1.0900914250e+00    7.3089599609e-01
        10   -4.5846962691e+01    2.1031648148e+03   -8.0246142343e+01    3.4399179652e+01   -2.0757734838e+01    3.0951876329e+00   -1.1480917056e+01   -5.1102678081e+01   -1.1206884151e+01    5.1200000000e+02    1.0706591130e+00    7.2719319661e-01
        11   -4.5777617362e+01    2.0968428544e+03   -7.9584464999e+01    3.3806847637e+01   -2.0636128462e+01    3.5281415092e+00   -1.1373799965e+01   -5.1102678081e+01   -1.1059854247e+01    5.1200000000e+02    1.0609220390e+00    7.2981770833e-01
        12   -4.5802193075e+01    2.0992041574e+03   -7.9841935957e+01    3.4039742882e+01   -2.0919054792e+01    3.5173751793e+00   -1.1337578264e+01   -5.1102678081e+01   -1.1047189576e+01    5.1200000000e+02    1.0328229560e+00    7.2664388021e-01
        13   -4.5834609901e+01    2.1021602040e+03   -8.0681065663e+01    3.4846455762e+01   -2.0943521708e+01    2.9390117504e+00   -1.1573877624e+01   -5.1102678081e+01   -1.1296204177e+01    5.1200000000e+02    1.0608979690e+00    7.2601318359e-01
        14   -4.5805065140e+01    2.0993107089e+03   -8.0139551897e+01    3.4334486758e+01   -2.0963178394e+01    3.5355018810e+00   -1.1609197303e+01   -5.1102678081e+01   -1.1325552560e+01    5.1200000000e+02    1.0470052970e+00    7.3345947266e-01
        15   -4.5817958841e+01    2.1005758548e+03   -8.0387286520e+01    3.4569327679e+01   -2.1247532030e+01    3.6732082942e+00   -1.1710284703e+01   -5.1102678081e+01   -1.1437635829e+01    5.1200000000e+02    1.0358221890e+00    7.2859700521e-01
        16   -4.5827302803e+01    2.1014632002e+03   -8.0380085367e+01    3.4552782563e+01   -2.1048167201e+01    3.4240621729e+00   -1.1653302257e+01   -5.1102678081e+01   -1.1385839995e+01    5.1200000000e+02    1.0225313440e+00    7.2757975260e-01
        17   -4.5842451341e+01    2.1027783783e+03   -8.0712279121e+01    3.4869827780e+01   -2.1182049632e+01    3.1668088647e+00   -1.1594360273e+01   -5.1102678081e+01   -1.1321131451e+01    5.1200000000e+02    1.0162701030e+00    7.2993977865e-01
        18   -4.5905625009e+01    2.1088527765e+03   -8.0748729365e+01    3.4843104356e+01   -2.1054717241e+01    2.9601871015e+00   -1.1551521144e+01   -5.1102678081e+01   -1.1281695752e+01    5.1200000000e+02    1.0141145580e+00    7.2904459635e-01
        19   -4.5928350755e+01    2.1112500326e+03   -8.0575116142e+01    3.4646765387e+01   -2.1533908079e+01    3.5839765144e+00   -1.1522506496e+01   -5.1102678081e+01   -1.1249123270e+01    5.1200000000e+02    1.0329881410e+00    7.2412109375e-01
        20   -4.5812467556e+01    2.1004034240e+03   -8.0720309076e+01    3.4907841520e+01   -2.1653224226e+01    3.7327988885e+00   -1.1697205657e+01   -5.1102678081e+01   -1.1420236586e+01    5.1200000000e+02    1.0171664530e+00    7.2792561849e-01
        21   -4.5818416216e+01    2.1006222267e+03   -8.0657232851e+01    3.4838816635e+01   -2.1517990998e+01    3.6738082452e+00   -1.1710372017e+01   -5.1102678081e+01   -1.1437481726e+01    5.1200000000e+02    1.0242745870e+00    7.2949218750e-01
        22   -4.5797958459e+01    2.0986382651e+03   -8.0890888419e+01    3.5092929960e+01   -2.1501600123e+01    3.2256820521e+00   -1.1512292267e+01   -5.1102678081e+01   -1.1235673723e+01    5.1200000000e+02    1.0453147240e+00    7.2821044922e-01
        23   -4.5741847293e+01    2.0936210281e+03   -8.0690192778e+01    3.4948345485e+01   -2.1236834523e+01    3.2470318071e+00   -1.1597711981e+01   -5.1102678081e+01   -1.1318682337e+01    5.1200000000e+02    1.0988495940e+00    7.2884114583e-01
        24   -4.5832367396e+01    2.1019390579e+03   -8.0840164061e+01    3.5007796666e+01   -2.1606259306e+01    3.3096661637e+00   -1.1440892838e+01   -5.1102678081e+01   -1.1152603827e+01    5.1200000000e+02    1.0688436740e+00    7.2477213542e-01
        25   -4.5788925609e+01    2.0978814076e+03   -8.0919763537e+01    3.5130837929e+01   -2.1681272397e+01    3.2892029721e+00   -1.1425016032e+01   -5.1102678081e+01   -1.1151030980e+01    5.1200000000e+02    1.0592099750e+00    7.2387695312e-01
        26   -4.5766025837e+01    2.0957209893e+03   -7.9934669916e+01    3.4168644079e+01   -2.0576667948e+01    3.1400073742e+00   -1.1395331261e+01   -5.1102678081e+01   -1.1113017594e+01    5.1200000000e+02    1.0756936010e+00    7.2833251953e-01
        27   -4.5949645150e+01    2.1127181475e+03   -8.0125173169e+01    3.4175528019e+01   -2.0849205176e+01    3.1445823758e+00   -1.1317872287e+01   -5.1102678081e+01   -1.1046255645e+01    5.1200000000e+02    1.0932376810e+00    7.3012288411e-01
        28   -4.5735918518e+01    2.0932179789e+03   -8.0624454907e+01    3.4888536390e+01   -2.1200433733e+01    3.1792327677e+00   -1.1500575861e+01   -5.1102678081e+01   -1.1209216594e+01    5.1200000000e+02    1.0580329620e+00    7.2560628255e-01
        29   -4.5838377704e+01    2.1025042197e+03   -8.0679918355e+01    3.4841540652e+01   -2.1217976511e+01    3.0866770602e+00   -1.1445940823e+01   -5.1102678081e+01   -1.1173745340e+01    5.1200000000e+02    1.0656277170e+00    7.2914632161e-01
        30   -4.5709584969e+01    2.0906515295e+03   -8.0645462392e+01    3.4935877422e+01   -2.1068171295e+01    3.1371993315e+00   -1.1611812347e+01   -5.1102678081e+01   -1.1347047496e+01    5.1200000000e+02    1.0669275280e+00    7.2713216146e-01
        31   -4.5864464905e+01    2.1050406027e+03   -8.0361672879e+01    3.4497207974e+01   -2.1338716898e+01    3.4111091978e+00   -1.1331387098e+01   -5.1102678081e+01   -1.1058205988e+01    5.1200000000e+02    1.0535310840e+00    7.2951253255e-01
        32   -4.5882365104e+01    2.1065913203e+03   -8.0498193444e+01    3.4615828339e+01   -2.1077134462e+01    2.9694454757e+00   -1.1287826376e+01   -5.1102678081e+01   -1.1002010864e+01    5.1200000000e+02    1.0502950750e+00    7.3101806641e-01
        33   -4.5842085328e+01    2.1029834809e+03   -8.0589536671e+01    3.4747451342e+01   -2.0877457706e+01    2.8575226228e+00   -1.1466923507e+01   -5.1102678081e+01   -1.1172520876e+01    5.1200000000e+02    1.0434926280e+00    7.2674560547e-01
        34   -4.5772296656e+01    2.0963279181e+03   -8.0455310920e+01    3.4683014264e+01   -2.0735898409e+01    2.9809216560e+00   -1.1597656086e+01   -5.1102678081e+01   -1.1292380129e+01    5.1200000000e+02    1.0507865470e+00    7.3152669271e-01
        35   -4.5827658095e+01    2.1016615557e+03   -8.0153264008e+01    3.4325605913e+01   -2.0825269919e+01    3.1769508263e+00   -1.1402266834e+01   -5.1102678081e+01   -1.1115881073e+01    5.1200000000e+02    1.0969679440e+00    7.2849527995e-01
        36   -4.5781647094e+01    2.0973481161e+03   -8.0300263893e+01    3.4518616799e+01   -2.0384720371e+01    2.6922387860e+00   -1.1505104227e+01   -5.1102678081e+01   -1.1222292015e+01    5.1200000000e+02    1.0424916150e+00    7.2845458984e-01
        37   -4.5858543365e+01    2.1043232990e+03   -8.0213805668e+01    3.4355262303e+01   -2.0624973576e+01    3.0946359060e+00   -1.1580789916e+01   -5.1102678081e+01   -1.1304253672e+01    5.1200000000e+02    1.0422163080e+00    7.2363281250e-01
        38   -4.5746252946e+01    2.0939954403e+03   -8.0073823806e+01    3.4327570860e+01   -2.0816833042e+01    3.4589988043e+00   -1.1613311488e+01   -5.1102678081e+01   -1.1339497636e+01    5.1200000000e+02    1.0517571950e+00    7.3201497396e-01
        39   -4.5866658496e+01    2.1051273679e+03   -8.0320949225e+01    3.4454290729e+01   -2.0763817592e+01    3.1090308674e+00   -1.1563484419e+01   -5.1102678081e+01   -1.1286986349e+01    5.1200000000e+02    1.0663897900e+00    7.2916666667e-01
        40   -4.5835643113e+01    2.1021820041e+03   -7.9943400810e+01    3.4107757697e+01   -2.0788282000e+01    3.5691247338e+00   -1.1621565463e+01   -5.1102678081e+01   -1.1335273130e+01    5.1200000000e+02    1.0614886190e+00    7.2757975260e-01
        41   -4.5789159170e+01    2.0980122983e+03   -8.0283548945e+01    3.4494389775e+01   -2.1443339152e+01    3.6269769573e+00   -1.1364508669e+01   -5.1102678081e+01   -1.1086427623e+01    5.1200000000e+02    1.0978219410e+00    7.3040771484e-01
        42   -4.5789666514e+01    2.0982685345e+03   -8.0643233036e+01    3.4853566522e+01   -2.1368627380e+01    3.2353667431e+00   -1.1407294319e+01   -5.1102678081e+01   -1.1122956275e+01    5.1200000000e+02    1.0904029060e+00    7.2717285156e-01
        43   -4.5794974603e+01    2.0984446611e+03   -8.0744023145e+01    3.4949048542e+01   -2.1202821676e+01    2.8751452290e+00   -1.1313668617e+01   -5.1102678081e+01   -1.1033680482e+01    5.1200000000e+02    1.1066205390e+00    7.3034667969e-01
        44   -4.5776341387e+01    2.0966433322e+03   -8.0061312072e+01    3.4284970686e+01   -2.0762582521e+01    3.2356432540e+00   -1.1431694724e+01   -5.1102678081e+01   -1.1131190905e+01    5.1200000000e+02    1.0916098300e+00    7.2570800781e-01
        45   -4.5768859306e+01    2.0958948837e+03   -8.0759339291e+01    3.4990479985e+01   -2.0786628824e+01    2.6928548870e+00   -1.1562887273e+01   -5.1102678081e+01   -1.1293951929e+01    5.1200000000e+02    1.0655360840e+00    7.2991943359e-01
        46   -4.5800010196e+01    2.0989677316e+03   -8.0727375220e+01    3.4927365024e+01   -2.1506358592e+01    3.4747598156e+00   -1.1593098362e+01   -5.1102678081e+01   -1.1294915947e+01    5.1200000000e+02    1.0524510290e+00    7.2745768229e-01
        47   -4.5890322851e+01    2.1073052553e+03   -8.1358642978e+01    3.5468320127e+01   -2.2020935019e+01    3.3101857662e+00   -1.1545215644e+01   -5.1102678081e+01   -1.1258312464e+01    5.1200000000e+02    1.0551407210e+00    7.2774251302e-01
        48   -4.5745527510e+01    2.0939241858e+03   -8.0703747528e+01    3.4958220017e+01   -2.1338299569e+01    3.2470275313e+00   -1.1509797408e+01   -5.1102678081e+01   -1.1228404408e+01    5.1200000000e+02    1.0462084080e+00    7.2644042969e-01
        49   -4.5832698375e+01    2.1017808775e+03   -8.0354025436e+01    3.4521327061e+01   -2.1440428953e+01    3.7205694804e+00   -1.1531487883e+01   -5.1102678081e+01   -1.1246942738e+01    5.1200000000e+02    1.0572131990e+00    7.2509765625e-01
        50   -4.5838645257e+01    2.1024983790e+03   -7.9832149302e+01    3.3993504045e+01   -2.0713474522e+01    3.4782674565e+00   -1.1494264156e+01   -5.1102678081e+01   -1.1194853462e+01    5.1200000000e+02    1.0848501530e+00    7.2987874349e-01
        51   -4.5746966849e+01    2.0939091061e+03   -7.9965282064e+01    3.4218315215e+01   -2.0629926716e+01    3.3330314115e+00   -1.1565708678e+01   -5.1102678081e+01   -1.1267440416e+01    5.1200000000e+02    1.0367011010e+00    7.2963460286e-01
        52   -4.5779269372e+01    2.0970723841e+03   -8.0224147381e+01    3.4444878009e+01   -2.0585073180e+01    3.0083228634e+00   -1.1544718983e+01   -5.1102678081e+01   -1.1254499649e+01    5.1200000000e+02    1.0418684070e+00    7.2711181641e-01
        53   -4.5745714878e+01    2.0941538995e+03   -7.9662202330e+01    3.3916487453e+01   -2.0407763176e+01    3.1962915859e+00   -1.1348052659e+01   -5.1102678081e+01   -1.1072685095e+01    5.1200000000e+02    1.0342945680e+00    7.2973632812e-01
        54   -4.5760042418e+01    2.0951427907e+03   -7.9706629353e+01    3.3946586935e+01   -2.0315516572e+01    3.1882296263e+00   -1.1476664326e+01   -5.1102678081e+01   -1.1175388438e+01    5.1200000000e+02    1.0371734500e+00    7.2861735026e-01
        55   -4.5855467801e+01    2.1039195483e+03   -8.0248573654e+01    3.4393105853e+01   -2.0848521021e+01    3.3717494524e+00   -1.1669124004e+01   -5.1102678081e+01   -1.1390289764e+01    5.1200000000e+02    1.0380806810e+00    7.2912597656e-01
        56   -4.5866826491e+01    2.1064460780e+03   -8.0883102384e+01    3.5016275893e+01   -2.0375629800e+01    2.2814275965e+00   -1.1686222100e+01   -5.1102678081e+01   -1.1412212482e+01    5.1200000000e+02    1.0424179890e+00    7.3052978516e-01
        57   -4.5867691812e+01    2.1054971035e+03   -8.0353450355e+01    3.4485758542e+01   -2.1081936221e+01    3.3894333994e+00   -1.1558269452e+01   -5.1102678081e+01   -1.1276470640e+01    5.1200000000e+02    1.0671125240e+00    7.2900390625e-01
        58   -4.5893413164e+01    2.1076622683e+03   -8.0788482856e+01    3.4895069691e+01   -2.1419482986e+01    3.3913077049e+00   -1.1657629493e+01   -5.1102678081e+01   -1.1391938538e+01    5.1200000000e+02    1.0766751890e+00    7.2853597005e-01
        59   -4.5801748038e+01    2.0993062484e+03   -8.0265737550e+01    3.4463989512e+01   -2.1250925856e+01    3.8223507780e+00   -1.1734484391e+01   -5.1102678081e+01   -1.1458594856e+01    5.1200000000e+02    1.1110358730e+00    7.2723388672e-01
        60   -4.5880205694e+01    2.1063954142e+03   -8.0543893097e+01    3.4663687403e+01   -2.1618611814e+01    3.7515809141e+00   -1.1574184115e+01   -5.1102678081e+01   -1.1290520774e+01    5.1200000000e+02    1.0887291700e+00    7.3042805990e-01
        61   -4.5840368483e+01    2.1027401689e+03   -8.0310473819e+01    3.4470105336e+01   -2.1097933431e+01    3.4214435558e+00   -1.1531305863e+01   -5.1102678081e+01   -1.1248462974e+01    5.1200000000e+02    1.0431996130e+00    7.2489420573e-01
        62   -4.5817460037e+01    2.1007830424e+03   -8.0866939736e+01    3.5049479699e+01   -2.1086512614e+01    2.8885159356e+00   -1.1566264976e+01   -5.1102678081e+01   -1.1263452885e+01    5.1200000000e+02    1.0413391630e+00    7.3038736979e-01
        63   -4.5768037403e+01    2.0960542404e+03   -8.0779334422e+01    3.5011297019e+01   -2.1221059263e+01    3.0862818627e+00   -1.1541878941e+01   -5.1102678081e+01   -1.1246765124e+01    5.1200000000e+02    1.0449747560e+00    7.3002115885e-01
        64   -4.5713557913e+01    2.0910644872e+03   -8.0615842455e+01    3.4902284542e+01   -2.1623219366e+01    3.6847546629e+00   -1.1574699670e+01   -5.1102678081e+01   -1.1275051011e+01    5.1200000000e+02    1.0386698610e+00    7.2808837891e-01
        65   -4.5788409658e+01    2.0980813459e+03   -8.0198714137e+01    3.4410304479e+01   -2.0862717025e+01    3.4626341284e+00   -1.1695953159e+01   -5.1102678081e+01   -1.1408326328e+01    5.1200000000e+02    1.0385495490e+00    7.2939046224e-01
        66   -4.5790628017e+01    2.0981403547e+03   -8.0337736253e+01    3.4547108236e+01   -2.0944063758e+01    3.1981278568e+00   -1.1489122271e+01   -5.1102678081e+01   -1.1184572060e+01    5.1200000000e+02    1.0378517070e+00    7.2678629557e-01
        67   -4.5719980615e+01    2.0917214894e+03   -8.0151808806e+01    3.4431828191e+01   -2.0509377213e+01    2.9666275064e+00   -1.1506381018e+01   -5.1102678081e+01   -1.1221614305e+01    5.1200000000e+02    1.0368650750e+00    7.3099772135e-01
        68   -4.5859010716e+01    2.1043892100e+03   -8.0210037073e+01    3.4351026357e+01   -2.0448998073e+01    2.8078450217e+00   -1.1466205941e+01   -5.1102678081e+01   -1.1158944065e+01    5.1200000000e+02    1.0405237750e+00    7.2841389974e-01
        69   -4.5778011085e+01    2.0969087416e+03   -8.0770887185e+01    3.4992876100e+01   -2.1709423889e+01    3.4565461855e+00   -1.1415331400e+01   -5.1102678081e+01   -1.1110000667e+01    5.1200000000e+02    1.0568326700e+00    7.2719319661e-01
        70   -4.5796576933e+01    2.0986877984e+03   -8.0955438546e+01    3.5158861612e+01   -2.1399130414e+01    3.1194399639e+00   -1.1573070015e+01   -5.1102678081e+01   -1.1292101937e+01    5.1200000000e+02    1.0749518680e+00    7.3067220052e-01
        71   -4.5763448181e+01    2.0956550975e+03   -8.0507556899e+01    3.4744108718e+01   -2.1251957100e+01    3.3169686613e+00   -1.1469890379e+01   -5.1102678081e+01   -1.1200073786e+01    5.1200000000e+02    1.0516082790e+00    7.2823079427e-01
        72   -4.5802551899e+01    2.0991926544e+03   -8.0463127848e+01    3.4660575949e+01   -2.0970278391e+01    3.2511173195e+00   -1.1641288696e+01   -5.1102678081e+01   -1.1339837286e+01    5.1200000000e+02    1.0357104480e+00    7.2731526693e-01
        73   -4.5698611450e+01    2.0901054443e+03   -8.0766571853e+01    3.5067960403e+01   -2.0943634154e+01    2.7122279732e+00   -1.1432487591e+01   -5.1102678081e+01   -1.1137127141e+01    5.1200000000e+02    1.0513882840e+00    7.2959391276e-01
        74   -4.5805462236e+01    2.0995100279e+03   -7.9980235161e+01    3.4174772925e+01   -2.1128747799e+01    3.7155801063e+00   -1.1464389387e+01   -5.1102678081e+01   -1.1181113155e+01    5.1200000000e+02    1.0774714520e+00    7.2823079427e-01
        75   -4.5742938450e+01    2.0936126443e+03   -8.0605999623e+01    3.4863061174e+01   -2.1264646374e+01    3.3141761975e+00   -1.1552851366e+01   -5.1102678081e+01   -1.1287465459e+01    5.1200000000e+02    1.0855180030e+00    7.2991943359e-01
        76   -4.5780082250e+01    2.0970816056e+03   -8.0876069385e+01    3.5095987135e+01   -2.1187933151e+01    2.8539439663e+00   -1.1439402119e+01   -5.1102678081e+01   -1.1150782261e+01    5.1200000000e+02    1.0833331530e+00    7.2798665365e-01
        77   -4.5840508665e+01    2.1026693687e+03   -8.0283850975e+01    3.4443342310e+01   -2.0881664242e+01    3.2641511993e+00   -1.1563659852e+01   -5.1102678081e+01   -1.1266342718e+01    5.1200000000e+02    1.0751195760e+00    7.2483317057e-01
        78   -4.5829103047e+01    2.1017903960e+03   -8.0350501640e+01    3.4521398592e+01   -2.0942914914e+01    3.0901852220e+00   -1.1395093867e+01   -5.1102678081e+01   -1.1096416527e+01    5.1200000000e+02    1.0564793960e+00    7.2615559896e-01
        79   -4.5883647077e+01    2.1068191469e+03   -8.0536682266e+01    3.4653035189e+01   -2.1368469833e+01    3.1199777058e+00   -1.1185512058e+01   -5.1102678081e+01   -1.0901263682e+01    5.1200000000e+02    1.0678608810e+00    7.3164876302e-01
        80   -4.5831969981e+01    2.1016359923e+03   -8.0383221885e+01    3.4551251904e+01   -2.1165548288e+01    3.2146088829e+00   -1.1329604400e+01   -5.1102678081e+01   -1.1032753577e+01    5.1200000000e+02    1.0394199260e+00    7.2678629557e-01
        81   -4.5888882427e+01    2.1073711552e+03   -8.0929915953e+01    3.5041033526e+01   -2.1836517678e+01    3.4971007752e+00   -1.1487820970e+01   -5.1102678081e+01   -1.1210729154e+01    5.1200000000e+02    1.0466399910e+00    7.2253417969e-01
        82   -4.5838875378e+01    2.1024822830e+03   -8.0689707719e+01    3.4850832341e+01   -2.1208580413e+01    3.1364662356e+00   -1.1514915461e+01   -5.1102678081e+01   -1.1232336625e+01    5.1200000000e+02    1.0383270570e+00    7.2501627604e-01
        83   -4.5743301294e+01    2.0939860597e+03   -8.0364079870e+01    3.4620778576e+01   -2.1181899144e+01    3.4399043961e+00   -1.1519407040e+01   -5.1102678081e+01   -1.1228189539e+01    5.1200000000e+02    1.0541483830e+00    7.2507731120e-01
        84   -4.5800750392e+01    2.0990835335e+03   -8.0937308997e+01    3.5136558606e+01   -2.1307990200e+01    3.1601438611e+00   -1.1686784577e+01   -5.1102678081e+01   -1.1402120236e+01    5.1200000000e+02    1.0497222080e+00    7.2631835938e-01
        85   -4.5839733118e+01    2.1027691543e+03   -8.0658463921e+01    3.4818730803e+01   -2.1275505632e+01    3.3313870638e+00   -1.1611667272e+01   -5.1102678081e+01   -1.1356852937e+01    5.1200000000e+02    1.0443967350e+00    7.2837320964e-01
        86   -4.5818110144e+01    2.1005082949e+03   -8.0505743538e+01    3.4687633394e+01   -2.0933150772e+01    3.0801972418e+00   -1.1550111926e+01   -5.1102678081e+01   -1.1278977316e+01    5.1200000000e+02    1.0501613180e+00    7.2810872396e-01
        87   -4.5733662327e+01    2.0929590716e+03   -8.0521436372e+01    3.4787774045e+01   -2.0872917558e+01    2.9089756014e+00   -1.1454816335e+01   -5.1102678081e+01   -1.1176777726e+01    5.1200000000e+02    1.0544132030e+00    7.2505696615e-01
        88   -4.5821997453e+01    2.1009937647e+03   -8.0457081047e+01    3.4635083594e+01   -2.1109017099e+01    3.2414817150e+00   -1.1486867582e+01   -5.1102678081e+01   -1.1211520188e+01    5.1200000000e+02    1.0566884490e+00    7.2668457031e-01
        89   -4.5828254034e+01    2.1016601193e+03   -8.0312928237e+01    3.4484674203e+01   -2.1240489036e+01    3.6535943669e+00   -1.1623355487e+01   -5.1102678081e+01   -1.1350288078e+01    5.1200000000e+02    1.0711612780e+00    7.2971598307e-01
        90   -4.5830379781e+01    2.1016873817e+03   -8.1142325167e+01    3.5311945387e+01   -2.1320584143e+01    3.0504368565e+00   -1.1769499800e+01   -5.1102678081e+01   -1.1513655584e+01    5.1200000000e+02    1.0831866750e+00    7.3057047526e-01
        91   -4.5818643914e+01    2.1008292360e+03   -8.0995283264e+01    3.5176639349e+01   -2.1408024133e+01    3.0902765657e+00   -1.1574857615e+01   -5.1102678081e+01   -1.1294226479e+01    5.1200000000e+02    1.0996048090e+00    7.2888183594e-01
        92   -4.5782631112e+01    2.0973015442e+03   -8.0747596245e+01    3.4964965133e+01   -2.1602113963e+01    3.3672000950e+00   -1.1410004296e+01   -5.1102678081e+01   -1.1101525653e+01    5.1200000000e+02    1.0936762300e+00    7.2821044922e-01
        93   -4.5853476446e+01    2.1039999403e+03   -8.1065629911e+01    3.5212153465e+01   -2.1422838308e+01    3.0014326055e+00   -1.1541546127e+01   -5.1102678081e+01   -1.1236210222e+01    5.1200000000e+02    1.0675782790e+00    7.3122151693e-01
        94   -4.5809755999e+01    2.0999628131e+03   -8.0267063651e+01    3.4457307652e+01   -2.1141338396e+01    3.4893364912e+00   -1.1512383665e+01   -5.1102678081e+01   -1.1224995569e+01    5.1200000000e+02    1.0570258660e+00    7.2688802083e-01
        95   -4.5789801843e+01    2.0980824459e+03   -8.0095279212e+01    3.4305477370e+01   -2.0495671947e+01    3.1656460861e+00   -1.1662575270e+01   -5.1102678081e+01   -1.1370699356e+01    5.1200000000e+02    1.0568008950e+00    7.2953287760e-01
        96   -4.5763373369e+01    2.0958017020e+03   -8.0029737414e+01    3.4266364045e+01   -2.0751438861e+01    3.4495766867e+00   -1.1625197158e+01   -5.1102678081e+01   -1.1331855878e+01    5.1200000000e+02    1.0738118130e+00    7.2560628255e-01
        97   -4.5713040069e+01    2.0911864267e+03   -7.9797112243e+01    3.4084072175e+01   -2.1048003214e+01    3.8911731858e+00   -1.1537604134e+01   -5.1102678081e+01   -1.1253614554e+01    5.1200000000e+02    1.0610312420e+00    7.3134358724e-01
        98   -4.5823927550e+01    2.1013915380e+03   -7.9445479462e+01    3.3621551911e+01   -2.0447201741e+01    3.5628893364e+00   -1.1458488976e+01   -5.1102678081e+01   -1.1161371089e+01    5.1200000000e+02    1.0458569000e+00    7.2869873047e-01
        99   -4.5751475495e+01    2.0945102616e+03   -8.0204353406e+01    3.4452877911e+01   -2.0621309884e+01    2.9869174744e+00   -1.1467282916e+01   -5.1102678081e+01   -1.1182971870e+01    5.1200000000e+02    1.0584923770e+00    7.2755940755e-01
       100   -4.5838826161e+01    2.1025615292e+03   -8.0028222131e+01    3.4189395970e+01   -2.0855497530e+01    3.4793349933e+00   -1.1549381513e+01   -5.1102678081e+01   -1.1248929619e+01    5.1200000000e+02    1.0450132740e+00    7.2607421875e-01
       101   -4.5853892439e+01    2.1037881550e+03   -7.9771436355e+01    3.3917543917e+01   -2.1069717844e+01    3.8869818531e+00   -1.1486022284e+01   -5.1102678081e+01   -1.1190561758e+01    5.1200000000e+02    1.0375969700e+00    7.2607421875e-01
       102   -4.5863415451e+01    2.1047900210e+03   -8.0355672947e+01    3.4492257497e+01   -2.0800412018e+01    3.1019241522e+00   -1.1554507000e+01   -5.1102678081e+01   -1.1275749238e+01    5.1200000000e+02    1.0431339800e+00    7.2878011068e-01
       103   -4.5746381825e+01    2.0938184998e+03   -8.0514671042e+01    3.4768289217e+01   -2.0967229234e+01    3.0106443391e+00   -1.1455408066e+01   -5.1102678081e+01   -1.1167031733e+01    5.1200000000e+02    1.0338761420e+00    7.3305257161e-01
       104   -4.5705949352e+01    2.0903620436e+03   -8.0701032765e+01    3.4995083413e+01   -2.0919007946e+01    2.8454498064e+00   -1.1524796543e+01   -5.1102678081e+01   -1.1232976436e+01    5.1200000000e+02    1.0359910690e+00    7.2941080729e-01
       105   -4.5722001998e+01    2.0918030883e+03   -8.0936173249e+01    3.5214171251e+01   -2.1700639656e+01    3.1749315419e+00   -1.1307787054e+01   -5.1102678081e+01   -1.1019841550e+01    5.1200000000e+02    1.0379251510e+00    7.3343912760e-01
       106   -4.5807912715e+01    2.0996146187e+03   -8.0248296471e+01    3.4440383756e+01   -2.0942644287e+01    3.0663340687e+00   -1.1269308171e+01   -5.1102678081e+01   -1.0966468846e+01    5.1200000000e+02    1.0468518110e+00    7.2703043620e-01
       107   -4.5836260947e+01    2.1022304624e+03   -8.0588254866e+01    3.4751993919e+01   -2.1151617693e+01    3.0651450209e+00   -1.1399104112e+01   -5.1102678081e+01   -1.1141215310e+01    5.1200000000e+02    1.0818757140e+00    7.2694905599e-01
       108   -4.5819537170e+01    2.1008773571e+03   -8.0201354812e+01    3.4381817642e+01   -2.0982168844e+01    3.3004196997e+00   -1.1416927587e+01   -5.1102678081e+01   -1.1156751439e+01    5.1200000000e+02    1.0803688830e+00    7.2924804688e-01
       109   -4.5777816811e+01    2.0967982594e+03   -8.0063761815e+01    3.4285945004e+01   -2.0428462674e+01    3.0795091831e+00   -1.1612130243e+01   -5.1102678081e+01   -1.1343004194e+01    5.1200000000e+02    1.0603180280e+00    7.2949218750e-01
       110   -4.5928244242e+01    2.1107736356e+03   -8.0738576711e+01    3.4810332469e+01   -2.1614605344e+01    3.3598290864e+00   -1.1381122373e+01   -5.1102678081e+01   -1.1109815677e+01    5.1200000000e+02    1.0481427710e+00    7.2444661458e-01
       111   -4.5893486151e+01    2.1114155499e+03   -8.0825075258e+01    3.4931589106e+01   -2.1954753788e+01    3.8060156497e+00   -1.1573659039e+01   -5.1102678081e+01   -1.1296765931e+01    5.1200000000e+02    1.0484163070e+00    7.2617594401e-01
       112   -4.5833032909e+01    2.1020587374e+03   -8.0931883878e+01    3.5098850969e+01   -2.1345333510e+01    3.1316043828e+00   -1.1615476669e+01   -5.1102678081e+01   -1.1329929650e+01    5.1200000000e+02    1.0375988850e+00    7.2774251302e-01
       113   -4.5794979141e+01    2.0991395872e+03   -8.0757853301e+01    3.4962874159e+01   -2.1650586544e+01    3.5274301700e+00   -1.1532018846e+01   -5.1102678081e+01   -1.1231720370e+01    5.1200000000e+02    1.0426959590e+00    7.2904459635e-01
       114   -4.5886698568e+01    2.1068838046e+03   -8.0475393050e+01    3.4588694482e+01   -2.1302839314e+01    3.5030487820e+00   -1.1572924437e+01   -5.1102678081e+01   -1.1289392613e+01    5.1200000000e+02    1.0395078450e+00    7.2662353516e-01
       115   -4.5791319531e+01    2.0980196899e+03   -8.0629579302e+01    3.4838259772e+01   -2.1386598180e+01    3.4593835916e+00   -1.1599686633e+01   -5.1102678081e+01   -1.1309007036e+01    5.1200000000e+02    1.0407007090e+00    7.2642008464e-01
       116   -4.5856317371e+01    2.1042239415e+03   -8.0839485820e+01    3.4983168449e+01   -2.1377309422e+01    3.1361080100e+00   -1.1495606327e+01   -5.1102678081e+01   -1.1209030247e+01    5.1200000000e+02    1.0452005590e+00    7.2861735026e-01
       117   -4.5802246045e+01    2.0992013814e+03   -8.0398815064e+01    3.4596569019e+01   -2.1067245597e+01    3.3336686646e+00   -1.1562560050e+01   -5.1102678081e+01   -1.1282192981e+01    5.1200000000e+02    1.0381077760e+00    7.2546386719e-01
       118   -4.5777033007e+01    2.0967926371e+03   -8.0625133401e+01    3.4848100394e+01   -2.1286562443e+01    3.0761584616e+00   -1.1312051338e+01   -5.1102678081e+01   -1.1010194482e+01    5.1200000000e+02    1.0458342350e+00    7.3063151042e-01
       119   -4.5798658297e+01    2.0990052261e+03   -8.0477561780e+01    3.4678903482e+01   -2.1192287376e+01    3.4536022164e+00   -1.1636198539e+01   -5.1102678081e+01   -1.1344410487e+01    5.1200000000e+02    1.0530139540e+00    7.2424316406e-01
       120   -4.5800976517e+01    2.0991483150e+03   -8.0748731138e+01    3.4947754621e+01   -2.0904138460e+01    2.9350396051e+00   -1.1676954202e+01   -5.1102678081e+01   -1.1404021755e+01    5.1200000000e+02    1.0367545110e+00    7.2780354818e-01
       121   -4.5834224774e+01    2.1019914537e+03   -8.0019268697e+01    3.4185043923e+01   -2.0638176698e+01    3.1972750277e+00   -1.1475688945e+01   -5.1102678081e+01   -1.1202627077e+01    5.1200000000e+02    1.0356319140e+00    7.2743733724e-01
       122   -4.5907045248e+01    2.1087876923e+03   -7.9940174929e+01    3.4033129680e+01   -2.0680146773e+01    3.3117726568e+00   -1.1469122732e+01   -5.1102678081e+01   -1.1193587246e+01    5.1200000000e+02    1.0324414700e+00    7.2778320312e-01
       123   -4.5850503238e+01    2.1035922554e+03   -8.0576284328e+01    3.4725781090e+01   -2.0797008173e+01    2.7747642515e+00   -1.1451362326e+01   -5.1102678081e+01   -1.1176438843e+01    5.1200000000e+02    1.0546563690e+00    7.2825113932e-01
       124   -4.5724049016e+01    2.0919402573e+03   -8.0363143246e+01    3.4639094229e+01   -2.0917826534e+01    3.2097545365e+00   -1.1552393167e+01   -5.1102678081e+01   -1.1250052745e+01    5.1200000000e+02    1.0778394660e+00    7.2918701172e-01
       125   -4.5709286457e+01    2.0905623680e+03   -8.0194651861e+01    3.4485365404e+01   -2.0647419222e+01    3.1502855408e+00   -1.1594840098e+01   -5.1102678081e+01   -1.1294637913e+01    5.1200000000e+02    1.1199860280e+00    7.2928873698e-01
       126   -4.5880137088e+01    2.1061949565e+03   -8.0204432888e+01    3.4324295800e+01   -2.0779331824e+01    3.3195285490e+00   -1.1641951531e+01   -5.1102678081e+01   -1.1350578722e+01    5.1200000000e+02    1.0873546380e+00    7.2743733724e-01
       127   -4.5761755512e+01    2.0953637955e+03   -8.1256109644e+01    3.5494354132e+01   -2.1619378971e+01    3.0539016134e+00   -1.1587954205e+01   -5.1102678081e+01   -1.1311710164e+01    5.1200000000e+02    1.0604257230e+00    7.2723388672e-01
       128   -4.5792392328e+01    2.0986803637e+03   -8.1173147035e+01    3.5380754707e+01   -2.1492810443e+01    2.9601557283e+00   -1.1537814239e+01   -5.1102678081e+01   -1.1266173706e+01    5.1200000000e+02    1.0391586750e+00    7.2690836589e-01
       129   -4.5811354272e+01    2.0999732596e+03   -8.0153250667e+01    3.4341896395e+01   -2.0659687898e+01    3.1434383820e+00   -1.1534323071e+01   -5.1102678081e+01   -1.1248338798e+01    5.1200000000e+02    1.0603278100e+00    7.2479248047e-01
       130   -4.5802094329e+01    2.0991570994e+03   -7.9444320987e+01    3.3642226659e+01   -2.0138608359e+01    3.2355084408e+00   -1.1438542988e+01   -5.1102678081e+01   -1.1139886783e+01    5.1200000000e+02    1.0461197300e+00    7.2745768229e-01
       131   -4.5711279032e+01    2.0911701051e+03   -8.0069316941e+01    3.4358037909e+01   -2.0694247629e+01    3.3094349112e+00   -1.1581826142e+01   -5.1102678081e+01   -1.1289343030e+01    5.1200000000e+02    1.0326301950e+00    7.2955322266e-01
       132   -4.5776785226e+01    2.0966531994e+03   -8.0261479391e+01    3.4484694165e+01   -2.0879695793e+01    3.3246396909e+00   -1.1603745208e+01   -5.1102678081e+01   -1.1318378702e+01    5.1200000000e+02    1.0314484340e+00    7.3095703125e-01
       133   -4.5787990345e+01    2.0980477812e+03   -8.0219226500e+01    3.4431236154e+01   -2.0836755907e+01    3.2270094534e+00   -1.1506801965e+01   -5.1102678081e+01   -1.1206519737e+01    5.1200000000e+02    1.0415420370e+00    7.2668457031e-01
       134   -4.5753855300e+01    2.0948423526e+03   -7.9995716424e+01    3.4241861125e+01   -2.0768318844e+01    3.4624898316e+00   -1.1587209331e+01   -5.1102678081e+01   -1.1300992578e+01    5.1200000000e+02    1.0347168010e+00    7.2701009115e-01
       135   -4.5788036986e+01    2.0978161449e+03   -8.0631676252e+01    3.4843639266e+01   -2.1371688342e+01    3.3203677410e+00   -1.1477677569e+01   -5.1102678081e+01   -1.1192352104e+01    5.1200000000e+02    1.0477139160e+00    7.3026529948e-01
       136   -4.5793720473e+01    2.0984166382e+03   -8.0519414201e+01    3.4725693728e+01   -2.0985918680e+01    3.1140280816e+00   -1.1544845522e+01   -5.1102678081e+01   -1.1262257640e+01    5.1200000000e+02    1.0491551380e+00    7.2438557943e-01
       137   -4.5801827414e+01    2.0993119614e+03   -8.0539624838e+01    3.4737797424e+01   -2.1225159035e+01    3.3977191474e+00   -1.1609506870e+01   -5.1102678081e+01   -1.1325778688e+01    5.1200000000e+02    1.0476246130e+00    7.2741699219e-01
       138   -4.5814829918e+01    2.1004973567e+03   -8.0249346332e+01    3.4434516415e+01   -2.1240338336e+01    3.5554413434e+00   -1.1461771258e+01   -5.1102678081e+01   -1.1162012227e+01    5.1200000000e+02    1.0479931430e+00    7.2460937500e-01
       139   -4.5767944070e+01    2.0959534001e+03   -8.1020791777e+01    3.5252847707e+01   -2.1849983278e+01    3.3025060963e+00   -1.1370636514e+01   -5.1102678081e+01   -1.1062770166e+01    5.1200000000e+02    1.0631425360e+00    7.2943115234e-01
       140   -4.5763417428e+01    2.0957095286e+03   -8.1082142140e+01    3.5318724713e+01   -2.1383009699e+01    2.8849143690e+00   -1.1481368730e+01   -5.1102678081e+01   -1.1188628081e+01    5.1200000000e+02    1.0848345280e+00    7.2739664714e-01
       141   -4.5831429881e+01    2.1021202847e+03   -8.0206017168e+01    3.4374587287e+01   -2.1126915869e+01    3.4437565703e+00   -1.1420179787e+01   -5.1102678081e+01   -1.1138418795e+01    5.1200000000e+02    1.0888258210e+00    7.2696940104e-01
       142   -4.5817003930e+01    2.1005647610e+03   -8.0756238274e+01    3.4939234343e+01   -2.1154037339e+01    2.9857165234e+00   -1.1485239377e+01   -5.1102678081e+01   -1.1200279291e+01    5.1200000000e+02    1.0931362930e+00    7.2597249349e-01
       143   -4.5841508760e+01    2.1029820544e+03   -8.0468962576e+01    3.4627453816e+01   -2.1100285608e+01    3.3780276545e+00   -1.1644026541e+01   -5.1102678081e+01   -1.1339815897e+01    5.1200000000e+02    1.0898441700e+00    7.2900390625e-01
       144   -4.5802243901e+01    2.0992550520e+03   -8.0185115260e+01    3.4382871359e+01   -2.1117595115e+01    3.4607074111e+00   -1.1425549476e+01   -5.1102678081e+01   -1.1146720245e+01    5.1200000000e+02    1.0346247470e+00    7.2560628255e-01
       145   -4.5809519232e+01    2.0998915565e+03   -8.0315009723e+01    3.4505490491e+01   -2.0978654568e+01    3.4138724745e+00   -1.1647549549e+01   -5.1102678081e+01   -1.1371340840e+01    5.1200000000e+02    1.0495636760e+00    7.2833251953e-01
       146   -4.5875507444e+01    2.1059974665e+03   -7.9952738556e+01    3.4077231112e+01   -2.0649826319e+01    3.5100286071e+00   -1.1710262763e+01   -5.1102678081e+01   -1.1466711580e+01    5.1200000000e+02    1.0504689880e+00    7.2869873047e-01
       147   -4.5854090527e+01    2.1037757528e+03   -8.0738077752e+01    3.4883987225e+01   -2.1289389520e+01    3.1868718211e+00   -1.1532881972e+01   -5.1102678081e+01   -1.1268802925e+01    5.1200000000e+02    1.0623696850e+00    7.2993977865e-01
       148   -4.5818241456e+01    2.1008202909e+03   -8.1463520249e+01    3.5645278793e+01   -2.1890272791e+01    3.1093270866e+00   -1.1579896464e+01   -5.1102678081e+01   -1.1320086686e+01    5.1200000000e+02    1.0638536850e+00    7.2894287109e-01
       149   -4.5806368261e+01    2.0995763722e+03   -8.0810495658e+01    3.5004127397e+01   -2.1723061680e+01    3.5695690530e+00   -1.1554324951e+01   -5.1102678081e+01   -1.1290150008e+01    5.1200000000e+02    1.0614015460e+00    7.2821044922e-01
       150   -4.5808303120e+01    2.0998832998e+03   -8.0402691296e+01    3.4594388176e+01   -2.1249286924e+01    3.5271643214e+00   -1.1577890613e+01   -5.1102678081e+01   -1.1303286794e+01    5.1200000000e+02    1.0729473640e+00    7.2757975260e-01
       151   -4.5888911081e+01    2.1069302966e+03   -8.0389081900e+01    3.4500170819e+01   -2.0792240954e+01    3.0515997841e+00   -1.1545762649e+01   -5.1102678081e+01   -1.1261729367e+01    5.1200000000e+02    1.0598980190e+00    7.2672526042e-01
       152   -4.5865885424e+01    2.1049774922e+03   -8.0843238658e+01    3.4977353235e+01   -2.1330320209e+01    3.0896655735e+00   -1.1499905942e+01   -5.1102678081e+01   -1.1234207387e+01    5.1200000000e+02    1.0558646680e+00    7.2174072266e-01
       153   -4.5920571222e+01    2.1103124265e+03   -8.0483846890e+01    3.4563275668e+01   -2.1245264759e+01    3.2482267182e+00   -1.1384130768e+01   -5.1102678081e+01   -1.1117822065e+01    5.1200000000e+02    1.0583606890e+00    7.2904459635e-01
       154   -4.5832878799e+01    2.1019737516e+03   -8.0958261015e+01    3.5125382216e+01   -2.1799236620e+01    3.4343659351e+00   -1.1490712249e+01   -5.1102678081e+01   -1.1229206083e+01    5.1200000000e+02    1.0982251760e+00    7.2837320964e-01
       155   -4.5782404398e+01    2.0973322387e+03   -8.0634568220e+01    3.4852163822e+01   -2.1171027516e+01    3.2214553237e+00   -1.1582317946e+01   -5.1102678081e+01   -1.1312294298e+01    5.1200000000e+02    1.0611254640e+00    7.2963460286e-01
       156   -4.5790435866e+01    2.0979503390e+03   -8.0551428862e+01    3.4760992997e+01   -2.1269160195e+01    3.3856719747e+00   -1.1565262561e+01   -5.1102678081e+01   -1.1270056175e+01    5.1200000000e+02    1.0666321400e+00    7.2688802083e-01
       157   -4.5808012548e+01    2.0995445263e+03   -8.0314419375e+01    3.4506406827e+01   -2.0971517511e+01    3.1240414883e+00   -1.1364265272e+01   -5.1102678081e+01   -1.1086613610e+01    5.1200000000e+02    1.0873172550e+00    7.2420247396e-01
       158   -4.5736161036e+01    2.0932247028e+03   -7.9828308162e+01    3.4092147126e+01   -2.0189493640e+01    3.0426857680e+00   -1.1578822209e+01   -5.1102678081e+01   -1.1300158338e+01    5.1200000000e+02    1.0771577030e+00    7.3016357422e-01
       159   -4.5866941712e+01    2.1051547089e+03   -7.9780484146e+01    3.3913542434e+01   -2.0268534749e+01    3.0911639352e+00   -1.1500435251e+01   -5.1102678081e+01   -1.1223299415e+01    5.1200000000e+02    1.0951276240e+00    7.2664388021e-01
       160   -4.5842695377e+01    2.1028154794e+03   -7.9946491344e+01    3.4103795967e+01   -2.1173965631e+01    3.7061610447e+00   -1.1376008676e+01   -5.1102678081e+01   -1.1108469834e+01    5.1200000000e+02    1.0505684630e+00    7.2839355469e-01
       161   -4.5821578691e+01    2.1010891511e+03   -8.0106434045e+01    3.4284855354e+01   -2.0725391540e+01    3.3351776978e+00   -1.1613542121e+01   -5.1102678081e+01   -1.1331060145e+01    5.1200000000e+02    1.0281729280e+00    7.2965494792e-01
       162   -4.5783545951e+01    2.0974554518e+03   -8.0060006102e+01    3.4276460151e+01   -2.0907168431e+01    3.5087300911e+00   -1.1558889681e+01   -5.1102678081e+01   -1.1261477240e+01    5.1200000000e+02    1.0320223040e+00    7.2678629557e-01
       163   -4.5782017224e+01    2.0972885281e+03   -8.0171764802e+01    3.4389747578e+01   -2.0912416423e+01    3.1920344938e+00   -1.1348704791e+01   -5.1102678081e+01   -1.1047386122e+01    5.1200000000e+02    1.0408876400e+00    7.2703043620e-01
       164   -4.5789118386e+01    2.0978069550e+03   -8.0033370675e+01    3.4244252289e+01   -2.0619100306e+01    3.3256849016e+00   -1.1637277189e+01   -5.1102678081e+01   -1.1343476653e+01    5.1200000000e+02    1.0367933460e+00    7.2837320964e-01
       165   -4.5860693357e+01    2.1045570817e+03   -8.0472498377e+01    3.4611805020e+01   -2.0932514096e+01    3.2127708671e+00   -1.1650077067e+01   -5.1102678081e+01   -1.1380996936e+01    5.1200000000e+02    1.0400664060e+00    7.3201497396e-01
       166   -4.5801803273e+01    2.0992924300e+03   -8.0175673603e+01    3.4373870330e+01   -2.0771603689e+01    3.3312687304e+00   -1.1632660563e+01   -5.1102678081e+01   -1.1351198079e+01    5.1200000000e+02    1.0345132100e+00    7.2853597005e-01
       167   -4.5742478226e+01    2.0936439026e+03   -8.0583780360e+01    3.4841302133e+01   -2.1169394619e+01    3.3464738328e+00   -1.1658181492e+01   -5.1102678081e+01   -1.1374757474e+01    5.1200000000e+02    1.0377934670e+00    7.2841389974e-01
       168   -4.5875174653e+01    2.1059940927e+03   -8.0391151492e+01    3.4515976840e+01   -2.0762741202e+01    3.0998963156e+00   -1.1625628525e+01   -5.1102678081e+01   -1.1346743712e+01    5.1200000000e+02    1.0322826330e+00    7.2554524740e-01
       169   -4.5851140388e+01    2.1037524495e+03   -8.0497178652e+01    3.4646038264e+01   -2.0989582482e+01    3.1880075455e+00   -1.1592925635e+01   -5.1102678081e+01   -1.1329349268e+01    5.1200000000e+02    1.0612322140e+00    7.2725423177e-01
       170   -4.5771928171e+01    2.0963898830e+03   -8.0390251685e+01    3.4618323513e+01   -2.1075265673e+01    3.3564593314e+00   -1.1568767261e+01   -5.1102678081e+01   -1.1280739903e+01    5.1200000000e+02    1.0134459180e+00    7.2741699219e-01
       171   -4.5830784948e+01    2.1017801007e+03   -8.0468912804e+01    3.4638127856e+01   -2.1290673221e+01    3.4716018924e+00   -1.1547163395e+01   -5.1102678081e+01   -1.1271861721e+01    5.1200000000e+02    1.0041203440e+00    7.2690836589e-01
       172   -4.5729729864e+01    2.0923856848e+03   -7.9453834938e+01    3.3724105075e+01   -2.0119120402e+01    3.0403313930e+00   -1.1272367848e+01   -5.1102678081e+01   -1.0964406188e+01    5.1200000000e+02    1.0051699110e+00    7.2772216797e-01
       173   -4.5729311390e+01    2.0924936874e+03   -8.0261261985e+01    3.4531950595e+01   -2.0846202880e+01    3.1639864160e+00   -1.1476367440e+01   -5.1102678081e+01   -1.1203447561e+01    5.1200000000e+02    1.0528637720e+00    7.3189290365e-01
       174   -4.5764549658e+01    2.0956103651e+03   -8.0684335813e+01    3.4919786156e+01   -2.1290900846e+01    3.3393580727e+00   -1.1630114959e+01   -5.1102678081e+01   -1.1376051103e+01    5.1200000000e+02    1.0758998670e+00    7.2753906250e-01
       175   -4.5762602048e+01    2.0957000929e+03   -8.0976070426e+01    3.5213468378e+01   -2.1643129115e+01    3.4793675143e+00   -1.1709630744e+01   -5.1102678081e+01   -1.1434091571e+01    5.1200000000e+02    1.0774296910e+00    7.2550455729e-01
       176   -4.5679136243e+01    2.0918683516e+03   -8.0350478012e+01    3.4671341769e+01   -2.1093299064e+01    3.4840777951e+00   -1.1638578662e+01   -5.1102678081e+01   -1.1356679389e+01    5.1200000000e+02    1.0688210880e+00    7.2493489583e-01
       177   -4.5848586057e+01    2.1035892736e+03   -8.0780569703e+01    3.4931983646e+01   -2.1679250979e+01    3.3787998061e+00   -1.1377440449e+01   -5.1102678081e+01   -1.1082696618e+01    5.1200000000e+02    1.0289010350e+00    7.2806803385e-01
       178   -4.5811725766e+01    2.1000687766e+03   -8.0012364179e+01    3.4200638413e+01   -2.0740630203e+01    3.3458176203e+00   -1.1514873515e+01   -5.1102678081e+01   -1.1233938504e+01    5.1200000000e+02    1.0192306100e+00    7.2552490234e-01
       179   -4.5802746667e+01    2.0993192344e+03   -8.0670726266e+01    3.4867979599e+01   -2.1161831058e+01    3.1279706497e+00   -1.1534187776e+01   -5.1102678081e+01   -1.1246728993e+01    5.1200000000e+02    1.0399156870e+00    7.2540283203e-01
       180   -4.5847738878e+01    2.1033171717e+03   -8.0521642240e+01    3.4673903362e+01   -2.1411375696e+01    3.6127900328e+00   -1.1620378495e+01   -5.1102678081e+01   -1.1346350019e+01    5.1200000000e+02    1.0184116550e+00    7.2971598307e-01
       181   -4.5862507700e+01    2.1048437317e+03   -8.0236473673e+01    3.4373965973e+01   -2.0882661423e+01    3.2370904226e+00   -1.1488224592e+01   -5.1102678081e+01   -1.1197564828e+01    5.1200000000e+02    1.0055211770e+00    7.2692871094e-01
       182   -4.5763743190e+01    2.0956185784e+03   -8.0493253515e+01    3.4729510325e+01   -2.1151850050e+01    3.1167543255e+00   -1.1355479709e+01   -5.1102678081e+01   -1.1051673742e+01    5.1200000000e+02    1.0264551060e+00    7.2784423828e-01
       183   -4.5750375009e+01    2.0942876451e+03   -8.1032026877e+01    3.5281651868e+01   -2.1656174827e+01    3.0837110904e+00   -1.1356885059e+01   -5.1102678081e+01   -1.1064857975e+01    5.1200000000e+02    1.0074127310e+00    7.2654215495e-01
       184   -4.5839276171e+01    2.1026204656e+03   -8.0790428079e+01    3.4951151907e+01   -2.2026408968e+01    3.5713467559e+00   -1.1232687786e+01   -5.1102678081e+01   -1.0945650129e+01    5.1200000000e+02    1.0108592900e+00    7.2973632812e-01
       185   -4.5776560783e+01    2.0967019444e+03   -8.0624125059e+01    3.4847564276e+01   -2.1329183493e+01    3.3117120476e+00   -1.1503975533e+01   -5.1102678081e+01   -1.1219302103e+01    5.1200000000e+02    1.0044348940e+00    7.2524007161e-01
       186   -4.5792320714e+01    2.0980767659e+03   -8.0613700909e+01    3.4821380195e+01   -2.1478440970e+01    3.4871405355e+00   -1.1519722394e+01   -5.1102678081e+01   -1.1247915011e+01    5.1200000000e+02    1.0049747680e+00    7.2800699870e-01
       187   -4.5817094273e+01    2.1004165507e+03   -8.0206253722e+01    3.4389159450e+01   -2.0966395716e+01    3.3666745696e+00   -1.1503854495e+01   -5.1102678081e+01   -1.1225477215e+01    5.1200000000e+02    9.9972245900e-01    7.2878011068e-01
       188   -4.5862305275e+01    2.1047553678e+03   -8.0416221184e+01    3.4553915909e+01   -2.1563019779e+01    3.6757446593e+00   -1.1426267983e+01   -5.1102678081e+01   -1.1151594392e+01    5.1200000000e+02    1.0100721880e+00    7.2762044271e-01
       189   -4.5807518812e+01    2.0996278385e+03   -8.0331291726e+01    3.4523772914e+01   -2.0979316215e+01    3.1818066954e+00   -1.1431104126e+01   -5.1102678081e+01   -1.1175651386e+01    5.1200000000e+02    1.0328942330e+00    7.2989908854e-01
       190   -4.5867485231e+01    2.1051523287e+03   -8.0248027782e+01    3.4380542551e+01   -2.0761890800e+01    2.9430180180e+00   -1.1326476918e+01   -5.1102678081e+01   -1.1052624692e+01    5.1200000000e+02    1.0340930810e+00    7.2629801432e-01
       191   -4.5776267553e+01    2.0970607691e+03   -8.0463920448e+01    3.4687652895e+01   -2.0882922877e+01    2.9432278517e+00   -1.1421547342e+01   -5.1102678081e+01   -1.1140781809e+01    5.1200000000e+02    1.0353663500e+00    7.3077392578e-01
       192   -4.5696273617e+01    2.0894657615e+03   -8.0596212043e+01    3.4899938426e+01   -2.0949267802e+01    2.9383063130e+00   -1.1482572473e+01   -5.1102678081e+01   -1.1201227783e+01    5.1200000000e+02    1.0282231380e+00    7.2912597656e-01
       193   -4.5837067326e+01    2.1028242578e+03   -8.0716004139e+01    3.4878936813e+01   -2.0904375995e+01    2.7565094605e+00   -1.1465459524e+01   -5.1102678081e+01   -1.1182021397e+01    5.1200000000e+02    1.0398301870e+00    7.2898356120e-01
       194   -4.5856034507e+01    2.1041292932e+03   -8.0574255927e+01    3.4718221419e+01   -2.1015783130e+01    3.1270466570e+00   -1.1582841372e+01   -5.1102678081e+01   -1.1295631580e+01    5.1200000000e+02    1.0103672820e+00    7.2595214844e-01
       195   -4.5853918139e+01    2.1041819514e+03   -8.0861873710e+01    3.5007955570e+01   -2.1066229193e+01    2.9053970726e+00   -1.1598363508e+01   -5.1102678081e+01   -1.1316186581e+01    5.1200000000e+02    9.9143685800e-01    7.2662353516e-01
       196   -4.5788009747e+01    2.0977002011e+03   -8.0497203107e+01    3.4709193361e+01   -2.1175894129e+01    3.2530475651e+00   -1.1471678462e+01   -5.1102678081e+01   -1.1172325162e+01    5.1200000000e+02    9.8814651500e-01    7.3050944010e-01
       197   -4.5768817729e+01    2.0961989659e+03   -8.0858304166e+01    3.5089486437e+01   -2.0988068442e+01    2.7326377362e+00   -1.1500195379e+01   -5.1102678081e+01   -1.1214433399e+01    5.1200000000e+02    9.5809607900e-01    7.2487386068e-01
       198   -4.5804602526e+01    2.0994138306e+03   -8.0111408861e+01    3.4306806336e+01   -2.0950522995e+01    3.3971536365e+00   -1.1455361422e+01   -5.1102678081e+01   -1.1180853679e+01    5.1200000000e+02    9.7324799600e-01    7.2418212891e-01
       199   -4.5776991602e+01    2.0968469136e+03   -8.0812130310e+01    3.5035138708e+01   -2.1550959164e+01    3.4601207274e+00   -1.1618613793e+01   -5.1102678081e+01   -1.1336802843e+01    5.1200000000e+02    1.0071493400e+00    7.2981770833e-01
