# Index          LocalEnergy            Variance              Weight        NumOfWalkers      AvgSentWalkers         TrialEnergy             DiffEff      LivingFraction
         0   -4.5728849470e+01    1.1393623684e+00    5.1187774260e+02    5.1200000000e+02    0.0000000000e+00   -4.5777051497e+01    9.9257924478e-01    1.0000000000e+00
         1   -4.5852790151e+01    3.0066866988e+00    5.1230288062e+02    5.1200000000e+02    0.0000000000e+00   -4.5704968221e+01    9.9292351400e-01    9.9218750000e-01
         2   -4.5962617547e+01    1.4567577657e+00    5.1210667768e+02    5.1200000000e+02    0.0000000000e+00   -4.5911929032e+01    9.9389839762e-01    9.9804687500e-01
         3   -4.5896220403e+01    1.2163004942e+00    5.1070340785e+02    5.1100000000e+02    0.0000000000e+00   -4.5983450861e+01    9.9302724689e-01    9.9217221135e-01
         4   -4.5925872370e+01    1.6970797275e+00    5.1037947509e+02    5.0900000000e+02    0.0000000000e+00   -4.5642658551e+01    9.9306306556e-01    9.9803536346e-01
         5   -4.5897790547e+01    1.6304575002e+00    5.1255215810e+02    5.1100000000e+02    0.0000000000e+00   -4.5608861651e+01    9.9217032308e-01    1.0000000000e+00
         6   -4.5945234833e+01    1.3300422912e+00    5.1658030589e+02    5.1700000000e+02    0.0000000000e+00   -4.6005575817e+01    9.9518015397e-01    9.9613152805e-01
         7   -4.5920049660e+01    1.2745026899e+00    5.1336745487e+02    5.1800000000e+02    0.0000000000e+00   -4.6835848067e+01    9.9304380467e-01    9.9227799228e-01
         8   -4.5900613155e+01    1.3601076159e+00    5.1258701625e+02    5.1400000000e+02    0.0000000000e+00   -4.6186774661e+01    9.9438949635e-01    9.9027237354e-01
         9   -4.5848594105e+01    1.2043203945e+00    5.0828386398e+02    5.0900000000e+02    0.0000000000e+00   -4.6015199093e+01    9.9292110567e-01    9.9803536346e-01
        10   -4.5833454641e+01    1.1904777477e+00    5.1365150609e+02    5.1000000000e+02    0.0000000000e+00   -4.5120139489e+01    9.9500512749e-01    1.0000000000e+00
        11   -4.5855677606e+01    1.1954402084e+00    5.1141251072e+02    5.1300000000e+02    0.0000000000e+00   -4.6155495316e+01    9.9450014780e-01    9.9610136452e-01
        12   -4.5940454317e+01    1.3252653670e+00    5.1379706112e+02    5.1300000000e+02    0.0000000000e+00   -4.5740867725e+01    9.9375268672e-01    1.0000000000e+00
        13   -4.5884513962e+01    1.4140710868e+00    5.1608434285e+02    5.1800000000e+02    0.0000000000e+00   -4.6290828290e+01    9.9584278330e-01    9.9227799228e-01
        14   -4.5866103225e+01    1.3389208048e+00    5.1089285887e+02    5.1500000000e+02    0.0000000000e+00   -4.6679072184e+01    9.9450532566e-01    9.8834951456e-01
        15   -4.5895925717e+01    1.2888808034e+00    5.1018063959e+02    5.0900000000e+02    0.0000000000e+00   -4.5649630590e+01    9.9459852667e-01    1.0000000000e+00
        16   -4.5833865805e+01    1.5165380244e+00    5.1162439276e+02    5.1000000000e+02    0.0000000000e+00   -4.5539949041e+01    9.9482265145e-01    9.9803921569e-01
        17   -4.5857680406e+01    1.4108385654e+00    5.1142595534e+02    5.1100000000e+02    0.0000000000e+00   -4.5760478094e+01    9.9328252975e-01    9.9608610568e-01
        18   -4.5863792129e+01    1.4133101581e+00    5.1158170377e+02    5.1100000000e+02    0.0000000000e+00   -4.5745499410e+01    9.9478792087e-01    9.9608610568e-01
        19   -4.5911814238e+01    1.8213521561e+00    5.1152596856e+02    5.1100000000e+02    0.0000000000e+00   -4.5782060256e+01    9.9422674290e-01    1.0000000000e+00
        20   -4.5918543263e+01    1.3294943256e+00    5.1246196500e+02    5.1200000000e+02    0.0000000000e+00   -4.5819187087e+01    9.9362510850e-01    9.9609375000e-01
        21   -4.5893922021e+01    1.2473687356e+00    5.1191983097e+02    5.1200000000e+02    0.0000000000e+00   -4.5919445132e+01    9.9236387757e-01    9.9414062500e-01
        22   -4.5892542745e+01    1.5515012212e+00    5.1393629662e+02    5.1400000000e+02    0.0000000000e+00   -4.5906076050e+01    9.9351515166e-01    1.0000000000e+00
        23   -4.5890065512e+01    1.5046936025e+00    5.1690803244e+02    5.1700000000e+02    0.0000000000e+00   -4.5905444039e+01    9.9273018159e-01    9.9613152805e-01
        24   -4.5939843843e+01    1.4475273590e+00    5.1904638526e+02    5.1900000000e+02    0.0000000000e+00   -4.5908308732e+01    9.9388531752e-01    9.9421965318e-01
        25   -4.5959775719e+01    1.3944882842e+00    5.2219309788e+02    5.2200000000e+02    0.0000000000e+00   -4.5920652105e+01    9.9580127877e-01    9.9616858238e-01
        26   -4.5925019226e+01    1.9288595547e+00    5.2101162490e+02    5.2100000000e+02    0.0000000000e+00   -4.5935494998e+01    9.9338881058e-01    9.9616122841e-01
        27   -4.5957888032e+01    1.4234165742e+00    5.2204100390e+02    5.2200000000e+02    0.0000000000e+00   -4.5934549491e+01    9.9462445590e-01    9.9616858238e-01
        28   -4.5980150962e+01    1.5297805473e+00    5.2314298941e+02    5.2300000000e+02    0.0000000000e+00   -4.5941621557e+01    9.9327658983e-01    9.9808795411e-01
        29   -4.5983345785e+01    1.5215341795e+00    5.2418870981e+02    5.2400000000e+02    0.0000000000e+00   -4.5950169240e+01    9.9274707644e-01    1.0000000000e+00
        30   -4.6010653592e+01    1.4130906001e+00    5.2820462015e+02    5.2800000000e+02    0.0000000000e+00   -4.5957636839e+01    9.9420151465e-01    1.0000000000e+00
        31   -4.5903888978e+01    1.5037812007e+00    5.2991769321e+02    5.3000000000e+02    0.0000000000e+00   -4.5972227367e+01    9.9270176301e-01    9.9811320755e-01
        32   -4.5929046817e+01    1.6601456565e+00    5.3171917924e+02    5.3200000000e+02    0.0000000000e+00   -4.5972367047e+01    9.9430530939e-01    9.9624060150e-01
        33   -4.5952021214e+01    1.4010655629e+00    5.2981287479e+02    5.3000000000e+02    0.0000000000e+00   -4.5975074443e+01    9.9499426811e-01    9.9622641509e-01
        34   -4.5897154042e+01    1.4153207058e+00    5.3177965832e+02    5.3200000000e+02    0.0000000000e+00   -4.5972535518e+01    9.9448758170e-01    9.9624060150e-01
        35   -4.5874824863e+01    1.3321162559e+00    5.3052806232e+02    5.3100000000e+02    0.0000000000e+00   -4.5973495386e+01    9.9353122778e-01    9.8870056497e-01
        36   -4.5882092506e+01    1.8813187218e+00    5.2555520294e+02    5.2600000000e+02    0.0000000000e+00   -4.5967341143e+01    9.9536145504e-01    9.9809885932e-01
        37   -4.5939155303e+01    1.4077006753e+00    5.2777276278e+02    5.2800000000e+02    0.0000000000e+00   -4.5954999968e+01    9.9461278711e-01    9.9242424242e-01
        38   -4.5928947228e+01    1.5163516710e+00    5.2587348584e+02    5.2600000000e+02    0.0000000000e+00   -4.5959781994e+01    9.9289988843e-01    9.9049429658e-01
        39   -4.5921731803e+01    1.3449744096e+00    5.2185880924e+02    5.2200000000e+02    0.0000000000e+00   -4.5956150861e+01    9.9332338513e-01    9.9616858238e-01
        40   -4.5863560251e+01    1.3458540368e+00    5.2170221105e+02    5.2200000000e+02    0.0000000000e+00   -4.5948103119e+01    9.9313089041e-01    9.9425287356e-01
        41   -4.5867030848e+01    1.2685397626e+00    5.1957907116e+02    5.2000000000e+02    0.0000000000e+00   -4.5944685357e+01    9.9189151988e-01    9.9423076923e-01
        42   -4.5899425198e+01    1.2376957672e+00    5.2173339829e+02    5.2200000000e+02    0.0000000000e+00   -4.5937930951e+01    9.9564251827e-01    9.9616858238e-01
        43   -4.5877456735e+01    1.2856890659e+00    5.2070923499e+02    5.2100000000e+02    0.0000000000e+00   -4.5941033395e+01    9.9477876239e-01    9.9424184261e-01
        44   -4.5890554236e+01    1.4375947584e+00    5.1871146511e+02    5.1900000000e+02    0.0000000000e+00   -4.5937204108e+01    9.9536266476e-01    9.9807321773e-01
        45   -4.5871212009e+01    1.4963121357e+00    5.2072353519e+02    5.2100000000e+02    0.0000000000e+00   -4.5932168789e+01    9.9317837383e-01    9.9808061420e-01
        46   -4.5923344239e+01    1.3541374428e+00    5.2180564173e+02    5.2200000000e+02    0.0000000000e+00   -4.5934196661e+01    9.9318498507e-01    9.9042145594e-01
        47   -4.5912932280e+01    1.3768474240e+00    5.1891767681e+02    5.1900000000e+02    0.0000000000e+00   -4.5936496373e+01    9.9554510748e-01    9.9036608863e-01
        48   -4.5962294571e+01    1.4289663758e+00    5.1505326641e+02    5.1500000000e+02    0.0000000000e+00   -4.5930782386e+01    9.9537098871e-01    1.0000000000e+00
        49   -4.5938680269e+01    1.3296018421e+00    5.1811578603e+02    5.1800000000e+02    0.0000000000e+00   -4.5924856867e+01    9.9252431444e-01    9.9420849421e-01
        50   -4.5978492062e+01    1.1056867376e+00    5.2017843788e+02    5.2000000000e+02    0.0000000000e+00   -4.5931444254e+01    9.9432793466e-01    1.0000000000e+00
        51   -4.5994624183e+01    1.2923458197e+00    5.2324834288e+02    5.2300000000e+02    0.0000000000e+00   -4.5937318121e+01    9.9249360940e-01    9.9808795411e-01
        52   -4.6020150063e+01    1.2185811730e+00    5.2431891721e+02    5.2400000000e+02    0.0000000000e+00   -4.5945488455e+01    9.9511317584e-01    9.9427480916e-01
        53   -4.5981381506e+01    1.3415205700e+00    5.2225590091e+02    5.2200000000e+02    0.0000000000e+00   -4.5950453386e+01    9.9312862410e-01    1.0000000000e+00
        54   -4.6031096395e+01    1.4029709028e+00    5.2327546844e+02    5.2300000000e+02    0.0000000000e+00   -4.5948119895e+01    9.9376279612e-01    9.9808795411e-01
        55   -4.5944059378e+01    1.1072074832e+00    5.2317132699e+02    5.2300000000e+02    0.0000000000e+00   -4.5953007646e+01    9.9397168478e-01    9.9235181644e-01
        56   -4.5943826969e+01    1.2073031393e+00    5.2197771422e+02    5.2200000000e+02    0.0000000000e+00   -4.5953165139e+01    9.9139037818e-01    9.9425287356e-01
        57   -4.5908121252e+01    1.0589925696e+00    5.2188157425e+02    5.2200000000e+02    0.0000000000e+00   -4.5951212016e+01    9.9415336804e-01    1.0000000000e+00
        58   -4.5901762102e+01    1.0853373724e+00    5.2174008015e+02    5.2200000000e+02    0.0000000000e+00   -4.5950401749e+01    9.9452496036e-01    9.9616858238e-01
        59   -4.5964273101e+01    1.3239701290e+00    5.2089872592e+02    5.2100000000e+02    0.0000000000e+00   -4.5949373575e+01    9.9431461835e-01    9.9808061420e-01
        60   -4.5918126701e+01    1.4322440145e+00    5.2193895900e+02    5.2200000000e+02    0.0000000000e+00   -4.5948603291e+01    9.9291883034e-01    9.9425287356e-01
        61   -4.5932845986e+01    1.4740667676e+00    5.1886023512e+02    5.1900000000e+02    0.0000000000e+00   -4.5950275234e+01    9.9488128358e-01    1.0000000000e+00
        62   -4.5944441239e+01    1.3688665250e+00    5.2194473732e+02    5.2200000000e+02    0.0000000000e+00   -4.5944401920e+01    9.9437347960e-01    9.9233716475e-01
        63   -4.5941988264e+01    1.3017143995e+00    5.2301333367e+02    5.2300000000e+02    0.0000000000e+00   -4.5950639533e+01    9.9470222093e-01    9.9808795411e-01
        64   -4.5998935182e+01    1.2267804030e+00    5.2309420451e+02    5.2300000000e+02    0.0000000000e+00   -4.5952925363e+01    9.9313109193e-01    9.9808795411e-01
        65   -4.6010706770e+01    1.5584740978e+00    5.2424643202e+02    5.2400000000e+02    0.0000000000e+00   -4.5954575357e+01    9.9272707396e-01    9.9045801527e-01
        66   -4.5972536624e+01    1.6036671022e+00    5.2219500765e+02    5.2200000000e+02    0.0000000000e+00   -4.5958461918e+01    9.9376273170e-01    9.9233716475e-01
        67   -4.5970962072e+01    1.4151799917e+00    5.2314598209e+02    5.2300000000e+02    0.0000000000e+00   -4.5955343532e+01    9.9315590960e-01    9.9617590822e-01
        68   -4.5940093082e+01    1.3927480353e+00    5.2403030066e+02    5.2400000000e+02    0.0000000000e+00   -4.5957899132e+01    9.9325652128e-01    9.9236641221e-01
        69   -4.5950599463e+01    1.2903427534e+00    5.2193890460e+02    5.2200000000e+02    0.0000000000e+00   -4.5959664210e+01    9.9447670881e-01    9.9616858238e-01
        70   -4.5928679165e+01    1.4089064533e+00    5.2190307741e+02    5.2200000000e+02    0.0000000000e+00   -4.5955948445e+01    9.9334262188e-01    9.9042145594e-01
        71   -4.5982690301e+01    1.3786967189e+00    5.2305174005e+02    5.2300000000e+02    0.0000000000e+00   -4.5955722087e+01    9.9438969392e-01    9.9617590822e-01
        72   -4.5992571935e+01    1.3256697441e+00    5.2213861052e+02    5.2200000000e+02    0.0000000000e+00   -4.5958807609e+01    9.9395182790e-01    9.9808429119e-01
        73   -4.5969043953e+01    1.5074257743e+00    5.2611946811e+02    5.2600000000e+02    0.0000000000e+00   -4.5958100312e+01    9.9262202451e-01    9.9619771863e-01
        74   -4.5988259291e+01    1.0713437582e+00    5.2404491109e+02    5.2400000000e+02    0.0000000000e+00   -4.5966261314e+01    9.9282326923e-01    9.9809160305e-01
        75   -4.5988418315e+01    1.3973108675e+00    5.2713610625e+02    5.2700000000e+02    0.0000000000e+00   -4.5963204966e+01    9.9531768027e-01    9.9810246679e-01
        76   -4.5955722877e+01    1.2949044355e+00    5.2700185571e+02    5.2700000000e+02    0.0000000000e+00   -4.5969951825e+01    9.9332721288e-01    9.9810246679e-01
        77   -4.6005303869e+01    1.4288857364e+00    5.2803984969e+02    5.2800000000e+02    0.0000000000e+00   -4.5969958608e+01    9.9369299768e-01    9.9431818182e-01
        78   -4.5964807209e+01    1.5244390879e+00    5.2906822676e+02    5.2900000000e+02    0.0000000000e+00   -4.5973033615e+01    9.9438005110e-01    9.9432892250e-01
        79   -4.5967934515e+01    1.3438518870e+00    5.2795462806e+02    5.2800000000e+02    0.0000000000e+00   -4.5975362660e+01    9.9362452734e-01    9.9810606061e-01
        80   -4.5915775179e+01    1.2145428642e+00    5.2680193729e+02    5.2700000000e+02    0.0000000000e+00   -4.5973678355e+01    9.9457586592e-01    9.9240986717e-01
        81   -4.5891550754e+01    1.0950933103e+00    5.2464345480e+02    5.2500000000e+02    0.0000000000e+00   -4.5971046466e+01    9.9282292320e-01    9.9619047619e-01
        82   -4.5908176060e+01    1.2603692169e+00    5.2363882273e+02    5.2400000000e+02    0.0000000000e+00   -4.5966118206e+01    9.9283197228e-01    9.9427480916e-01
        83   -4.5914593534e+01    1.2053065546e+00    5.2173700826e+02    5.2200000000e+02    0.0000000000e+00   -4.5963668979e+01    9.9320247723e-01    9.9616858238e-01
        84   -4.5956775590e+01    1.2091851897e+00    5.2189297301e+02    5.2200000000e+02    0.0000000000e+00   -4.5959614855e+01    9.9278836557e-01    9.9425287356e-01
        85   -4.5944079857e+01    1.6993574201e+00    5.2394568903e+02    5.2400000000e+02    0.0000000000e+00   -4.5960159894e+01    9.9452379344e-01    9.9618320611e-01
        86   -4.5967634546e+01    1.7751753208e+00    5.2294014887e+02    5.2300000000e+02    0.0000000000e+00   -4.5964131724e+01    9.9207164103e-01    9.9808795411e-01
        87   -4.5940340755e+01    1.7330477886e+00    5.2394269814e+02    5.2400000000e+02    0.0000000000e+00   -4.5962607222e+01    9.9223306448e-01    9.9809160305e-01
        88   -4.5918388867e+01    1.4045357231e+00    5.2482124639e+02    5.2500000000e+02    0.0000000000e+00   -4.5964505996e+01    9.9457057988e-01    9.9428571429e-01
        89   -4.5957457350e+01    1.4192392067e+00    5.2386141107e+02    5.2400000000e+02    0.0000000000e+00   -4.5965847199e+01    9.9262993966e-01    9.9427480916e-01
        90   -4.5950093510e+01    1.5082653946e+00    5.2397021425e+02    5.2400000000e+02    0.0000000000e+00   -4.5964250119e+01    9.9218012884e-01    9.9618320611e-01
        91   -4.5991337960e+01    1.3691450278e+00    5.2302446778e+02    5.2300000000e+02    0.0000000000e+00   -4.5964580974e+01    9.9500531547e-01    9.9808795411e-01
        92   -4.5945731398e+01    1.3014447604e+00    5.2402827164e+02    5.2400000000e+02    0.0000000000e+00   -4.5963466981e+01    9.9254600037e-01    9.9618320611e-01
        93   -4.5949698355e+01    1.3144659020e+00    5.2290212003e+02    5.2300000000e+02    0.0000000000e+00   -4.5965433248e+01    9.9367353894e-01    1.0000000000e+00
        94   -4.5944337438e+01    1.4346984621e+00    5.2489068345e+02    5.2500000000e+02    0.0000000000e+00   -4.5963383071e+01    9.9487621873e-01    9.9809523810e-01
        95   -4.5881810463e+01    1.2757296335e+00    5.2571502299e+02    5.2600000000e+02    0.0000000000e+00   -4.5967205781e+01    9.9281454281e-01    9.9809885932e-01
        96   -4.5925144309e+01    1.3202381911e+00    5.2565405268e+02    5.2600000000e+02    0.0000000000e+00   -4.5967978601e+01    9.9219221964e-01    9.9429657795e-01
        97   -4.5919160822e+01    1.3174369071e+00    5.2578537376e+02    5.2600000000e+02    0.0000000000e+00   -4.5967649636e+01    9.9363964201e-01    9.9809885932e-01
        98   -4.5928193613e+01    1.3748349223e+00    5.2776548085e+02    5.2800000000e+02    0.0000000000e+00   -4.5967615196e+01    9.9154820050e-01    9.9810606061e-01
        99   -4.5908979920e+01    1.3018259057e+00    5.2973555126e+02    5.3000000000e+02    0.0000000000e+00   -4.5971211424e+01    9.9199810269e-01    9.9622641509e-01
       100   -4.5858588562e+01    1.5052822428e+00    5.3051898457e+02    5.3100000000e+02    0.0000000000e+00   -4.5974538525e+01    9.9127927900e-01    9.9811676083e-01
       101   -4.5889129865e+01    1.4371181959e+00    5.3045748266e+02    5.3100000000e+02    0.0000000000e+00   -4.5975005276e+01    9.9298061917e-01    9.9811676083e-01
       102   -4.5929440830e+01    1.1892863642e+00    5.3163990729e+02    5.3200000000e+02    0.0000000000e+00   -4.5974275387e+01    9.9305814030e-01    9.9436090226e-01
       103   -4.5931550088e+01    1.1045970769e+00    5.2975489531e+02    5.3000000000e+02    0.0000000000e+00   -4.5976388485e+01    9.9265724872e-01    9.9811320755e-01
       104   -4.5966100942e+01    1.2962608465e+00    5.2885552332e+02    5.2900000000e+02    0.0000000000e+00   -4.5972750855e+01    9.9475853632e-01    9.9810964083e-01
       105   -4.5970309265e+01    1.1877705505e+00    5.3098977877e+02    5.3100000000e+02    0.0000000000e+00   -4.5971374521e+01    9.9300447840e-01    9.9623352166e-01
       106   -4.5953163289e+01    1.2817669293e+00    5.3193295797e+02    5.3200000000e+02    0.0000000000e+00   -4.5975766260e+01    9.9472600861e-01    1.0000000000e+00
       107   -4.5984936315e+01    1.8439549903e+00    5.3192241461e+02    5.3200000000e+02    0.0000000000e+00   -4.5977699746e+01    9.9199102880e-01    9.9812030075e-01
       108   -4.5984308014e+01    1.2147722643e+00    5.3407477436e+02    5.3400000000e+02    0.0000000000e+00   -4.5978196168e+01    9.9158622070e-01    9.9812734082e-01
       109   -4.5968338975e+01    1.1391478853e+00    5.3395157505e+02    5.3400000000e+02    0.0000000000e+00   -4.5982731965e+01    9.9358235149e-01    9.8876404494e-01
       110   -4.6004516584e+01    1.4595426977e+00    5.3003525483e+02    5.3000000000e+02    0.0000000000e+00   -4.5982810352e+01    9.9484183515e-01    9.9811320755e-01
       111   -4.5971958260e+01    1.2285231192e+00    5.3004479100e+02    5.3000000000e+02    0.0000000000e+00   -4.5976148578e+01    9.9360548396e-01    9.9622641509e-01
       112   -4.5980736462e+01    9.9345108718e-01    5.2799342816e+02    5.2800000000e+02    0.0000000000e+00   -4.5976497315e+01    9.9393370156e-01    9.9621212121e-01
       113   -4.5976923229e+01    1.1114797569e+00    5.2905465385e+02    5.2900000000e+02    0.0000000000e+00   -4.5973037660e+01    9.9413399214e-01    9.9054820416e-01
       114   -4.5988971028e+01    1.2552442068e+00    5.2505224710e+02    5.2500000000e+02    0.0000000000e+00   -4.5975414126e+01    9.9475359858e-01    9.9428571429e-01
       115   -4.5954645715e+01    1.2402712759e+00    5.2402883378e+02    5.2400000000e+02    0.0000000000e+00   -4.5968307781e+01    9.9391768762e-01    9.9809160305e-01
       116   -4.5955621778e+01    1.3008500172e+00    5.2494806981e+02    5.2500000000e+02    0.0000000000e+00   -4.5966476622e+01    9.9216556568e-01    9.9428571429e-01
       117   -4.6016627651e+01    1.1255924695e+00    5.2309697129e+02    5.2300000000e+02    0.0000000000e+00   -4.5968356753e+01    9.9309452086e-01    9.9808795411e-01
       118   -4.6004466029e+01    1.4205267347e+00    5.2623825625e+02    5.2600000000e+02    0.0000000000e+00   -4.5965571675e+01    9.9338881365e-01    9.9619771863e-01
       119   -4.5964426061e+01    1.3386380818e+00    5.2505783760e+02    5.2500000000e+02    0.0000000000e+00   -4.5972168344e+01    9.9242782446e-01    9.9809523810e-01
       120   -4.5938770464e+01    1.3111552225e+00    5.2388211905e+02    5.2400000000e+02    0.0000000000e+00   -4.5970119570e+01    9.9405175599e-01    9.8854961832e-01
       121   -4.5930659643e+01    1.3761987640e+00    5.1883818732e+02    5.1900000000e+02    0.0000000000e+00   -4.5967816799e+01    9.9456440911e-01    9.9036608863e-01
       122   -4.5969594682e+01    1.2873491844e+00    5.1497146853e+02    5.1500000000e+02    0.0000000000e+00   -4.5958002797e+01    9.9486857204e-01    9.9417475728e-01
       123   -4.5931165671e+01    1.2431968730e+00    5.1299416545e+02    5.1300000000e+02    0.0000000000e+00   -4.5950763591e+01    9.9132962586e-01    1.0000000000e+00
       124   -4.5980158650e+01    1.4082194123e+00    5.1402323232e+02    5.1400000000e+02    0.0000000000e+00   -4.5946783766e+01    9.9317876195e-01    9.9027237354e-01
       125   -4.5967047966e+01    1.4499461671e+00    5.1114700744e+02    5.1100000000e+02    0.0000000000e+00   -4.5949124088e+01    9.9426841244e-01    9.9804305284e-01
       126   -4.5975339252e+01    1.4148005551e+00    5.1715573843e+02    5.1700000000e+02    0.0000000000e+00   -4.5943719159e+01    9.9264486876e-01    9.9806576402e-01
       127   -4.5924251325e+01    1.4769428861e+00    5.1695235387e+02    5.1700000000e+02    0.0000000000e+00   -4.5955685920e+01    9.9281415285e-01    9.9419729207e-01
       128   -4.5843494238e+01    1.2165736067e+00    5.1363870707e+02    5.1400000000e+02    0.0000000000e+00   -4.5955094279e+01    9.9536801822e-01    9.9027237354e-01
       129   -4.5921206144e+01    1.1013174818e+00    5.0967029204e+02    5.1000000000e+02    0.0000000000e+00   -4.5947728140e+01    9.9391923565e-01    9.9411764706e-01
       130   -4.5896289704e+01    1.3618693230e+00    5.0986962163e+02    5.1000000000e+02    0.0000000000e+00   -4.5939759998e+01    9.9370230786e-01    1.0000000000e+00
       131   -4.5912405562e+01    1.2295914558e+00    5.1281084441e+02    5.1300000000e+02    0.0000000000e+00   -4.5939718306e+01    9.9371992690e-01    9.9805068226e-01
       132   -4.5942463953e+01    1.2943758127e+00    5.1390239432e+02    5.1400000000e+02    0.0000000000e+00   -4.5945189217e+01    9.9445942760e-01    9.9610894942e-01
       133   -4.5975989431e+01    1.1963012898e+00    5.1304825858e+02    5.1300000000e+02    0.0000000000e+00   -4.5947305404e+01    9.9470519843e-01    1.0000000000e+00
       134   -4.5989867380e+01    1.4045465104e+00    5.1618832887e+02    5.1600000000e+02    0.0000000000e+00   -4.5945926110e+01    9.9555206467e-01    9.9224806202e-01
       135   -4.6048705106e+01    1.5856838064e+00    5.1334510098e+02    5.1300000000e+02    0.0000000000e+00   -4.5952427758e+01    9.9341449462e-01    9.9025341131e-01
       136   -4.6000649530e+01    1.1482469358e+00    5.1041904625e+02    5.1000000000e+02    0.0000000000e+00   -4.5947804622e+01    9.9447581848e-01    1.0000000000e+00
       137   -4.5983249289e+01    1.2249993924e+00    5.1325865907e+02    5.1300000000e+02    0.0000000000e+00   -4.5942562430e+01    9.9192909770e-01    9.9805068226e-01
       138   -4.6000059877e+01    1.8248606069e+00    5.1622777399e+02    5.1600000000e+02    0.0000000000e+00   -4.5948428905e+01    9.9231552773e-01    1.0000000000e+00
       139   -4.5992946333e+01    2.2254454485e+00    5.2126462287e+02    5.2100000000e+02    0.0000000000e+00   -4.5954651575e+01    9.9419406219e-01    9.9232245681e-01
       140   -4.5981267108e+01    1.6753640328e+00    5.2011344900e+02    5.2000000000e+02    0.0000000000e+00   -4.5964748962e+01    9.9354452390e-01    9.9423076923e-01
       141   -4.5974563405e+01    1.5427260733e+00    5.1706428555e+02    5.1700000000e+02    0.0000000000e+00   -4.5962822817e+01    9.9355874342e-01    9.9806576402e-01
       142   -4.6061555554e+01    1.6952368703e+00    5.1932273748e+02    5.1900000000e+02    0.0000000000e+00   -4.5957168174e+01    9.9241704840e-01    9.9229287091e-01
       143   -4.5996803070e+01    1.5722020775e+00    5.1836014226e+02    5.1800000000e+02    0.0000000000e+00   -4.5962455198e+01    9.9254150025e-01    1.0000000000e+00
       144   -4.5993734886e+01    1.4895188441e+00    5.2016287737e+02    5.2000000000e+02    0.0000000000e+00   -4.5960991441e+01    9.9433471868e-01    9.9230769231e-01
       145   -4.5889791472e+01    1.1507497336e+00    5.1587616602e+02    5.1600000000e+02    0.0000000000e+00   -4.5964823886e+01    9.9381932172e-01    9.9806201550e-01
       146   -4.5940868492e+01    1.3116880685e+00    5.1778753610e+02    5.1800000000e+02    0.0000000000e+00   -4.5956078685e+01    9.9361747872e-01    9.9227799228e-01
       147   -4.5973078548e+01    1.4578518699e+00    5.1598897818e+02    5.1600000000e+02    0.0000000000e+00   -4.5959716555e+01    9.9375556809e-01    9.9612403101e-01
       148   -4.5976599916e+01    1.5676909376e+00    5.1408475774e+02    5.1400000000e+02    0.0000000000e+00   -4.5956429170e+01    9.9246397656e-01    9.9416342412e-01
       149   -4.5961619986e+01    1.3710760393e+00    5.1312480113e+02    5.1300000000e+02    0.0000000000e+00   -4.5952948438e+01    9.9361344679e-01    1.0000000000e+00
       150   -4.6000753769e+01    1.4814789117e+00    5.1413609130e+02    5.1400000000e+02    0.0000000000e+00   -4.5951177343e+01    9.9284359259e-01    9.9805447471e-01
       151   -4.6036132791e+01    1.4100306995e+00    5.1531908399e+02    5.1500000000e+02    0.0000000000e+00   -4.5953541447e+01    9.9331107898e-01    9.9029126214e-01
       152   -4.6067276603e+01    1.9128418697e+00    5.1550395794e+02    5.1500000000e+02    0.0000000000e+00   -4.5956496970e+01    9.9385653563e-01    9.9223300971e-01
       153   -4.6132631130e+01    1.8439329716e+00    5.1374390358e+02    5.1300000000e+02    0.0000000000e+00   -4.5957737175e+01    9.9227888306e-01    1.0000000000e+00
       154   -4.6069521706e+01    1.5125863602e+00    5.1675821646e+02    5.1600000000e+02    0.0000000000e+00   -4.5955673170e+01    9.9284454494e-01    9.9612403101e-01
       155   -4.6010001183e+01    1.3522261084e+00    5.1940895470e+02    5.1900000000e+02    0.0000000000e+00   -4.5962391879e+01    9.9349055239e-01    1.0000000000e+00
       156   -4.6015914378e+01    1.4674166024e+00    5.1920126957e+02    5.1900000000e+02    0.0000000000e+00   -4.5967926407e+01    9.9421128304e-01    9.9614643545e-01
       157   -4.6022715943e+01    2.1279167570e+00    5.1929277293e+02    5.1900000000e+02    0.0000000000e+00   -4.5967981623e+01    9.9356709869e-01    9.9421965318e-01
       158   -4.5974819621e+01    1.3237750672e+00    5.1816446647e+02    5.1800000000e+02    0.0000000000e+00   -4.5968655682e+01    9.9315192077e-01    9.9613899614e-01
       159   -4.6055660643e+01    1.6733695525e+00    5.1623804770e+02    5.1600000000e+02    0.0000000000e+00   -4.5966626637e+01    9.9383840658e-01    9.9806201550e-01
       160   -4.5981593144e+01    1.5918877216e+00    5.2030453662e+02    5.2000000000e+02    0.0000000000e+00   -4.5963623378e+01    9.9390518164e-01    9.9807692308e-01
       161   -4.5949746600e+01    1.4933552197e+00    5.1993672976e+02    5.2000000000e+02    0.0000000000e+00   -4.5971655582e+01    9.9426923249e-01    9.9615384615e-01
       162   -4.5939662083e+01    1.3799543274e+00    5.1987275709e+02    5.2000000000e+02    0.0000000000e+00   -4.5970907444e+01    9.9359547490e-01    1.0000000000e+00
       163   -4.5914329544e+01    1.2357046393e+00    5.2175506591e+02    5.2200000000e+02    0.0000000000e+00   -4.5970673468e+01    9.9254480160e-01    1.0000000000e+00
       164   -4.5886668007e+01    1.5808409009e+00    5.2459823714e+02    5.2500000000e+02    0.0000000000e+00   -4.5974002331e+01    9.9471151322e-01    9.9428571429e-01
       165   -4.5841649044e+01    1.5887939015e+00    5.2243788171e+02    5.2300000000e+02    0.0000000000e+00   -4.5978964640e+01    9.9240880190e-01    9.9617590822e-01
       166   -4.5883538542e+01    1.7331931360e+00    5.2141581412e+02    5.2200000000e+02    0.0000000000e+00   -4.5974063999e+01    9.9260851643e-01    9.9042145594e-01
       167   -4.5899247452e+01    1.4054218086e+00    5.1961863446e+02    5.2000000000e+02    0.0000000000e+00   -4.5971627210e+01    9.9342675171e-01    1.0000000000e+00
       168   -4.5913894612e+01    1.3598816163e+00    5.2065735944e+02    5.2100000000e+02    0.0000000000e+00   -4.5967808603e+01    9.9386624529e-01    1.0000000000e+00
       169   -4.5960149021e+01    1.4910936637e+00    5.2182251384e+02    5.2200000000e+02    0.0000000000e+00   -4.5969542914e+01    9.9172196258e-01    9.9233716475e-01
       170   -4.5958420160e+01    1.4066934428e+00    5.1894779505e+02    5.1900000000e+02    0.0000000000e+00   -4.5971827424e+01    9.9340421053e-01    9.9807321773e-01
       171   -4.5931112472e+01    1.4687771321e+00    5.1887381760e+02    5.1900000000e+02    0.0000000000e+00   -4.5966340253e+01    9.9435788133e-01    9.9421965318e-01
       172   -4.5909357521e+01    1.2935890107e+00    5.1676062143e+02    5.1700000000e+02    0.0000000000e+00   -4.5966054604e+01    9.9265359068e-01    9.9226305609e-01
       173   -4.5934095321e+01    1.2835062697e+00    5.1682268570e+02    5.1700000000e+02    0.0000000000e+00   -4.5961690224e+01    9.9448708384e-01    9.9613152805e-01
       174   -4.5894301160e+01    1.3593681625e+00    5.1574605152e+02    5.1600000000e+02    0.0000000000e+00   -4.5961691230e+01    9.9265640914e-01    1.0000000000e+00
       175   -4.5912345100e+01    1.4230812421e+00    5.1669736768e+02    5.1700000000e+02    0.0000000000e+00   -4.5959231589e+01    9.9367318166e-01    9.9613152805e-01
       176   -4.5872001829e+01    1.6718219568e+00    5.1462731017e+02    5.1500000000e+02    0.0000000000e+00   -4.5960820609e+01    9.9337301847e-01    9.9417475728e-01
       177   -4.5942455720e+01    1.2540105613e+00    5.1476200790e+02    5.1500000000e+02    0.0000000000e+00   -4.5956298683e+01    9.9255601461e-01    9.9417475728e-01
       178   -4.5887516785e+01    1.6653206172e+00    5.1278438087e+02    5.1300000000e+02    0.0000000000e+00   -4.5956505168e+01    9.9439135957e-01    9.9805068226e-01
       179   -4.5891575836e+01    2.4111936957e+00    5.1165441130e+02    5.1200000000e+02    0.0000000000e+00   -4.5952255889e+01    9.9311687080e-01    9.9414062500e-01
       180   -4.5944563115e+01    1.5250974506e+00    5.1083266720e+02    5.1100000000e+02    0.0000000000e+00   -4.5949680178e+01    9.9295497091e-01    1.0000000000e+00
       181   -4.6059869719e+01    1.6898425939e+00    5.1529983779e+02    5.1500000000e+02    0.0000000000e+00   -4.5948036858e+01    9.9479801836e-01    9.9223300971e-01
       182   -4.5962862680e+01    1.4034371578e+00    5.1731166537e+02    5.1700000000e+02    0.0000000000e+00   -4.5957419959e+01    9.9339823309e-01    9.8839458414e-01
       183   -4.5892588595e+01    1.3551403974e+00    5.1284047576e+02    5.1300000000e+02    0.0000000000e+00   -4.5961389350e+01    9.9429168817e-01    9.9220272904e-01
       184   -4.5907581283e+01    1.3368634412e+00    5.1176648044e+02    5.1200000000e+02    0.0000000000e+00   -4.5952352072e+01    9.9518352029e-01    9.9804687500e-01
       185   -4.5908096191e+01    1.2710113091e+00    5.1277663177e+02    5.1300000000e+02    0.0000000000e+00   -4.5949994269e+01    9.9488121815e-01    9.9415204678e-01
       186   -4.5953291272e+01    1.3505823155e+00    5.1391254020e+02    5.1400000000e+02    0.0000000000e+00   -4.5951711029e+01    9.9328741534e-01    9.9610894942e-01
       187   -4.5936650223e+01    1.3089639521e+00    5.1396146229e+02    5.1400000000e+02    0.0000000000e+00   -4.5953942329e+01    9.9491336835e-01    9.9610894942e-01
       188   -4.5899394052e+01    1.3844635215e+00    5.1381647503e+02    5.1400000000e+02    0.0000000000e+00   -4.5953956784e+01    9.9365680814e-01    9.9805447471e-01
       189   -4.5918446575e+01    1.2337421174e+00    5.1475486292e+02    5.1500000000e+02    0.0000000000e+00   -4.5953374415e+01    9.9423083782e-01    9.9223300971e-01
       190   -4.5818325580e+01    1.2641640050e+00    5.1155863699e+02    5.1200000000e+02    0.0000000000e+00   -4.5955014434e+01    9.9331325152e-01    9.9023437500e-01
       191   -4.5902119623e+01    1.6513608177e+00    5.0856429691e+02    5.0900000000e+02    0.0000000000e+00   -4.5948017888e+01    9.9331815238e-01    9.9017681729e-01
       192   -4.5945309986e+01    1.3269219689e+00    5.0388658066e+02    5.0400000000e+02    0.0000000000e+00   -4.5941875459e+01    9.9310002379e-01    9.9404761905e-01
       193   -4.5921129331e+01    1.3510975622e+00    5.0099093261e+02    5.0100000000e+02    0.0000000000e+00   -4.5932615946e+01    9.9461956536e-01    9.9800399202e-01
       194   -4.5949487522e+01    1.3535310213e+00    5.0203672466e+02    5.0200000000e+02    0.0000000000e+00   -4.5926694927e+01    9.9474569539e-01    9.9601593625e-01
       195   -4.5976850345e+01    1.6081979208e+00    5.0419556571e+02    5.0400000000e+02    0.0000000000e+00   -4.5928786233e+01    9.9359439885e-01    9.9603174603e-01
       196   -4.5905684381e+01    1.4087305317e+00    5.0502589633e+02    5.0500000000e+02    0.0000000000e+00   -4.5933238615e+01    9.9448542697e-01    1.0000000000e+00
       197   -4.5916047890e+01    1.3999125733e+00    5.0685483015e+02    5.0700000000e+02    0.0000000000e+00   -4.5934641648e+01    9.9456637055e-01    9.9408284024e-01
       198   -4.5959397224e+01    1.3639006776e+00    5.0498346876e+02    5.0500000000e+02    0.0000000000e+00   -4.5938075062e+01    9.9393099856e-01    9.9603960396e-01
       199   -4.5947749463e+01    1.5057773895e+00    5.0608290901e+02    5.0600000000e+02    0.0000000000e+00   -4.5934438818e+01    9.9501010973e-01    9.9209486166e-01
       200   -4.5953823180e+01    1.3480365011e+00    5.0717414889e+02    5.0700000000e+02    0.0000000000e+00   -4.5936610919e+01    9.9339396193e-01    9.9802761341e-01
       201   -4.5995152300e+01    1.4998279633e+00    5.1119176320e+02    5.1100000000e+02    0.0000000000e+00   -4.5938795719e+01    9.9416766831e-01    9.9608610568e-01
       202   -4.5962344651e+01    1.5289735083e+00    5.1013884087e+02    5.1000000000e+02    0.0000000000e+00   -4.5946943693e+01    9.9109335729e-01    9.9215686275e-01
       203   -4.5981305215e+01    1.5540248704e+00    5.0713215784e+02    5.0700000000e+02    0.0000000000e+00   -4.5944957353e+01    9.9387418101e-01    9.9211045365e-01
       204   -4.5967563468e+01    1.4567258972e+00    5.0416828357e+02    5.0400000000e+02    0.0000000000e+00   -4.5939223815e+01    9.9464838630e-01    9.9206349206e-01
       205   -4.5915041779e+01    1.4084936573e+00    5.0706911971e+02    5.0700000000e+02    0.0000000000e+00   -4.5933463837e+01    9.9430617090e-01    9.9211045365e-01
       206   -4.5973093500e+01    1.3146354141e+00    5.0707096186e+02    5.0700000000e+02    0.0000000000e+00   -4.5939019136e+01    9.9486769285e-01    9.9605522682e-01
       207   -4.5896270866e+01    1.2622349027e+00    5.0798796536e+02    5.0800000000e+02    0.0000000000e+00   -4.5939153235e+01    9.9321229634e-01    9.9212598425e-01
       208   -4.5879872672e+01    1.2282901692e+00    5.0573974259e+02    5.0600000000e+02    0.0000000000e+00   -4.5940680480e+01    9.9279694881e-01    9.9209486166e-01
       209   -4.5916486523e+01    1.2912535804e+00    5.0281982452e+02    5.0300000000e+02    0.0000000000e+00   -4.5935881560e+01    9.9205358130e-01    9.9801192843e-01
       210   -4.5893772293e+01    1.2155843067e+00    5.0385469619e+02    5.0400000000e+02    0.0000000000e+00   -4.5929924441e+01    9.9394374436e-01    9.9404761905e-01
       211   -4.5889261460e+01    1.3223541663e+00    5.0580177095e+02    5.0600000000e+02    0.0000000000e+00   -4.5931696457e+01    9.9371314550e-01    9.9209486166e-01
       212   -4.5961865313e+01    1.3813949044e+00    5.0495936343e+02    5.0500000000e+02    0.0000000000e+00   -4.5935248827e+01    9.9347044920e-01    9.9603960396e-01
       213   -4.5944958123e+01    1.4053773882e+00    5.0407974376e+02    5.0400000000e+02    0.0000000000e+00   -4.5933656751e+01    9.9544166081e-01    1.0000000000e+00
       214   -4.5991106892e+01    1.6887949603e+00    5.0618951759e+02    5.0600000000e+02    0.0000000000e+00   -4.5931900151e+01    9.9211593725e-01    9.9604743083e-01
       215   -4.6013372136e+01    1.5664929800e+00    5.0932569825e+02    5.0900000000e+02    0.0000000000e+00   -4.5936300488e+01    9.9248217212e-01    1.0000000000e+00
       216   -4.6035798048e+01    1.7734721780e+00    5.1139381755e+02    5.1100000000e+02    0.0000000000e+00   -4.5942812029e+01    9.9235936368e-01    9.9412915851e-01
       217   -4.5991671613e+01    1.6323693946e+00    5.1033026026e+02    5.1000000000e+02    0.0000000000e+00   -4.5947309739e+01    9.9411827396e-01    9.9803921569e-01
       218   -4.5985105275e+01    1.4531311616e+00    5.1120152490e+02    5.1100000000e+02    0.0000000000e+00   -4.5945445918e+01    9.9215008992e-01    9.9412915851e-01
       219   -4.5943532014e+01    1.1762452205e+00    5.1008963283e+02    5.1000000000e+02    0.0000000000e+00   -4.5947334597e+01    9.9124149952e-01    9.9019607843e-01
       220   -4.5967702944e+01    1.9745175185e+00    5.0908933850e+02    5.0900000000e+02    0.0000000000e+00   -4.5945130355e+01    9.9347083851e-01    9.9214145383e-01
       221   -4.5931907043e+01    1.4473337543e+00    5.0903765219e+02    5.0900000000e+02    0.0000000000e+00   -4.5943261117e+01    9.9460183923e-01    9.9410609037e-01
       222   -4.5945113627e+01    1.2161754942e+00    5.1200453595e+02    5.1200000000e+02    0.0000000000e+00   -4.5943075153e+01    9.9250364274e-01    9.9414062500e-01
       223   -4.5934726765e+01    1.1885417263e+00    5.0996999370e+02    5.1000000000e+02    0.0000000000e+00   -4.5948868108e+01    9.9347273929e-01    9.9607843137e-01
       224   -4.5976107573e+01    1.4139033894e+00    5.1105917390e+02    5.1100000000e+02    0.0000000000e+00   -4.5944817235e+01    9.9262161901e-01    9.9412915851e-01
       225   -4.5929082929e+01    1.2272889381e+00    5.1005047865e+02    5.1000000000e+02    0.0000000000e+00   -4.5947083987e+01    9.9353582634e-01    9.9803921569e-01
       226   -4.5983262356e+01    1.3350690576e+00    5.1105062671e+02    5.1100000000e+02    0.0000000000e+00   -4.5945011990e+01    9.9369106426e-01    9.9608610568e-01
       227   -4.5936268478e+01    1.3233281739e+00    5.1105182021e+02    5.1100000000e+02    0.0000000000e+00   -4.5947137305e+01    9.9104662947e-01    9.9608610568e-01
       228   -4.5931097017e+01    1.3908572763e+00    5.1296470691e+02    5.1300000000e+02    0.0000000000e+00   -4.5947078464e+01    9.9373839598e-01    9.9610136452e-01
       229   -4.5984981789e+01    1.3899845386e+00    5.1202439773e+02    5.1200000000e+02    0.0000000000e+00   -4.5950729179e+01    9.9381987451e-01    9.9609375000e-01
       230   -4.5986508606e+01    1.2532697211e+00    5.1618961580e+02    5.1600000000e+02    0.0000000000e+00   -4.5949066481e+01    9.9392892368e-01    9.9612403101e-01
       231   -4.5972880271e+01    1.1994366571e+00    5.1610665583e+02    5.1600000000e+02    0.0000000000e+00   -4.5957346052e+01    9.9367110935e-01    9.9418604651e-01
       232   -4.5966692384e+01    1.3112338474e+00    5.1306225242e+02    5.1300000000e+02    0.0000000000e+00   -4.5957297039e+01    9.9424429021e-01    9.9610136452e-01
       233   -4.5962070543e+01    1.4162750896e+00    5.1305466538e+02    5.1300000000e+02    0.0000000000e+00   -4.5951462401e+01    9.9366970442e-01    9.9805068226e-01
       234   -4.6046393735e+01    1.4217450944e+00    5.1225215406e+02    5.1200000000e+02    0.0000000000e+00   -4.5951506869e+01    9.9294791130e-01    9.9414062500e-01
       235   -4.5981752170e+01    1.2649430937e+00    5.1132644296e+02    5.1100000000e+02    0.0000000000e+00   -4.5950392367e+01    9.9365570392e-01    9.9217221135e-01
       236   -4.5923193688e+01    1.3581068191e+00    5.1002918172e+02    5.1000000000e+02    0.0000000000e+00   -4.5948731056e+01    9.9300015762e-01    9.9607843137e-01
       237   -4.5915155708e+01    1.3188421030e+00    5.0987976470e+02    5.1000000000e+02    0.0000000000e+00   -4.5946067031e+01    9.9397289739e-01    9.9803921569e-01
       238   -4.5995326923e+01    1.2016799436e+00    5.1203930929e+02    5.1200000000e+02    0.0000000000e+00   -4.5945614544e+01    9.9278889484e-01    9.9609375000e-01
       239   -4.5995585394e+01    1.2729926310e+00    5.1224049792e+02    5.1200000000e+02    0.0000000000e+00   -4.5950049049e+01    9.9481761663e-01    9.9804687500e-01
       240   -4.5945601412e+01    1.2804787942e+00    5.1308591834e+02    5.1300000000e+02    0.0000000000e+00   -4.5950649220e+01    9.9216259199e-01    1.0000000000e+00
       241   -4.5934528278e+01    1.3474128889e+00    5.1492372859e+02    5.1500000000e+02    0.0000000000e+00   -4.5952277581e+01    9.9445312557e-01    9.9611650485e-01
       242   -4.5956797034e+01    1.3219978690e+00    5.1292435030e+02    5.1300000000e+02    0.0000000000e+00   -4.5955782649e+01    9.9557095171e-01    9.9805068226e-01
       243   -4.5936506032e+01    1.3574995946e+00    5.1500504029e+02    5.1500000000e+02    0.0000000000e+00   -4.5951922311e+01    9.9388778460e-01    9.9611650485e-01
       244   -4.5943204205e+01    1.6594078411e+00    5.1590499534e+02    5.1600000000e+02    0.0000000000e+00   -4.5955909860e+01    9.9199750322e-01    9.9612403101e-01
       245   -4.5957262992e+01    1.5357315525e+00    5.1495534253e+02    5.1500000000e+02    0.0000000000e+00   -4.5957625343e+01    9.9404868344e-01    9.9417475728e-01
       246   -4.5986960763e+01    2.1694025509e+00    5.1206240931e+02    5.1200000000e+02    0.0000000000e+00   -4.5955814911e+01    9.9408486630e-01    9.9609375000e-01
       247   -4.6003530179e+01    2.3913525009e+00    5.1114546567e+02    5.1100000000e+02    0.0000000000e+00   -4.5950343800e+01    9.9367736252e-01    9.9217221135e-01
       248   -4.5975030421e+01    1.3498211507e+00    5.0925459430e+02    5.0900000000e+02    0.0000000000e+00   -4.5948785316e+01    9.9256460665e-01    9.9607072692e-01
       249   -4.5985146141e+01    1.4344131072e+00    5.0917064963e+02    5.0900000000e+02    0.0000000000e+00   -4.5945186487e+01    9.9206855024e-01    9.9803536346e-01
       250   -4.5985205388e+01    1.6276022114e+00    5.0918341744e+02    5.0900000000e+02    0.0000000000e+00   -4.5945171997e+01    9.9439033068e-01    9.9607072692e-01
       251   -4.5970157996e+01    1.4069815165e+00    5.0917331092e+02    5.0900000000e+02    0.0000000000e+00   -4.5945346388e+01    9.9410737887e-01    9.9803536346e-01
       252   -4.5898545232e+01    1.5486495419e+00    5.0893093587e+02    5.0900000000e+02    0.0000000000e+00   -4.5945409709e+01    9.9497206702e-01    9.9803536346e-01
       253   -4.5946107657e+01    1.4816660686e+00    5.0786254190e+02    5.0800000000e+02    0.0000000000e+00   -4.5944708683e+01    9.9385226493e-01    9.9409448819e-01
       254   -4.5928036648e+01    1.3253351067e+00    5.0897369384e+02    5.0900000000e+02    0.0000000000e+00   -4.5942587471e+01    9.9354513989e-01    1.0000000000e+00
       255   -4.5919461735e+01    1.3088859753e+00    5.0886702398e+02    5.0900000000e+02    0.0000000000e+00   -4.5944676534e+01    9.9355880904e-01    9.9214145383e-01
       256   -4.5913273616e+01    1.3049606293e+00    5.0687779709e+02    5.0700000000e+02    0.0000000000e+00   -4.5944334972e+01    9.9338681301e-01    9.9802761341e-01
       257   -4.5910046403e+01    1.3227882034e+00    5.0985274136e+02    5.1000000000e+02    0.0000000000e+00   -4.5940261223e+01    9.9238737087e-01    9.9411764706e-01
       258   -4.5935508432e+01    1.2055515333e+00    5.0888076729e+02    5.0900000000e+02    0.0000000000e+00   -4.5945944022e+01    9.9340785720e-01    9.9017681729e-01
       259   -4.5920187442e+01    1.0488741412e+00    5.0491921609e+02    5.0500000000e+02    0.0000000000e+00   -4.5943974573e+01    9.9203805261e-01    9.9207920792e-01
       260   -4.5931335993e+01    1.1240731620e+00    5.0296516548e+02    5.0300000000e+02    0.0000000000e+00   -4.5936034706e+01    9.9250130206e-01    9.9602385686e-01
       261   -4.5954294023e+01    1.1982831624e+00    5.0305713616e+02    5.0300000000e+02    0.0000000000e+00   -4.5932079890e+01    9.9337208434e-01    9.9801192843e-01
       262   -4.5852475503e+01    3.7697174462e+00    5.0282165026e+02    5.0300000000e+02    0.0000000000e+00   -4.5932280955e+01    9.9498043609e-01    9.9005964215e-01
       263   -4.5881333018e+01    1.0467353097e+00    4.9867503901e+02    4.9900000000e+02    0.0000000000e+00   -4.5931411805e+01    9.9280289814e-01    9.9599198397e-01
       264   -4.5883819856e+01    1.2866100216e+00    4.9980128523e+02    5.0000000000e+02    0.0000000000e+00   -4.5922851552e+01    9.9401430727e-01    1.0000000000e+00
       265   -4.5947089735e+01    1.2815949803e+00    4.9992850935e+02    5.0000000000e+02    0.0000000000e+00   -4.5924840537e+01    9.9296241948e-01    9.9600000000e-01
       266   -4.5909617242e+01    1.2094484921e+00    5.0001931710e+02    5.0000000000e+02    0.0000000000e+00   -4.5925087473e+01    9.9412270483e-01    9.9000000000e-01
       267   -4.5913289967e+01    1.3174229387e+00    4.9593195064e+02    4.9600000000e+02    0.0000000000e+00   -4.5925109869e+01    9.9308485380e-01    9.9395161290e-01
       268   -4.5921476094e+01    1.5279842873e+00    4.9601174744e+02    4.9600000000e+02    0.0000000000e+00   -4.5916758722e+01    9.9287978609e-01    9.9596774194e-01
       269   -4.5871337534e+01    1.3633653918e+00    4.9587760475e+02    4.9600000000e+02    0.0000000000e+00   -4.5916810501e+01    9.9312734994e-01    9.9193548387e-01
       270   -4.5944511809e+01    1.5468174103e+00    4.9500436870e+02    4.9500000000e+02    0.0000000000e+00   -4.5916231230e+01    9.9454040438e-01    9.9191919192e-01
       271   -4.5997887707e+01    1.3353828442e+00    4.9532189892e+02    4.9500000000e+02    0.0000000000e+00   -4.5914453886e+01    9.9251027540e-01    9.9191919192e-01
       272   -4.5982197024e+01    1.4365247476e+00    4.9336076689e+02    4.9300000000e+02    0.0000000000e+00   -4.5915292276e+01    9.9262941022e-01    9.9391480730e-01
       273   -4.6024722810e+01    1.6428660636e+00    4.9247675347e+02    4.9200000000e+02    0.0000000000e+00   -4.5911458658e+01    9.9373100731e-01    9.9390243902e-01
       274   -4.6023709486e+01    1.4376776463e+00    4.9056034161e+02    4.9000000000e+02    0.0000000000e+00   -4.5909965154e+01    9.9386543254e-01    9.9591836735e-01
       275   -4.6010411152e+01    1.3433455193e+00    4.8851607821e+02    4.8800000000e+02    0.0000000000e+00   -4.5906359783e+01    9.9422815155e-01    9.9590163934e-01
       276   -4.6060688297e+01    1.4026331349e+00    4.8968092304e+02    4.8900000000e+02    0.0000000000e+00   -4.5902423231e+01    9.9419359631e-01    9.9591002045e-01
       277   -4.6025038752e+01    1.2355806848e+00    4.9168611159e+02    4.9100000000e+02    0.0000000000e+00   -4.5905237972e+01    9.9417648531e-01    9.9796334012e-01
       278   -4.5975990957e+01    1.3239138905e+00    4.9344533967e+02    4.9300000000e+02    0.0000000000e+00   -4.5909616089e+01    9.9394830661e-01    9.8985801217e-01
       279   -4.6007868813e+01    1.2274074538e+00    4.8838936287e+02    4.8800000000e+02    0.0000000000e+00   -4.5913287617e+01    9.9339089903e-01    9.9795081967e-01
       280   -4.6006651362e+01    1.7331511025e+00    4.8748927520e+02    4.8700000000e+02    0.0000000000e+00   -4.5903210290e+01    9.9405616509e-01    9.9178644764e-01
       281   -4.6066775657e+01    1.4385831968e+00    4.8668834810e+02    4.8600000000e+02    0.0000000000e+00   -4.5901581056e+01    9.9250587539e-01    1.0000000000e+00
       282   -4.6006520235e+01    1.3083920165e+00    4.8864081152e+02    4.8800000000e+02    0.0000000000e+00   -4.5900380017e+01    9.9303597203e-01    9.9385245902e-01
       283   -4.6007615747e+01    1.1339613829e+00    4.8952592528e+02    4.8900000000e+02    0.0000000000e+00   -4.5904594521e+01    9.9302257657e-01    9.9591002045e-01
       284   -4.6003794163e+01    1.1959248416e+00    4.8947672771e+02    4.8900000000e+02    0.0000000000e+00   -4.5906617611e+01    9.9418686875e-01    9.9386503067e-01
       285   -4.6022802809e+01    1.2554300099e+00    4.8651398010e+02    4.8600000000e+02    0.0000000000e+00   -4.5906714424e+01    9.9592837029e-01    9.9588477366e-01
       286   -4.6027281447e+01    1.3470313349e+00    4.8459554957e+02    4.8400000000e+02    0.0000000000e+00   -4.5900910439e+01    9.9387519254e-01    9.9793388430e-01
       287   -4.6005094945e+01    1.3784584391e+00    4.8355343338e+02    4.8300000000e+02    0.0000000000e+00   -4.5897241494e+01    9.9417912876e-01    9.9792960663e-01
       288   -4.6015491966e+01    1.3584108189e+00    4.8555234445e+02    4.8500000000e+02    0.0000000000e+00   -4.5895285869e+01    9.9336846682e-01    9.9587628866e-01
       289   -4.5952066476e+01    1.3207043453e+00    4.8541589562e+02    4.8500000000e+02    0.0000000000e+00   -4.5899645506e+01    9.9357778921e-01    9.9381443299e-01
       290   -4.5935624033e+01    1.4339146510e+00    4.8624201025e+02    4.8600000000e+02    0.0000000000e+00   -4.5899362165e+01    9.9194343903e-01    1.0000000000e+00
       291   -4.5977733262e+01    1.5165028342e+00    4.8724328615e+02    4.8700000000e+02    0.0000000000e+00   -4.5900999648e+01    9.9090668560e-01    9.9589322382e-01
       292   -4.5908980320e+01    1.4053268170e+00    4.8822168297e+02    4.8800000000e+02    0.0000000000e+00   -4.5903149080e+01    9.9297610491e-01    9.9590163934e-01
       293   -4.5947591984e+01    1.2992949176e+00    4.9214976305e+02    4.9200000000e+02    0.0000000000e+00   -4.5904994909e+01    9.9359365786e-01    9.9593495935e-01
       294   -4.6004657190e+01    1.5532085644e+00    4.9431566086e+02    4.9400000000e+02    0.0000000000e+00   -4.5912990310e+01    9.9311288333e-01    9.9392712551e-01
       295   -4.6028423842e+01    1.4804181772e+00    4.9449969080e+02    4.9400000000e+02    0.0000000000e+00   -4.5917571093e+01    9.9419236341e-01    9.9190283401e-01
       296   -4.5981379739e+01    1.4051833944e+00    4.9346095560e+02    4.9300000000e+02    0.0000000000e+00   -4.5918217600e+01    9.9398728233e-01    9.9594320487e-01
       297   -4.6026678777e+01    1.7128923095e+00    4.9645175011e+02    4.9600000000e+02    0.0000000000e+00   -4.5916217282e+01    9.9564317072e-01    1.0000000000e+00
       298   -4.5997053371e+01    1.2607483502e+00    5.0348224909e+02    5.0300000000e+02    0.0000000000e+00   -4.5922524521e+01    9.9406266705e-01    9.9801192843e-01
       299   -4.6006662588e+01    1.3009118902e+00    5.0532267274e+02    5.0500000000e+02    0.0000000000e+00   -4.5936743276e+01    9.9437388860e-01    9.9009900990e-01
