#   index    LocalEnergy         LocalEnergy_sq      LocalPotential      Kinetic             LocalECP            NonLocalECP         ElecElec            IonIon              MPC                 BlockWeight         BlockCPU            AcceptRatio         
         0   -4.5728849470e+01    2.0922670362e+03   -8.0917945327e+01    3.5189095856e+01   -2.1496122253e+01    3.3785563676e+00   -1.1697701361e+01   -5.1102678081e+01   -1.1417650884e+01    5.1187774260e+02    6.5684506700e-01    9.9572753906e-01
         1   -4.5852790151e+01    2.1054850514e+03   -8.0772839123e+01    3.4920048972e+01   -2.1427107357e+01    3.4025079011e+00   -1.1645561586e+01   -5.1102678081e+01   -1.1362658926e+01    5.1230288062e+02    6.5921125200e-01    9.9584960938e-01
         2   -4.5962617547e+01    2.1140189695e+03   -8.0943904550e+01    3.4981287004e+01   -2.1377761042e+01    3.0777198185e+00   -1.1541185246e+01   -5.1102678081e+01   -1.1255986090e+01    5.1210667768e+02    6.6410900200e-01    9.9639892578e-01
         3   -4.5896220403e+01    2.1076793478e+03   -8.0518103292e+01    3.4621882889e+01   -2.1406347543e+01    3.5339837563e+00   -1.1543061424e+01   -5.1102678081e+01   -1.1256465773e+01    5.1070340785e+02    6.7339790300e-01    9.9565802348e-01
         4   -4.5925872370e+01    2.1108828326e+03   -8.0339471125e+01    3.4413598756e+01   -2.1281046306e+01    3.6250843278e+00   -1.1580831066e+01   -5.1102678081e+01   -1.1297033407e+01    5.1037947509e+02    6.7793017400e-01    9.9619351670e-01
         5   -4.5897790547e+01    2.1082376346e+03   -8.0667211212e+01    3.4769420665e+01   -2.1259025647e+01    3.2792036007e+00   -1.1584711085e+01   -5.1102678081e+01   -1.1304686885e+01    5.1255215810e+02    6.9028734700e-01    9.9529109589e-01
         6   -4.5945234833e+01    2.1122946462e+03   -8.0562474553e+01    3.4617239720e+01   -2.1031279399e+01    3.1976182974e+00   -1.1626135370e+01   -5.1102678081e+01   -1.1342379081e+01    5.1658030589e+02    6.7815622100e-01    9.9661508704e-01
         7   -4.5920049660e+01    2.1099254635e+03   -8.0310328994e+01    3.4390279334e+01   -2.1058840578e+01    3.5148151070e+00   -1.1663625443e+01   -5.1102678081e+01   -1.1382330338e+01    5.1336745487e+02    6.8323867700e-01    9.9656129344e-01
         8   -4.5900613155e+01    2.1082263957e+03   -8.0470510176e+01    3.4569897020e+01   -2.0929106861e+01    3.2913295440e+00   -1.1730054778e+01   -5.1102678081e+01   -1.1449228526e+01    5.1258701625e+02    6.7531614300e-01    9.9671692607e-01
         9   -4.5848594105e+01    2.1032979018e+03   -8.0545505851e+01    3.4696911747e+01   -2.0827440815e+01    3.1188594211e+00   -1.1734246377e+01   -5.1102678081e+01   -1.1460521361e+01    5.0828386398e+02    7.6587724700e-01    9.9527259332e-01
        10   -4.5833454641e+01    2.1018960421e+03   -8.0366458742e+01    3.4533004101e+01   -2.0558148139e+01    3.0077069086e+00   -1.1713339431e+01   -5.1102678081e+01   -1.1439688291e+01    5.1365150609e+02    6.9117399800e-01    9.9718137255e-01
        11   -4.5855677606e+01    2.1039386089e+03   -8.0667850930e+01    3.4812173324e+01   -2.0805670881e+01    2.9149967257e+00   -1.1674498693e+01   -5.1102678081e+01   -1.1401565273e+01    5.1141251072e+02    6.9949999900e-01    9.9689327485e-01
        12   -4.5940454317e+01    2.1118506082e+03   -8.0615925639e+01    3.4675471323e+01   -2.0865936840e+01    3.0012924658e+00   -1.1648603184e+01   -5.1102678081e+01   -1.1377398877e+01    5.1379706112e+02    7.1022243700e-01    9.9622319688e-01
        13   -4.5884513962e+01    2.1068026926e+03   -8.0496853116e+01    3.4612339154e+01   -2.0483667740e+01    2.8356617018e+00   -1.1746168997e+01   -5.1102678081e+01   -1.1474832243e+01    5.1608434285e+02    7.1775346500e-01    9.9758687259e-01
        14   -4.5866103225e+01    2.1050383458e+03   -8.0558054756e+01    3.4691951531e+01   -2.0785820538e+01    3.0568773345e+00   -1.1726433472e+01   -5.1102678081e+01   -1.1464049822e+01    5.1089285887e+02    7.0968892100e-01    9.9654126214e-01
        15   -4.5895925717e+01    2.1077248782e+03   -8.1072005705e+01    3.5176079988e+01   -2.1244601885e+01    3.0324234906e+00   -1.1757149229e+01   -5.1102678081e+01   -1.1490302679e+01    5.1018063959e+02    6.8845459700e-01    9.9643909627e-01
        16   -4.5833865805e+01    2.1022597927e+03   -8.1355300539e+01    3.5521434734e+01   -2.1431039325e+01    2.9393617343e+00   -1.1760944868e+01   -5.1102678081e+01   -1.1495993224e+01    5.1162439276e+02    6.6232165400e-01    9.9687500000e-01
        17   -4.5857680406e+01    2.1043376908e+03   -8.0999371539e+01    3.5141691134e+01   -2.1545448693e+01    3.2850423994e+00   -1.1636287165e+01   -5.1102678081e+01   -1.1365479691e+01    5.1142595534e+02    6.7736534300e-01    9.9614726027e-01
        18   -4.5863792129e+01    2.1049007386e+03   -8.1084690299e+01    3.5220898170e+01   -2.1553024006e+01    3.1061149348e+00   -1.1535103146e+01   -5.1102678081e+01   -1.1269028792e+01    5.1158170377e+02    6.7923097400e-01    9.9669765166e-01
        19   -4.5911814238e+01    2.1097160388e+03   -8.1299859131e+01    3.5388044893e+01   -2.1617469149e+01    3.0043495255e+00   -1.1584061426e+01   -5.1102678081e+01   -1.1316074309e+01    5.1152596856e+02    7.7916239500e-01    9.9694227006e-01
        20   -4.5918543263e+01    2.1098421098e+03   -8.1284417583e+01    3.5365874320e+01   -2.1615610503e+01    3.1032603890e+00   -1.1669389388e+01   -5.1102678081e+01   -1.1394135870e+01    5.1246196500e+02    6.7573158800e-01    9.9615478516e-01
        21   -4.5893922021e+01    2.1074994472e+03   -8.1105116554e+01    3.5211194533e+01   -2.1552537462e+01    3.2224097088e+00   -1.1672310720e+01   -5.1102678081e+01   -1.1397053511e+01    5.1191983097e+02    6.6898211000e-01    9.9603271484e-01
        22   -4.5892542745e+01    2.1076769808e+03   -8.1013238250e+01    3.5120695505e+01   -2.1309630083e+01    3.0169805580e+00   -1.1617910644e+01   -5.1102678081e+01   -1.1344890071e+01    5.1393629662e+02    6.7231465900e-01    9.9629134241e-01
        23   -4.5890065512e+01    2.1074028063e+03   -8.1049653297e+01    3.5159587785e+01   -2.1308054341e+01    2.9805248496e+00   -1.1619445725e+01   -5.1102678081e+01   -1.1344847761e+01    5.1690803244e+02    6.7622218100e-01    9.9582930368e-01
        24   -4.5939843843e+01    2.1119167797e+03   -8.1109131091e+01    3.5169287248e+01   -2.1405539022e+01    3.0045118929e+00   -1.1605425881e+01   -5.1102678081e+01   -1.1326210581e+01    5.1904638526e+02    6.7673834600e-01    9.9578516378e-01
        25   -4.5959775719e+01    2.1136954725e+03   -8.0855123908e+01    3.4895348189e+01   -2.1407913536e+01    3.1986923088e+00   -1.1543224600e+01   -5.1102678081e+01   -1.1269180358e+01    5.2219309788e+02    6.8156300600e-01    9.9724616858e-01
        26   -4.5925019226e+01    2.1110362505e+03   -8.0459010288e+01    3.4533991061e+01   -2.1102542541e+01    3.1567459783e+00   -1.1410535644e+01   -5.1102678081e+01   -1.1134922914e+01    5.2101162490e+02    6.8035403500e-01    9.9622120921e-01
        27   -4.5957888032e+01    2.1135508889e+03   -8.0615122714e+01    3.4657234682e+01   -2.0871577820e+01    2.9144765184e+00   -1.1555343331e+01   -5.1102678081e+01   -1.1288358382e+01    5.2204100390e+02    6.8153781200e-01    9.9646791188e-01
        28   -4.5980150962e+01    2.1157040631e+03   -8.0620683776e+01    3.4640532813e+01   -2.0961067283e+01    3.0422068343e+00   -1.1599145246e+01   -5.1102678081e+01   -1.1331908540e+01    5.2314298941e+02    6.9032120900e-01    9.9605640535e-01
        29   -4.5983345785e+01    2.1159896238e+03   -8.1038564511e+01    3.5055218726e+01   -2.1437084426e+01    3.1803182996e+00   -1.1679120303e+01   -5.1102678081e+01   -1.1406318232e+01    5.2418870981e+02    7.8615342500e-01    9.9540791985e-01
        30   -4.6010653592e+01    2.1183933346e+03   -8.0988540505e+01    3.4977886913e+01   -2.1237707186e+01    2.9821923924e+00   -1.1630347631e+01   -5.1102678081e+01   -1.1357689444e+01    5.2820462015e+02    6.7493745100e-01    9.9633049242e-01
        31   -4.5903888978e+01    2.1086708045e+03   -8.0950554786e+01    3.5046665808e+01   -2.1302355885e+01    3.0585031806e+00   -1.1604024001e+01   -5.1102678081e+01   -1.1330490224e+01    5.2991769321e+02    6.8093615300e-01    9.9616745283e-01
        32   -4.5929046817e+01    2.1111374872e+03   -8.0808009187e+01    3.4878962370e+01   -2.1376664966e+01    3.2618501682e+00   -1.1590516308e+01   -5.1102678081e+01   -1.1315288529e+01    5.3171917924e+02    6.9402856900e-01    9.9624060150e-01
        33   -4.5952021214e+01    2.1129893192e+03   -8.1297114301e+01    3.5345093087e+01   -2.1500272213e+01    2.9272768189e+00   -1.1621440826e+01   -5.1102678081e+01   -1.1348978156e+01    5.2981287479e+02    6.9056442200e-01    9.9669811321e-01
        34   -4.5897154042e+01    2.1079640698e+03   -8.1375845643e+01    3.5478691601e+01   -2.1554017406e+01    2.9422849843e+00   -1.1661435140e+01   -5.1102678081e+01   -1.1395173263e+01    5.3177965832e+02    6.9752114200e-01    9.9659304511e-01
        35   -4.5874824863e+01    2.1058316725e+03   -8.1240764667e+01    3.5365939803e+01   -2.1485052679e+01    2.9662711813e+00   -1.1619305088e+01   -5.1102678081e+01   -1.1347077581e+01    5.3052806232e+02    7.0422602100e-01    9.9670433145e-01
        36   -4.5882092506e+01    2.1070477315e+03   -8.1514814215e+01    3.5632721709e+01   -2.1676736614e+01    2.8873990100e+00   -1.1622798530e+01   -5.1102678081e+01   -1.1359677948e+01    5.2555520294e+02    7.0776392500e-01    9.9708887833e-01
        37   -4.5939155303e+01    2.1118136906e+03   -8.1258370224e+01    3.5319214921e+01   -2.1590496317e+01    3.0542616075e+00   -1.1619457434e+01   -5.1102678081e+01   -1.1357386974e+01    5.2777276278e+02    7.1261819000e-01    9.9686316288e-01
        38   -4.5928947228e+01    2.1109845451e+03   -8.1107129764e+01    3.5178182536e+01   -2.1558462993e+01    3.2124951286e+00   -1.1658483818e+01   -5.1102678081e+01   -1.1390501266e+01    5.2587348584e+02    6.9815594600e-01    9.9536596958e-01
        39   -4.5921731803e+01    2.1101504262e+03   -8.0868742932e+01    3.4947011129e+01   -2.1297081348e+01    3.2516694812e+00   -1.1720652984e+01   -5.1102678081e+01   -1.1450516021e+01    5.2185880924e+02    8.1402353000e-01    9.9658764368e-01
        40   -4.5863560251e+01    2.1048120130e+03   -8.1161819545e+01    3.5298259294e+01   -2.1515277642e+01    3.1159879237e+00   -1.1659851746e+01   -5.1102678081e+01   -1.1394155169e+01    5.2170221105e+02    7.0829377700e-01    9.9616858238e-01
        41   -4.5867030848e+01    2.1050530586e+03   -8.1077614593e+01    3.5210583745e+01   -2.1368208663e+01    3.0803906747e+00   -1.1687118523e+01   -5.1102678081e+01   -1.1421470219e+01    5.1957907116e+02    6.9043150900e-01    9.9519230769e-01
        42   -4.5899425198e+01    2.1079949293e+03   -8.0749743345e+01    3.4850318147e+01   -2.1123811556e+01    3.1450892714e+00   -1.1668342979e+01   -5.1102678081e+01   -1.1407950052e+01    5.2173339829e+02    6.9288419100e-01    9.9706657088e-01
        43   -4.5877456735e+01    2.1060267255e+03   -8.0767946382e+01    3.4890489647e+01   -2.0994213549e+01    3.0316778027e+00   -1.1702732554e+01   -5.1102678081e+01   -1.1444196089e+01    5.2070923499e+02    6.8955058500e-01    9.9694097889e-01
        44   -4.5890554236e+01    2.1073805629e+03   -8.0482423261e+01    3.4591869024e+01   -2.0975165068e+01    3.2435116101e+00   -1.1648091722e+01   -5.1102678081e+01   -1.1387459133e+01    5.1871146511e+02    6.6564320900e-01    9.9723025048e-01
        45   -4.5871212009e+01    2.1056644033e+03   -8.0747775883e+01    3.4876563874e+01   -2.1172283044e+01    3.2554776787e+00   -1.1728292436e+01   -5.1102678081e+01   -1.1468642438e+01    5.2072353519e+02    6.7215781400e-01    9.9616122841e-01
        46   -4.5923344239e+01    2.1103076836e+03   -8.0951488745e+01    3.5028144505e+01   -2.1322500628e+01    3.2067938257e+00   -1.1733103862e+01   -5.1102678081e+01   -1.1469240925e+01    5.2180564173e+02    6.7437963900e-01    9.9556992337e-01
        47   -4.5912932280e+01    2.1093741979e+03   -8.0856369981e+01    3.4943437702e+01   -2.1268518488e+01    3.2740163897e+00   -1.1759189802e+01   -5.1102678081e+01   -1.1492605554e+01    5.1891767681e+02    6.6647487700e-01    9.9680876686e-01
        48   -4.5962294571e+01    2.1139614886e+03   -8.0353045165e+01    3.4390750594e+01   -2.0836105098e+01    3.2836275440e+00   -1.1697889530e+01   -5.1102678081e+01   -1.1434431203e+01    5.1505326641e+02    6.6913327300e-01    9.9708737864e-01
        49   -4.5938680269e+01    2.1116919467e+03   -8.0443393745e+01    3.4504713476e+01   -2.0857289606e+01    3.3153799146e+00   -1.1798805973e+01   -5.1102678081e+01   -1.1530315207e+01    5.1811578603e+02    7.7128595000e-01    9.9559604247e-01
        50   -4.5978492062e+01    2.1151274191e+03   -8.0838484039e+01    3.4859991977e+01   -2.1035037054e+01    3.0855757163e+00   -1.1786344620e+01   -5.1102678081e+01   -1.1513544614e+01    5.2017843788e+02    6.7077387600e-01    9.9645432692e-01
        51   -4.5994624183e+01    2.1167977996e+03   -8.0600847850e+01    3.4606223667e+01   -2.1088714336e+01    3.3047535466e+00   -1.1714208979e+01   -5.1102678081e+01   -1.1437357069e+01    5.2324834288e+02    6.7303800200e-01    9.9581739962e-01
        52   -4.6020150063e+01    2.1190727930e+03   -8.0840415570e+01    3.4820265507e+01   -2.1172053074e+01    3.1428879902e+00   -1.1708572405e+01   -5.1102678081e+01   -1.1437236770e+01    5.2431891721e+02    6.7104727600e-01    9.9695849237e-01
        53   -4.5981381506e+01    2.1156289658e+03   -8.0781321583e+01    3.4799940077e+01   -2.1196361386e+01    3.1863797449e+00   -1.1668661861e+01   -5.1102678081e+01   -1.1398388188e+01    5.2225590091e+02    6.6955658700e-01    9.9640804598e-01
        54   -4.6031096395e+01    2.1202648063e+03   -8.0751129533e+01    3.4720033138e+01   -2.1070779630e+01    3.0116236516e+00   -1.1589295474e+01   -5.1102678081e+01   -1.1314097721e+01    5.2327546844e+02    6.7792265500e-01    9.9647466539e-01
        55   -4.5944059378e+01    2.1119637996e+03   -8.0755528287e+01    3.4811468909e+01   -2.0916603970e+01    2.9062040767e+00   -1.1642450312e+01   -5.1102678081e+01   -1.1373861616e+01    5.2317132699e+02    6.8243981700e-01    9.9641491396e-01
        56   -4.5943826969e+01    2.1120425397e+03   -8.0769313961e+01    3.4825486993e+01   -2.1064057442e+01    3.0095871399e+00   -1.1612165578e+01   -5.1102678081e+01   -1.1341422409e+01    5.2197771422e+02    6.7014775600e-01    9.9509099617e-01
        57   -4.5908121252e+01    2.1086145895e+03   -8.0869591043e+01    3.4961469791e+01   -2.1218663292e+01    3.0474671348e+00   -1.1595716805e+01   -5.1102678081e+01   -1.1328437535e+01    5.2188157425e+02    6.7189918200e-01    9.9664750958e-01
        58   -4.5901762102e+01    2.1080571014e+03   -8.1131235979e+01    3.5229473877e+01   -2.1299469576e+01    2.9565440088e+00   -1.1685632330e+01   -5.1102678081e+01   -1.1422466308e+01    5.2174008015e+02    6.7460904500e-01    9.9646791188e-01
        59   -4.5964273101e+01    2.1140383718e+03   -8.1149212690e+01    3.5184939589e+01   -2.1504497958e+01    3.0336547751e+00   -1.1575691425e+01   -5.1102678081e+01   -1.1309319388e+01    5.2089872592e+02    7.4495191600e-01    9.9640115163e-01
        60   -4.5918126701e+01    2.1099066038e+03   -8.1051615782e+01    3.5133489081e+01   -2.1240198975e+01    2.8892959240e+00   -1.1598034650e+01   -5.1102678081e+01   -1.1329787071e+01    5.2193895900e+02    6.8589964300e-01    9.9586925287e-01
        61   -4.5932845986e+01    2.1113004071e+03   -8.1023309403e+01    3.5090463417e+01   -2.1313559430e+01    2.9923189690e+00   -1.1599390861e+01   -5.1102678081e+01   -1.1325410830e+01    5.1886023512e+02    6.9851020000e-01    9.9692919075e-01
        62   -4.5944441239e+01    2.1122605472e+03   -8.0992308126e+01    3.5047866887e+01   -2.1295869351e+01    2.9584178947e+00   -1.1552178589e+01   -5.1102678081e+01   -1.1284502515e+01    5.2194473732e+02    6.8590649500e-01    9.9646791188e-01
        63   -4.5941988264e+01    2.1119680000e+03   -8.0835965146e+01    3.4893976882e+01   -2.1400268107e+01    3.2369087257e+00   -1.1569927684e+01   -5.1102678081e+01   -1.1303807275e+01    5.2301333367e+02    6.9675886200e-01    9.9677342256e-01
        64   -4.5998935182e+01    2.1171288183e+03   -8.1055672252e+01    3.5056737070e+01   -2.1493655218e+01    3.1105082606e+00   -1.1569847214e+01   -5.1102678081e+01   -1.1309859897e+01    5.2309420451e+02    6.9322869000e-01    9.9617590822e-01
        65   -4.6010706770e+01    2.1185436115e+03   -8.1070931068e+01    3.5060224298e+01   -2.1601034865e+01    3.1386824701e+00   -1.1505900592e+01   -5.1102678081e+01   -1.1243016732e+01    5.2424643202e+02    7.0292620600e-01    9.9570610687e-01
        66   -4.5972536624e+01    2.1150777908e+03   -8.1031735221e+01    3.5059198597e+01   -2.1444071437e+01    3.0585846738e+00   -1.1543570377e+01   -5.1102678081e+01   -1.1279266963e+01    5.2219500765e+02    6.8875614500e-01    9.9634818008e-01
        67   -4.5970962072e+01    2.1147445338e+03   -8.0743979019e+01    3.4773016947e+01   -2.1326239283e+01    3.2211035249e+00   -1.1536165181e+01   -5.1102678081e+01   -1.1265628938e+01    5.2314598209e+02    6.7865246700e-01    9.9587715105e-01
        68   -4.5940093082e+01    2.1118849004e+03   -8.0767380122e+01    3.4827287040e+01   -2.1265843158e+01    3.1912336231e+00   -1.1590092505e+01   -5.1102678081e+01   -1.1329178209e+01    5.2403030066e+02    6.7555822300e-01    9.9582538168e-01
        69   -4.5950599463e+01    2.1127479338e+03   -8.0637888388e+01    3.4687288925e+01   -2.1200374588e+01    3.1730881750e+00   -1.1507923894e+01   -5.1102678081e+01   -1.1249910793e+01    5.2193890460e+02    7.7330652000e-01    9.9658764368e-01
        70   -4.5928679165e+01    2.1108524763e+03   -8.0841997130e+01    3.4913317964e+01   -2.1507744572e+01    3.3919296120e+00   -1.1623504089e+01   -5.1102678081e+01   -1.1369042379e+01    5.2190307741e+02    6.6623075700e-01    9.9604885057e-01
        71   -4.5982690301e+01    2.1157865040e+03   -8.1041618822e+01    3.5058928521e+01   -2.1546356744e+01    3.2089674745e+00   -1.1601551471e+01   -5.1102678081e+01   -1.1352864369e+01    5.2305174005e+02    6.8405773700e-01    9.9647466539e-01
        72   -4.5992571935e+01    2.1166423430e+03   -8.1025028254e+01    3.5032456318e+01   -2.1345145434e+01    3.0698014641e+00   -1.1647006202e+01   -5.1102678081e+01   -1.1400229971e+01    5.2213861052e+02    6.6541696000e-01    9.9592911877e-01
        73   -4.5969043953e+01    2.1146604277e+03   -8.1090457763e+01    3.5121413810e+01   -2.1443986712e+01    3.1534438990e+00   -1.1697236869e+01   -5.1102678081e+01   -1.1449202888e+01    5.2611946811e+02    6.7272374800e-01    9.9607889734e-01
        74   -4.5988259291e+01    2.1159913364e+03   -8.1024649665e+01    3.5036390374e+01   -2.1392217170e+01    3.1663234190e+00   -1.1696077833e+01   -5.1102678081e+01   -1.1442650453e+01    5.2404491109e+02    6.5631041900e-01    9.9564646947e-01
        75   -4.5988418315e+01    2.1163319300e+03   -8.1308855891e+01    3.5320437576e+01   -2.1644531946e+01    3.1466932790e+00   -1.1708339143e+01   -5.1102678081e+01   -1.1456801913e+01    5.2713610625e+02    6.7920003000e-01    9.9673861480e-01
        76   -4.5955722877e+01    2.1132233696e+03   -8.1141499482e+01    3.5185776605e+01   -2.1341667989e+01    3.0230387623e+00   -1.1720192174e+01   -5.1102678081e+01   -1.1472069812e+01    5.2700185571e+02    6.6163576200e-01    9.9620493359e-01
        77   -4.6005303869e+01    2.1179168698e+03   -8.1131450844e+01    3.5126146975e+01   -2.1320614495e+01    2.9966255666e+00   -1.1704783834e+01   -5.1102678081e+01   -1.1454914273e+01    5.2803984969e+02    6.6606575000e-01    9.9627130682e-01
        78   -4.5964807209e+01    2.1142879409e+03   -8.0919700353e+01    3.4954893144e+01   -2.1351298108e+01    3.2378967499e+00   -1.1703620913e+01   -5.1102678081e+01   -1.1454079902e+01    5.2906822676e+02    6.7634224700e-01    9.9645557656e-01
        79   -4.5967934515e+01    2.1143948555e+03   -8.0952208949e+01    3.4984274434e+01   -2.1252247780e+01    3.1303419389e+00   -1.1727625027e+01   -5.1102678081e+01   -1.1473705862e+01    5.2795462806e+02    7.7072615200e-01    9.9609375000e-01
        80   -4.5915775179e+01    2.1094729531e+03   -8.1039356043e+01    3.5123580864e+01   -2.1340573628e+01    3.1107082861e+00   -1.1706812619e+01   -5.1102678081e+01   -1.1458028001e+01    5.2680193729e+02    6.6639925400e-01    9.9703510436e-01
        81   -4.5891550754e+01    2.1071295239e+03   -8.0993482690e+01    3.5101931935e+01   -2.1158606253e+01    3.0845879093e+00   -1.1816786265e+01   -5.1102678081e+01   -1.1567731595e+01    5.2464345480e+02    6.7086726900e-01    9.9595238095e-01
        82   -4.5908176060e+01    2.1088209984e+03   -8.1106000922e+01    3.5197824862e+01   -2.1292927977e+01    3.1466232611e+00   -1.1857018125e+01   -5.1102678081e+01   -1.1611350452e+01    5.2363882273e+02    6.6584542800e-01    9.9624284351e-01
        83   -4.5914593534e+01    2.1093552059e+03   -8.1081311291e+01    3.5166717757e+01   -2.1447644330e+01    3.2665221217e+00   -1.1797511001e+01   -5.1102678081e+01   -1.1553012136e+01    5.2173700826e+02    6.6513936400e-01    9.9616858238e-01
        84   -4.5956775590e+01    2.1132344078e+03   -8.0881063825e+01    3.4924288235e+01   -2.1270462065e+01    3.2506913290e+00   -1.1758615007e+01   -5.1102678081e+01   -1.1505279646e+01    5.2189297301e+02    6.5790028400e-01    9.9551005747e-01
        85   -4.5944079857e+01    2.1125578314e+03   -8.0833168564e+01    3.4889088707e+01   -2.1394447727e+01    3.4143640327e+00   -1.1750406789e+01   -5.1102678081e+01   -1.1492329467e+01    5.2394568903e+02    6.7304956200e-01    9.9677958015e-01
        86   -4.5967634546e+01    2.1147986011e+03   -8.0778723987e+01    3.4811089441e+01   -2.1301055004e+01    3.3382937269e+00   -1.1713284629e+01   -5.1102678081e+01   -1.1450324996e+01    5.2294014887e+02    6.7803304600e-01    9.9527963671e-01
        87   -4.5940340755e+01    2.1122479565e+03   -8.0669947402e+01    3.4729606648e+01   -2.1266959947e+01    3.4829175646e+00   -1.1783226939e+01   -5.1102678081e+01   -1.1513527539e+01    5.2394269814e+02    6.8421771900e-01    9.9564646947e-01
        88   -4.5918388867e+01    2.1099029719e+03   -8.0840362086e+01    3.4921973219e+01   -2.1245113803e+01    3.2877631305e+00   -1.1780333332e+01   -5.1102678081e+01   -1.1510335583e+01    5.2482124639e+02    6.8892508700e-01    9.9619047619e-01
        89   -4.5957457350e+01    2.1135071252e+03   -8.0914579780e+01    3.4957122431e+01   -2.1342550221e+01    3.1950415646e+00   -1.1664393043e+01   -5.1102678081e+01   -1.1398023839e+01    5.2386141107e+02    7.8422256700e-01    9.9588501908e-01
        90   -4.5950093510e+01    2.1129193589e+03   -8.1154135241e+01    3.5204041732e+01   -2.1191158593e+01    2.8815412985e+00   -1.1741839866e+01   -5.1102678081e+01   -1.1479915923e+01    5.2397021425e+02    6.8252279200e-01    9.9582538168e-01
        91   -4.5991337960e+01    2.1165723124e+03   -8.1239832703e+01    3.5248494743e+01   -2.1141232634e+01    2.7042276976e+00   -1.1700149686e+01   -5.1102678081e+01   -1.1436081052e+01    5.2302446778e+02    6.8896497300e-01    9.9677342256e-01
        92   -4.5945731398e+01    2.1123116784e+03   -8.1052923157e+01    3.5107191759e+01   -2.1126679168e+01    2.7799974996e+00   -1.1603563407e+01   -5.1102678081e+01   -1.1337056213e+01    5.2402827164e+02    6.6722045900e-01    9.9600429389e-01
        93   -4.5949698355e+01    2.1126892448e+03   -8.1094036834e+01    3.5144338479e+01   -2.1065803233e+01    2.8005158318e+00   -1.1726071352e+01   -5.1102678081e+01   -1.1455944833e+01    5.2290212003e+02    6.6118299600e-01    9.9635516252e-01
        94   -4.5944337438e+01    2.1123168411e+03   -8.0932857721e+01    3.4988520284e+01   -2.0994801420e+01    2.8241203604e+00   -1.1659498581e+01   -5.1102678081e+01   -1.1383916447e+01    5.2489068345e+02    6.6524540100e-01    9.9654761905e-01
        95   -4.5881810463e+01    2.1064162610e+03   -8.0891914345e+01    3.5010103882e+01   -2.0994285671e+01    2.8608481332e+00   -1.1655798726e+01   -5.1102678081e+01   -1.1386294536e+01    5.2571502299e+02    6.5804110500e-01    9.9572243346e-01
        96   -4.5925144309e+01    2.1104391180e+03   -8.0521264908e+01    3.4596120599e+01   -2.0829417021e+01    3.0485241130e+00   -1.1637693919e+01   -5.1102678081e+01   -1.1372486678e+01    5.2565405268e+02    6.7718907900e-01    9.9536596958e-01
        97   -4.5919160822e+01    2.1098867675e+03   -8.0637727318e+01    3.4718566496e+01   -2.0859689989e+01    2.9413260401e+00   -1.1616685288e+01   -5.1102678081e+01   -1.1353730978e+01    5.2578537376e+02    6.6572447900e-01    9.9619771863e-01
        98   -4.5928193613e+01    2.1107738035e+03   -8.0768424391e+01    3.4840230778e+01   -2.0834688477e+01    2.8890472226e+00   -1.1720105056e+01   -5.1102678081e+01   -1.1458122011e+01    5.2776548085e+02    6.6393635700e-01    9.9496922348e-01
        99   -4.5908979920e+01    2.1089362632e+03   -8.0761652135e+01    3.4852672215e+01   -2.0924766082e+01    3.0348163553e+00   -1.1769024327e+01   -5.1102678081e+01   -1.1507622568e+01    5.2973555126e+02    7.6822511300e-01    9.9522405660e-01
       100   -4.5858588562e+01    2.1045154272e+03   -8.0854196550e+01    3.4995607988e+01   -2.1141271396e+01    3.1409504068e+00   -1.1751197480e+01   -5.1102678081e+01   -1.1484318267e+01    5.3051898457e+02    6.7846476100e-01    9.9470338983e-01
       101   -4.5889129865e+01    2.1072493580e+03   -8.0720243947e+01    3.4831114082e+01   -2.0970548854e+01    3.0981200641e+00   -1.1745137077e+01   -5.1102678081e+01   -1.1481063915e+01    5.3045748266e+02    6.7573590800e-01    9.9599811676e-01
       102   -4.5929440830e+01    2.1107028213e+03   -8.0810891570e+01    3.4881450741e+01   -2.0879375948e+01    2.9263287882e+00   -1.1755166329e+01   -5.1102678081e+01   -1.1495639998e+01    5.3163990729e+02    6.7836237600e-01    9.9618186090e-01
       103   -4.5931550088e+01    2.1108118906e+03   -8.0369271712e+01    3.4437721624e+01   -2.0592683991e+01    3.0511475557e+00   -1.1725057195e+01   -5.1102678081e+01   -1.1472659858e+01    5.2975489531e+02    6.8343293100e-01    9.9587264151e-01
       104   -4.5966100942e+01    2.1141786966e+03   -8.0494182060e+01    3.4528081118e+01   -2.0741215640e+01    3.1176820196e+00   -1.1767970359e+01   -5.1102678081e+01   -1.1511440244e+01    5.2885552332e+02    6.8272325000e-01    9.9657372401e-01
       105   -4.5970309265e+01    2.1144571044e+03   -8.0506520200e+01    3.4536210936e+01   -2.1031291832e+01    3.2903642651e+00   -1.1662914552e+01   -5.1102678081e+01   -1.1400295756e+01    5.3098977877e+02    6.7106980400e-01    9.9611581921e-01
       106   -4.5953163289e+01    2.1129749832e+03   -8.0445102456e+01    3.4491939167e+01   -2.1111838928e+01    3.3943012465e+00   -1.1624886693e+01   -5.1102678081e+01   -1.1367770629e+01    5.3193295797e+02    6.8437649800e-01    9.9647556391e-01
       107   -4.5984936315e+01    2.1164583229e+03   -8.0382065866e+01    3.4397129552e+01   -2.1116438895e+01    3.4850357373e+00   -1.1647984627e+01   -5.1102678081e+01   -1.1392221972e+01    5.3192241461e+02    6.8272831900e-01    9.9600563910e-01
       108   -4.5984308014e+01    2.1157713557e+03   -8.0406320012e+01    3.4422011998e+01   -2.1088748527e+01    3.3928354139e+00   -1.1607728818e+01   -5.1102678081e+01   -1.1350514332e+01    5.3407477436e+02    6.8054566000e-01    9.9555243446e-01
       109   -4.5968338975e+01    2.1142273360e+03   -8.0387023489e+01    3.4418684514e+01   -2.0890487629e+01    3.3657699856e+00   -1.1759627765e+01   -5.1102678081e+01   -1.1506683579e+01    5.3395157505e+02    7.7363541900e-01    9.9660580524e-01
       110   -4.6004516584e+01    2.1178750888e+03   -8.0245049530e+01    3.4240532946e+01   -2.1021193454e+01    3.5727903254e+00   -1.1693968320e+01   -5.1102678081e+01   -1.1439292616e+01    5.3003525483e+02    6.7080821200e-01    9.9675707547e-01
       111   -4.5971958260e+01    2.1146494693e+03   -8.0416269610e+01    3.4444311350e+01   -2.0938334827e+01    3.2726632520e+00   -1.1647919954e+01   -5.1102678081e+01   -1.1385807788e+01    5.3004479100e+02    6.8451890900e-01    9.9622641509e-01
       112   -4.5980736462e+01    2.1152215767e+03   -8.0123612204e+01    3.4142875741e+01   -2.0747912597e+01    3.3551495917e+00   -1.1628171118e+01   -5.1102678081e+01   -1.1361052648e+01    5.2799342816e+02    6.9489311600e-01    9.9656723485e-01
       113   -4.5976923229e+01    2.1149889493e+03   -8.0326258114e+01    3.4349334885e+01   -2.0847237425e+01    3.2539016458e+00   -1.1630244254e+01   -5.1102678081e+01   -1.1362963590e+01    5.2905465385e+02    7.0013593600e-01    9.9627835539e-01
       114   -4.5988971028e+01    2.1162407004e+03   -8.0222991352e+01    3.4234020325e+01   -2.0838643914e+01    3.3417749509e+00   -1.1623444308e+01   -5.1102678081e+01   -1.1361622450e+01    5.2505224710e+02    6.9136244000e-01    9.9690476190e-01
       115   -4.5954645715e+01    2.1130697341e+03   -8.0141299819e+01    3.4186654104e+01   -2.0950818015e+01    3.5016281854e+00   -1.1589431908e+01   -5.1102678081e+01   -1.1322427826e+01    5.2402883378e+02    6.6892648200e-01    9.9683921756e-01
       116   -4.5955621778e+01    2.1132200230e+03   -8.0606769380e+01    3.4651147602e+01   -2.1243441894e+01    3.2733043080e+00   -1.1533953713e+01   -5.1102678081e+01   -1.1271293447e+01    5.2494806981e+02    7.0154348300e-01    9.9607142857e-01
       117   -4.6016627651e+01    2.1186556128e+03   -8.0482525775e+01    3.4465898125e+01   -2.1220811911e+01    3.4913050006e+00   -1.1650340784e+01   -5.1102678081e+01   -1.1391525579e+01    5.2309697129e+02    7.2442756200e-01    9.9617590822e-01
       118   -4.6004466029e+01    2.1178314214e+03   -8.0324431957e+01    3.4319965928e+01   -2.1252835316e+01    3.7148506926e+00   -1.1683769253e+01   -5.1102678081e+01   -1.1437171688e+01    5.2623825625e+02    7.1151029900e-01    9.9625712928e-01
       119   -4.5964426061e+01    2.1140671012e+03   -8.0399615875e+01    3.4435189814e+01   -2.1094541479e+01    3.5281564107e+00   -1.1730552726e+01   -5.1102678081e+01   -1.1476012381e+01    5.2505783760e+02    7.8303925300e-01    9.9589285714e-01
       120   -4.5938770464e+01    2.1116817870e+03   -8.0397366560e+01    3.4458596096e+01   -2.0995832790e+01    3.4157895421e+00   -1.1714645232e+01   -5.1102678081e+01   -1.1454927802e+01    5.2388211905e+02    6.6206312600e-01    9.9648139313e-01
       121   -4.5930659643e+01    2.1110016940e+03   -8.0691566724e+01    3.4760907081e+01   -2.1365497255e+01    3.4524840161e+00   -1.1675875405e+01   -5.1102678081e+01   -1.1412705730e+01    5.1883818732e+02    6.5696248600e-01    9.9650770713e-01
       122   -4.5969594682e+01    2.1144909844e+03   -8.0655175569e+01    3.4685580887e+01   -2.1439770948e+01    3.5145399031e+00   -1.1627266443e+01   -5.1102678081e+01   -1.1367037693e+01    5.1497146853e+02    6.5812860200e-01    9.9708737864e-01
       123   -4.5931165671e+01    2.1109151768e+03   -8.0903444861e+01    3.4972279190e+01   -2.1352126674e+01    3.1977131909e+00   -1.1646353297e+01   -5.1102678081e+01   -1.1383969527e+01    5.1299416545e+02    6.4112697200e-01    9.9524853801e-01
       124   -4.5980158650e+01    2.1155832089e+03   -8.0634931938e+01    3.4654773289e+01   -2.1406400594e+01    3.4308737825e+00   -1.1556727046e+01   -5.1102678081e+01   -1.1298133022e+01    5.1402323232e+02    6.4078080800e-01    9.9592655642e-01
       125   -4.5967047966e+01    2.1144194448e+03   -8.0590359483e+01    3.4623311517e+01   -2.1452478936e+01    3.5689650845e+00   -1.1604167550e+01   -5.1102678081e+01   -1.1342896954e+01    5.1114700744e+02    6.4709101200e-01    9.9626956947e-01
       126   -4.5975339252e+01    2.1151466199e+03   -8.0655550041e+01    3.4680210789e+01   -2.1508998549e+01    3.5738305690e+00   -1.1617703980e+01   -5.1102678081e+01   -1.1353181347e+01    5.1715573843e+02    6.5494105600e-01    9.9588974855e-01
       127   -4.5924251325e+01    2.1105138026e+03   -8.0568770928e+01    3.4644519603e+01   -2.1521593550e+01    3.6775746313e+00   -1.1622073928e+01   -5.1102678081e+01   -1.1351745913e+01    5.1695235387e+02    6.4624531300e-01    9.9570841393e-01
       128   -4.5843494238e+01    2.1028425375e+03   -8.0686193526e+01    3.4842699288e+01   -2.1211922573e+01    3.3167020365e+00   -1.1688294908e+01   -5.1102678081e+01   -1.1420672532e+01    5.1363870707e+02    6.4367823600e-01    9.9671692607e-01
       129   -4.5921206144e+01    2.1098584912e+03   -8.0703965709e+01    3.4782759565e+01   -2.1278574266e+01    3.3390606238e+00   -1.1661773986e+01   -5.1102678081e+01   -1.1395574055e+01    5.0967029204e+02    7.3978363200e-01    9.9632352941e-01
       130   -4.5896289704e+01    2.1078312779e+03   -8.0510657816e+01    3.4614368112e+01   -2.1155810464e+01    3.3721696001e+00   -1.1624338871e+01   -5.1102678081e+01   -1.1349724368e+01    5.0986962163e+02    6.5173664500e-01    9.9601715686e-01
       131   -4.5912405562e+01    2.1091785759e+03   -8.0559114639e+01    3.4646709077e+01   -2.0900015824e+01    3.1158912429e+00   -1.1672311977e+01   -5.1102678081e+01   -1.1390426381e+01    5.1281084441e+02    6.3952219700e-01    9.9646686160e-01
       132   -4.5942463953e+01    2.1120043699e+03   -8.0619918189e+01    3.4677454236e+01   -2.1010458549e+01    3.1340180286e+00   -1.1640799588e+01   -5.1102678081e+01   -1.1361620207e+01    5.1390239432e+02    6.4369892800e-01    9.9623054475e-01
       133   -4.5975989431e+01    2.1149879055e+03   -8.0347193931e+01    3.4371204500e+01   -2.1124519296e+01    3.4453401778e+00   -1.1565336732e+01   -5.1102678081e+01   -1.1286464872e+01    5.1304825858e+02    6.5867456000e-01    9.9658869396e-01
       134   -4.5989867380e+01    2.1164724482e+03   -8.0573980758e+01    3.4584113378e+01   -2.1169384428e+01    3.2682044235e+00   -1.1570122673e+01   -5.1102678081e+01   -1.1289970547e+01    5.1618832887e+02    6.4750126400e-01    9.9697189922e-01
       135   -4.6048705106e+01    2.1220689257e+03   -8.0496130511e+01    3.4447425405e+01   -2.0984799595e+01    3.2446088159e+00   -1.1653261650e+01   -5.1102678081e+01   -1.1382734544e+01    5.1334510098e+02    6.4838854600e-01    9.9604044834e-01
       136   -4.6000649530e+01    2.1172080041e+03   -8.0677135599e+01    3.4676486069e+01   -2.1159820676e+01    3.1748847160e+00   -1.1589521558e+01   -5.1102678081e+01   -1.1319621184e+01    5.1041904625e+02    6.5065004100e-01    9.9705882353e-01
       137   -4.5983249289e+01    2.1156842146e+03   -8.0564324017e+01    3.4581074728e+01   -2.1213303352e+01    3.2993654943e+00   -1.1547708079e+01   -5.1102678081e+01   -1.1276560467e+01    5.1325865907e+02    6.5509701800e-01    9.9518762183e-01
       138   -4.6000059877e+01    2.1178303693e+03   -8.0810972860e+01    3.4810912983e+01   -2.1314223251e+01    3.1833087988e+00   -1.1577380326e+01   -5.1102678081e+01   -1.1304136028e+01    5.1622777399e+02    6.7139905700e-01    9.9545784884e-01
       139   -4.5992946333e+01    2.1175765578e+03   -8.0754208285e+01    3.4761261952e+01   -2.1380593183e+01    3.3043904574e+00   -1.1575327478e+01   -5.1102678081e+01   -1.1296183595e+01    5.2126462287e+02    7.8850756000e-01    9.9682101727e-01
       140   -4.5981267108e+01    2.1159522889e+03   -8.0549817046e+01    3.4568549937e+01   -2.1672579938e+01    3.8424778338e+00   -1.1617036861e+01   -5.1102678081e+01   -1.1340985848e+01    5.2011344900e+02    6.8647197200e-01    9.9627403846e-01
       141   -4.5974563405e+01    2.1152032064e+03   -8.0792871379e+01    3.4818307973e+01   -2.1772923571e+01    3.7751074327e+00   -1.1692377159e+01   -5.1102678081e+01   -1.1418352236e+01    5.1706428555e+02    6.6920111100e-01    9.9601063830e-01
       142   -4.6061555554e+01    2.1233621370e+03   -8.0938135623e+01    3.4876580069e+01   -2.1916312472e+01    3.8106756694e+00   -1.1729820740e+01   -5.1102678081e+01   -1.1458183317e+01    5.1932273748e+02    6.7947691100e-01    9.9596579961e-01
       143   -4.5996803070e+01    2.1172780947e+03   -8.0850096299e+01    3.4853293229e+01   -2.1909783291e+01    3.9441287331e+00   -1.1781763660e+01   -5.1102678081e+01   -1.1508625791e+01    5.1836014226e+02    6.7634754600e-01    9.9583735521e-01
       144   -4.5993734886e+01    2.1169131676e+03   -8.1095524505e+01    3.5101789619e+01   -2.1868457382e+01    3.5704405299e+00   -1.1694829571e+01   -5.1102678081e+01   -1.1421463965e+01    5.2016287737e+02    6.6100613100e-01    9.9651442308e-01
       145   -4.5889791472e+01    2.1070237111e+03   -8.0922052149e+01    3.5032260677e+01   -2.1911632325e+01    3.7492505098e+00   -1.1656992252e+01   -5.1102678081e+01   -1.1379246535e+01    5.1587616602e+02    6.4213306700e-01    9.9612403101e-01
       146   -4.5940868492e+01    2.1118750859e+03   -8.0786275846e+01    3.4845407354e+01   -2.1659032176e+01    3.5340449738e+00   -1.1558610563e+01   -5.1102678081e+01   -1.1282270418e+01    5.1778753610e+02    6.6051183300e-01    9.9644063707e-01
       147   -4.5973078548e+01    2.1149818031e+03   -8.0595805600e+01    3.4622727051e+01   -2.1713744749e+01    3.7407969879e+00   -1.1520179758e+01   -5.1102678081e+01   -1.1247338252e+01    5.1598897818e+02    6.4972400200e-01    9.9606346899e-01
       148   -4.5976599916e+01    2.1154154307e+03   -8.0626056062e+01    3.4649456146e+01   -2.1614349904e+01    3.5975167494e+00   -1.1506544826e+01   -5.1102678081e+01   -1.1230956432e+01    5.1408475774e+02    6.5020399400e-01    9.9544017510e-01
       149   -4.5961619986e+01    2.1138415877e+03   -8.1019729220e+01    3.5058109235e+01   -2.2020424030e+01    3.5688140577e+00   -1.1465441167e+01   -5.1102678081e+01   -1.1190583216e+01    5.1312480113e+02    7.3601111200e-01    9.9610136452e-01
       150   -4.6000753769e+01    2.1175508262e+03   -8.0995531261e+01    3.4994777492e+01   -2.2062988765e+01    3.5993937305e+00   -1.1429258146e+01   -5.1102678081e+01   -1.1150150633e+01    5.1413609130e+02    6.4215044400e-01    9.9544017510e-01
       151   -4.6036132791e+01    2.1207355530e+03   -8.1372175135e+01    3.5336042344e+01   -2.2234255996e+01    3.4041466939e+00   -1.1439387751e+01   -5.1102678081e+01   -1.1160540407e+01    5.1531908399e+02    6.3358468200e-01    9.9587378641e-01
       152   -4.6067276603e+01    2.1241068155e+03   -8.0995664506e+01    3.4928387903e+01   -2.2223342075e+01    3.7368053266e+00   -1.1406449676e+01   -5.1102678081e+01   -1.1125817906e+01    5.1550395794e+02    6.5828822700e-01    9.9557038835e-01
       153   -4.6132631130e+01    2.1300635879e+03   -8.0680142199e+01    3.4547511069e+01   -2.1850732884e+01    3.6493263939e+00   -1.1376057628e+01   -5.1102678081e+01   -1.1091516397e+01    5.1374390358e+02    6.4450775700e-01    9.9555311891e-01
       154   -4.6069521706e+01    2.1239134166e+03   -8.0796186559e+01    3.4726664854e+01   -2.1961596381e+01    3.6160752298e+00   -1.1347987328e+01   -5.1102678081e+01   -1.1061198898e+01    5.1675821646e+02    6.4568047600e-01    9.9570009690e-01
       155   -4.6010001183e+01    2.1182724350e+03   -8.1087366893e+01    3.5077365710e+01   -2.2126896621e+01    3.4477373600e+00   -1.1305529551e+01   -5.1102678081e+01   -1.1011963745e+01    5.1940895470e+02    6.5111363300e-01    9.9620664740e-01
       156   -4.6015914378e+01    2.1189317927e+03   -8.0852630120e+01    3.4836715742e+01   -2.1990249000e+01    3.5110840976e+00   -1.1270787137e+01   -5.1102678081e+01   -1.0977555988e+01    5.1920126957e+02    6.6173061400e-01    9.9650770713e-01
       157   -4.6022715943e+01    2.1202182995e+03   -8.0752450026e+01    3.4729734083e+01   -2.2160168710e+01    3.8236515989e+00   -1.1313254834e+01   -5.1102678081e+01   -1.1014490449e+01    5.1929277293e+02    6.4809370200e-01    9.9656791908e-01
       158   -4.5974819621e+01    2.1150078143e+03   -8.1266558941e+01    3.5291739320e+01   -2.2318448909e+01    3.5069697963e+00   -1.1352401747e+01   -5.1102678081e+01   -1.1053665173e+01    5.1816446647e+02    6.4213926500e-01    9.9589768340e-01
       159   -4.6055660643e+01    2.1227972468e+03   -8.0887542979e+01    3.4831882336e+01   -2.1882576787e+01    3.4438583477e+00   -1.1346146459e+01   -5.1102678081e+01   -1.1045887068e+01    5.1623804770e+02    7.5933216800e-01    9.9624515504e-01
       160   -4.5981593144e+01    2.1158987958e+03   -8.0794926808e+01    3.4813333664e+01   -2.1710557181e+01    3.3260582878e+00   -1.1307749834e+01   -5.1102678081e+01   -1.1006216892e+01    5.2030453662e+02    6.6585644700e-01    9.9561298077e-01
       161   -4.5949746600e+01    2.1128725678e+03   -8.0300720206e+01    3.4350973605e+01   -2.1716411049e+01    3.8734163230e+00   -1.1355047398e+01   -5.1102678081e+01   -1.1059921242e+01    5.1993672976e+02    6.4366428500e-01    9.9663461538e-01
       162   -4.5939662083e+01    2.1118325066e+03   -8.0604419299e+01    3.4664757216e+01   -2.1692389975e+01    3.5458696664e+00   -1.1355220909e+01   -5.1102678081e+01   -1.1064508192e+01    5.1987275709e+02    6.5394033500e-01    9.9651442308e-01
       163   -4.5914329544e+01    2.1093613621e+03   -8.0536852839e+01    3.4622523295e+01   -2.1629607852e+01    3.5172635312e+00   -1.1321830437e+01   -5.1102678081e+01   -1.1035102330e+01    5.2175506591e+02    6.6541673500e-01    9.9556992337e-01
       164   -4.5886668007e+01    2.1071671417e+03   -8.0615924819e+01    3.4729256812e+01   -2.1863289774e+01    3.6964573887e+00   -1.1346414353e+01   -5.1102678081e+01   -1.1064089206e+01    5.2459823714e+02    6.8292285000e-01    9.9648809524e-01
       165   -4.5841649044e+01    2.1030455809e+03   -8.0969506378e+01    3.5127857335e+01   -2.1974118343e+01    3.5365027275e+00   -1.1429212682e+01   -5.1102678081e+01   -1.1140495992e+01    5.2243788171e+02    6.7668319800e-01    9.9581739962e-01
       166   -4.5883538542e+01    2.1070323022e+03   -8.0648537598e+01    3.4764999056e+01   -2.1468535292e+01    3.3440099276e+00   -1.1421334152e+01   -5.1102678081e+01   -1.1133074146e+01    5.2141581412e+02    6.9306817700e-01    9.9586925287e-01
       167   -4.5899247452e+01    2.1081463385e+03   -8.0717767293e+01    3.4818519841e+01   -2.1379028824e+01    3.2635573974e+00   -1.1499617785e+01   -5.1102678081e+01   -1.1213322292e+01    5.1961863446e+02    6.8200839700e-01    9.9645432692e-01
       168   -4.5913894612e+01    2.1094456001e+03   -8.0921137378e+01    3.5007242765e+01   -2.1517616128e+01    3.2588093543e+00   -1.1559652523e+01   -5.1102678081e+01   -1.1270215455e+01    5.2065735944e+02    6.8502971900e-01    9.9610124760e-01
       169   -4.5960149021e+01    2.1138263917e+03   -8.1263655237e+01    3.5303506217e+01   -2.1623783348e+01    2.9869541715e+00   -1.1524147979e+01   -5.1102678081e+01   -1.1233324151e+01    5.2182251384e+02    7.7520512000e-01    9.9515086207e-01
       170   -4.5958420160e+01    2.1135830770e+03   -8.0442842970e+01    3.4484422810e+01   -2.1375790572e+01    3.4574663513e+00   -1.1421840668e+01   -5.1102678081e+01   -1.1130709391e+01    5.1894779505e+02    6.6425703900e-01    9.9608622351e-01
       171   -4.5931112472e+01    2.1111358701e+03   -8.0992246768e+01    3.5061134296e+01   -2.1445683137e+01    3.1249491728e+00   -1.1568834723e+01   -5.1102678081e+01   -1.1277951214e+01    5.1887381760e+02    6.5806936700e-01    9.9692919075e-01
       172   -4.5909357521e+01    2.1089626970e+03   -8.1431151216e+01    3.5521793695e+01   -2.1759656044e+01    2.9816413010e+00   -1.1550458392e+01   -5.1102678081e+01   -1.1265454802e+01    5.1676062143e+02    6.4378036200e-01    9.9588974855e-01
       173   -4.5934095321e+01    2.1112246192e+03   -8.1670653639e+01    3.5736558318e+01   -2.1683826100e+01    2.7730655458e+00   -1.1657215003e+01   -5.1102678081e+01   -1.1374287905e+01    5.1682268570e+02    6.6023435100e-01    9.9649419729e-01
       174   -4.5894301160e+01    2.1076462471e+03   -8.1331920483e+01    3.5437619323e+01   -2.1468041063e+01    2.8456318030e+00   -1.1606833141e+01   -5.1102678081e+01   -1.1324642401e+01    5.1574605152e+02    6.5534091400e-01    9.9570009690e-01
       175   -4.5912345100e+01    2.1093665138e+03   -8.1483832505e+01    3.5571487405e+01   -2.1544394203e+01    2.8033798150e+00   -1.1640140036e+01   -5.1102678081e+01   -1.1359355738e+01    5.1669736768e+02    6.4722691500e-01    9.9631286267e-01
       176   -4.5872001829e+01    2.1059123737e+03   -8.1181078603e+01    3.5309076774e+01   -2.1385996574e+01    2.9366117997e+00   -1.1629015747e+01   -5.1102678081e+01   -1.1351088320e+01    5.1462731017e+02    6.5635607200e-01    9.9575242718e-01
       177   -4.5942455720e+01    2.1119632481e+03   -8.0815649449e+01    3.4873193729e+01   -2.1122597526e+01    2.9391928366e+00   -1.1529566678e+01   -5.1102678081e+01   -1.1248203974e+01    5.1476200790e+02    6.3880240800e-01    9.9563106796e-01
       178   -4.5887516785e+01    2.1073295173e+03   -8.1019624412e+01    3.5132107626e+01   -2.1207539805e+01    2.8533920422e+00   -1.1562798568e+01   -5.1102678081e+01   -1.1280220055e+01    5.1278438087e+02    6.3740402900e-01    9.9671052632e-01
       179   -4.5891575836e+01    2.1084479264e+03   -8.1244045001e+01    3.5352469165e+01   -2.1346307029e+01    2.7787580969e+00   -1.1573817989e+01   -5.1102678081e+01   -1.1287917935e+01    5.1165441130e+02    7.6375613600e-01    9.9627685547e-01
       180   -4.5944563115e+01    2.1124279773e+03   -8.1201010321e+01    3.5256447206e+01   -2.1221313618e+01    2.7105313493e+00   -1.1587549971e+01   -5.1102678081e+01   -1.1299939719e+01    5.1083266720e+02    6.3994521400e-01    9.9626956947e-01
       181   -4.6059869719e+01    2.1232014412e+03   -8.1133309261e+01    3.5073439541e+01   -2.1114322098e+01    2.6362872682e+00   -1.1552596350e+01   -5.1102678081e+01   -1.1267026765e+01    5.1529983779e+02    6.4552950800e-01    9.9708737864e-01
       182   -4.5962862680e+01    2.1139881829e+03   -8.1020866272e+01    3.5058003592e+01   -2.1013641119e+01    2.6903211939e+00   -1.1594868265e+01   -5.1102678081e+01   -1.1316107470e+01    5.1731166537e+02    6.5007737200e-01    9.9631286267e-01
       183   -4.5892588595e+01    2.1074848284e+03   -8.0898653519e+01    3.5006064924e+01   -2.0969208541e+01    2.8622415399e+00   -1.1689008436e+01   -5.1102678081e+01   -1.1408114626e+01    5.1284047576e+02    6.4990159300e-01    9.9640594542e-01
       184   -4.5907581283e+01    2.1088428827e+03   -8.1042588031e+01    3.5135006748e+01   -2.0965937471e+01    2.7921476548e+00   -1.1766120134e+01   -5.1102678081e+01   -1.1484689158e+01    5.1176648044e+02    6.4246402900e-01    9.9682617188e-01
       185   -4.5908096191e+01    2.1088243072e+03   -8.0741898264e+01    3.4833802073e+01   -2.0735346121e+01    2.8293877535e+00   -1.1733261816e+01   -5.1102678081e+01   -1.1446909415e+01    5.1277663177e+02    6.2370452400e-01    9.9707602339e-01
       186   -4.5953291272e+01    2.1130555611e+03   -8.0775650214e+01    3.4822358942e+01   -2.0612558198e+01    2.6421003027e+00   -1.1702514238e+01   -5.1102678081e+01   -1.1420193162e+01    5.1391254020e+02    6.4978124400e-01    9.9598735409e-01
       187   -4.5936650223e+01    2.1114847977e+03   -8.0473983028e+01    3.4537332805e+01   -2.0544500879e+01    2.8688592893e+00   -1.1695663357e+01   -5.1102678081e+01   -1.1409115523e+01    5.1396146229e+02    6.4395995700e-01    9.9659533074e-01
       188   -4.5899394052e+01    2.1081388379e+03   -8.0580625917e+01    3.4681231865e+01   -2.0559087689e+01    2.6894366272e+00   -1.1608296774e+01   -5.1102678081e+01   -1.1324923250e+01    5.1381647503e+02    6.3987940700e-01    9.9604815175e-01
       189   -4.5918446575e+01    2.1097374780e+03   -8.0431945585e+01    3.4513499010e+01   -2.0537730720e+01    2.9096280063e+00   -1.1701164790e+01   -5.1102678081e+01   -1.1421111153e+01    5.1475486292e+02    7.4768075400e-01    9.9648058252e-01
       190   -4.5818325580e+01    2.1005831229e+03   -8.0430328112e+01    3.4612002532e+01   -2.0362076772e+01    2.7279980700e+00   -1.1693571329e+01   -5.1102678081e+01   -1.1417270737e+01    5.1155863699e+02    6.6866244300e-01    9.9560546875e-01
       191   -4.5902119623e+01    2.1086559467e+03   -8.0584010048e+01    3.4681890426e+01   -2.0496191672e+01    2.7622591941e+00   -1.1747399489e+01   -5.1102678081e+01   -1.1470900911e+01    5.0856429691e+02    6.4796341400e-01    9.9643909627e-01
       192   -4.5945309986e+01    2.1122984317e+03   -8.0269605518e+01    3.4324295532e+01   -2.0586317608e+01    3.1957347313e+00   -1.1776344560e+01   -5.1102678081e+01   -1.1503560513e+01    5.0388658066e+02    6.5197685100e-01    9.9621775794e-01
       193   -4.5921129331e+01    2.1101012166e+03   -8.0350432344e+01    3.4429303013e+01   -2.0737814047e+01    3.2350064088e+00   -1.1744946625e+01   -5.1102678081e+01   -1.1482958288e+01    5.0099093261e+02    6.4550036100e-01    9.9688123752e-01
       194   -4.5949487522e+01    2.1127089346e+03   -8.0871428898e+01    3.4921941376e+01   -2.0675551086e+01    2.5946001596e+00   -1.1687799890e+01   -5.1102678081e+01   -1.1425265707e+01    5.0203672466e+02    6.4903560300e-01    9.9670069721e-01
       195   -4.5976850345e+01    2.1154789655e+03   -8.0281995114e+01    3.4305144770e+01   -2.0460798089e+01    3.0353525728e+00   -1.1753871517e+01   -5.1102678081e+01   -1.1489527289e+01    5.0419556571e+02    6.4161187100e-01    9.9609375000e-01
       196   -4.5905684381e+01    2.1087405890e+03   -8.0304152183e+01    3.4398467803e+01   -2.0520135328e+01    3.0226406704e+00   -1.1703979444e+01   -5.1102678081e+01   -1.1440364808e+01    5.0502589633e+02    6.1813256400e-01    9.9647277228e-01
       197   -4.5916047890e+01    2.1096833664e+03   -8.0569375901e+01    3.4653328011e+01   -2.0524440568e+01    2.6789094568e+00   -1.1621166709e+01   -5.1102678081e+01   -1.1358741043e+01    5.0685483015e+02    6.2074700800e-01    9.9667159763e-01
       198   -4.5959397224e+01    2.1136300938e+03   -8.0588342200e+01    3.4628944977e+01   -2.0645570088e+01    2.7871570403e+00   -1.1627251071e+01   -5.1102678081e+01   -1.1368365654e+01    5.0498346876e+02    6.2361063600e-01    9.9647277228e-01
       199   -4.5947749463e+01    2.1127014581e+03   -8.0581701833e+01    3.4633952370e+01   -2.0857446102e+01    3.0116207219e+00   -1.1633198372e+01   -5.1102678081e+01   -1.1374207246e+01    5.0608290901e+02    7.1622670500e-01    9.9666501976e-01
       200   -4.5953823180e+01    2.1131019013e+03   -8.0763945481e+01    3.4810122301e+01   -2.1076443764e+01    2.9948447301e+00   -1.1579668366e+01   -5.1102678081e+01   -1.1321829180e+01    5.0717414889e+02    6.2817068500e-01    9.9624013807e-01
       201   -4.5995152300e+01    2.1170538631e+03   -8.0604762088e+01    3.4609609788e+01   -2.1081589633e+01    3.2305984454e+00   -1.1651092820e+01   -5.1102678081e+01   -1.1392108333e+01    5.1119176320e+02    6.5017653900e-01    9.9651418787e-01
       202   -4.5962344651e+01    2.1140660993e+03   -8.0528878012e+01    3.4566533361e+01   -2.0906172131e+01    3.0464919817e+00   -1.1566519782e+01   -5.1102678081e+01   -1.1312361870e+01    5.1013884087e+02    6.3333119000e-01    9.9534313725e-01
       203   -4.5981305215e+01    2.1158344541e+03   -8.0417764959e+01    3.4436459744e+01   -2.0815690076e+01    3.0326297371e+00   -1.1532026539e+01   -5.1102678081e+01   -1.1270474552e+01    5.0713215784e+02    6.3142882000e-01    9.9648668639e-01
       204   -4.5967563468e+01    2.1144736171e+03   -8.0482961737e+01    3.4515398269e+01   -2.1004240312e+01    3.1923465759e+00   -1.1568389920e+01   -5.1102678081e+01   -1.1303259848e+01    5.0416828357e+02    6.4407614400e-01    9.9683779762e-01
       205   -4.5915041779e+01    2.1095995552e+03   -8.0338906186e+01    3.4423864407e+01   -2.0963021750e+01    3.1958903156e+00   -1.1469096671e+01   -5.1102678081e+01   -1.1202306162e+01    5.0706911971e+02    6.4592989500e-01    9.9648668639e-01
       206   -4.5973093500e+01    2.1148399614e+03   -8.0495573979e+01    3.4522480479e+01   -2.0759856367e+01    2.8838929164e+00   -1.1516932447e+01   -5.1102678081e+01   -1.1257640300e+01    5.0707096186e+02    6.4156022200e-01    9.9722633136e-01
       207   -4.5896270866e+01    2.1077299143e+03   -8.0743899095e+01    3.4847628229e+01   -2.0960674851e+01    2.8788374176e+00   -1.1559383580e+01   -5.1102678081e+01   -1.1300527175e+01    5.0798796536e+02    6.5108250900e-01    9.9581692913e-01
       208   -4.5879872672e+01    2.1061910066e+03   -8.0836753854e+01    3.4956881182e+01   -2.0994340575e+01    2.8179399379e+00   -1.1557675136e+01   -5.1102678081e+01   -1.1295993256e+01    5.0573974259e+02    6.3994636800e-01    9.9561511858e-01
       209   -4.5916486523e+01    2.1096149882e+03   -8.0945278734e+01    3.5028792210e+01   -2.1096087819e+01    2.7674876017e+00   -1.1514000435e+01   -5.1102678081e+01   -1.1253607586e+01    5.0281982452e+02    7.1284891200e-01    9.9577534791e-01
       210   -4.5893772293e+01    2.1074539196e+03   -8.0720761992e+01    3.4826989698e+01   -2.1165569458e+01    3.0411546294e+00   -1.1493669082e+01   -5.1102678081e+01   -1.1231832081e+01    5.0385469619e+02    6.4446608800e-01    9.9646577381e-01
       211   -4.5889261460e+01    2.1071466715e+03   -8.0738348694e+01    3.4849087233e+01   -2.1153970020e+01    2.9440858119e+00   -1.1425786404e+01   -5.1102678081e+01   -1.1166521995e+01    5.0580177095e+02    6.4360656500e-01    9.9635622530e-01
       212   -4.5961865313e+01    2.1138744579e+03   -8.0891587520e+01    3.4929722208e+01   -2.1262684273e+01    2.8970757160e+00   -1.1423300882e+01   -5.1102678081e+01   -1.1162252522e+01    5.0495936343e+02    6.3724762400e-01    9.9641089109e-01
       213   -4.5944958123e+01    2.1123445543e+03   -8.0540888785e+01    3.4595930662e+01   -2.1077397716e+01    3.2209231312e+00   -1.1581736120e+01   -5.1102678081e+01   -1.1324657713e+01    5.0407974376e+02    6.4670652600e-01    9.9665178571e-01
       214   -4.5991106892e+01    2.1168707081e+03   -8.0408150031e+01    3.4417043139e+01   -2.0891124809e+01    3.1717216868e+00   -1.1586068828e+01   -5.1102678081e+01   -1.1329648586e+01    5.0618951759e+02    6.5416838800e-01    9.9549160079e-01
       215   -4.6013372136e+01    2.1187969083e+03   -8.0589063655e+01    3.4575691519e+01   -2.1094934402e+01    3.1754262834e+00   -1.1566877456e+01   -5.1102678081e+01   -1.1308895489e+01    5.0932569825e+02    6.4245242500e-01    9.9594793713e-01
       216   -4.6035798048e+01    2.1210681741e+03   -8.0487026430e+01    3.4451228381e+01   -2.1160172303e+01    3.4355147001e+00   -1.1659690746e+01   -5.1102678081e+01   -1.1403211957e+01    5.1139381755e+02    6.4177985300e-01    9.9584148728e-01
       217   -4.5991671613e+01    2.1168662271e+03   -8.0476865000e+01    3.4485193387e+01   -2.1009274738e+01    3.1909454772e+00   -1.1555857658e+01   -5.1102678081e+01   -1.1301004454e+01    5.1033026026e+02    6.7590160600e-01    9.9620098039e-01
       218   -4.5985105275e+01    2.1160830383e+03   -8.0755005773e+01    3.4769900499e+01   -2.1357244623e+01    3.3007562918e+00   -1.1595839361e+01   -5.1102678081e+01   -1.1331724067e+01    5.1120152490e+02    6.7179732800e-01    9.9565802348e-01
       219   -4.5943532014e+01    2.1119843791e+03   -8.0573481899e+01    3.4629949885e+01   -2.1370331497e+01    3.5101394956e+00   -1.1610611816e+01   -5.1102678081e+01   -1.1349440500e+01    5.1008963283e+02    7.6490833900e-01    9.9497549020e-01
       220   -4.5967702944e+01    2.1150042315e+03   -8.0558745187e+01    3.4591042243e+01   -2.1558029209e+01    3.6290781475e+00   -1.1527116044e+01   -5.1102678081e+01   -1.1254506509e+01    5.0908933850e+02    6.5934242500e-01    9.9619351670e-01
       221   -4.5931907043e+01    2.1111874184e+03   -8.0635249779e+01    3.4703342736e+01   -2.1416185189e+01    3.4551742724e+00   -1.1571560781e+01   -5.1102678081e+01   -1.1310563210e+01    5.0903765219e+02    6.8031045000e-01    9.9662328094e-01
       222   -4.5945113627e+01    2.1121696417e+03   -8.0511793382e+01    3.4566679756e+01   -2.1195196522e+01    3.3961323057e+00   -1.1610051085e+01   -5.1102678081e+01   -1.1346239089e+01    5.1200453595e+02    6.6646582800e-01    9.9597167969e-01
       223   -4.5934726765e+01    2.1111876647e+03   -8.0512006910e+01    3.4577280145e+01   -2.1033229642e+01    3.2916376932e+00   -1.1667736881e+01   -5.1102678081e+01   -1.1406407861e+01    5.0996999370e+02    6.4931229600e-01    9.9564950980e-01
       224   -4.5976107573e+01    2.1152163709e+03   -8.0793729377e+01    3.4817621804e+01   -2.1321650550e+01    3.3428254853e+00   -1.1712226231e+01   -5.1102678081e+01   -1.1454260034e+01    5.1105917390e+02    6.6065356000e-01    9.9578033268e-01
       225   -4.5929082929e+01    2.1107079477e+03   -8.0987695320e+01    3.5058612390e+01   -2.1358863697e+01    3.1926907348e+00   -1.1718844276e+01   -5.1102678081e+01   -1.1455515418e+01    5.1005047865e+02    6.4711891800e-01    9.9589460784e-01
       226   -4.5983262356e+01    2.1157954860e+03   -8.0904632031e+01    3.4921369675e+01   -2.1403094034e+01    3.2948437705e+00   -1.1693703686e+01   -5.1102678081e+01   -1.1435653454e+01    5.1105062671e+02    6.5436159300e-01    9.9578033268e-01
       227   -4.5936268478e+01    2.1114640899e+03   -8.0841263748e+01    3.4904995270e+01   -2.1480848515e+01    3.3707230301e+00   -1.1628460182e+01   -5.1102678081e+01   -1.1363054909e+01    5.1105182021e+02    6.4778201200e-01    9.9522994129e-01
       228   -4.5931097017e+01    2.1110565304e+03   -8.1308312092e+01    3.5377215075e+01   -2.1487927662e+01    2.9785331260e+00   -1.1696239475e+01   -5.1102678081e+01   -1.1425950751e+01    5.1296470691e+02    6.6499758600e-01    9.9634502924e-01
       229   -4.5984981789e+01    2.1160085347e+03   -8.1465205171e+01    3.5480223382e+01   -2.1696151762e+01    2.9760293205e+00   -1.1642404648e+01   -5.1102678081e+01   -1.1369715796e+01    5.1202439773e+02    7.4693669400e-01    9.9633789062e-01
       230   -4.5986508606e+01    2.1160122435e+03   -8.1230496599e+01    3.5243987992e+01   -2.1541444298e+01    3.0646338018e+00   -1.1651008021e+01   -5.1102678081e+01   -1.1375392791e+01    5.1618961580e+02    6.5972810800e-01    9.9666908915e-01
       231   -4.5972880271e+01    2.1147051571e+03   -8.1444051552e+01    3.5471171281e+01   -2.1791983817e+01    3.0539560570e+00   -1.1603345710e+01   -5.1102678081e+01   -1.1333354699e+01    5.1610665583e+02    6.5376515600e-01    9.9582122093e-01
       232   -4.5966692384e+01    2.1142480426e+03   -8.1694971322e+01    3.5728278938e+01   -2.1889901691e+01    2.9228414420e+00   -1.1625232993e+01   -5.1102678081e+01   -1.1353151739e+01    5.1306225242e+02    6.8161806700e-01    9.9658869396e-01
       233   -4.5962070543e+01    2.1139282037e+03   -8.1821741902e+01    3.5859671358e+01   -2.1971593114e+01    2.8122166636e+00   -1.1559687370e+01   -5.1102678081e+01   -1.1283130648e+01    5.1305466538e+02    7.0646466600e-01    9.9597953216e-01
       234   -4.6046393735e+01    2.1216921211e+03   -8.1228449629e+01    3.5182055893e+01   -2.1878364252e+01    3.2824170293e+00   -1.1529824325e+01   -5.1102678081e+01   -1.1250571574e+01    5.1225215406e+02    6.7241542100e-01    9.9548339844e-01
       235   -4.5981752170e+01    2.1155864757e+03   -8.1372047386e+01    3.5390295216e+01   -2.1757737087e+01    2.9814590629e+00   -1.1493091281e+01   -5.1102678081e+01   -1.1218418490e+01    5.1132644296e+02    6.5294534800e-01    9.9663649706e-01
       236   -4.5923193688e+01    2.1102978254e+03   -8.1142328664e+01    3.5219134975e+01   -2.1825760461e+01    3.2406377787e+00   -1.1454527901e+01   -5.1102678081e+01   -1.1176016021e+01    5.1002918172e+02    6.6269167400e-01    9.9601715686e-01
       237   -4.5915155708e+01    2.1095203658e+03   -8.1120668118e+01    3.5205512410e+01   -2.1850112679e+01    3.2813764407e+00   -1.1449253798e+01   -5.1102678081e+01   -1.1169046823e+01    5.0987976470e+02    6.3967368100e-01    9.9693627451e-01
       238   -4.5995326923e+01    2.1167717787e+03   -8.0982095573e+01    3.4986768651e+01   -2.1783021000e+01    3.3047580951e+00   -1.1401154587e+01   -5.1102678081e+01   -1.1120262513e+01    5.1203930929e+02    6.4403998700e-01    9.9584960938e-01
       239   -4.5995585394e+01    2.1168668684e+03   -8.0951516103e+01    3.4955930709e+01   -2.1860945580e+01    3.4135165939e+00   -1.1401409036e+01   -5.1102678081e+01   -1.1119306346e+01    5.1224049792e+02    7.5841982500e-01    9.9645996094e-01
       240   -4.5945601412e+01    2.1122787679e+03   -8.1272432383e+01    3.5326830971e+01   -2.2010248113e+01    3.2058340460e+00   -1.1365340235e+01   -5.1102678081e+01   -1.1090297412e+01    5.1308591834e+02    6.6103359300e-01    9.9561403509e-01
       241   -4.5934528278e+01    2.1113283011e+03   -8.1319396007e+01    3.5384867729e+01   -2.2164236441e+01    3.2293029212e+00   -1.1281784406e+01   -5.1102678081e+01   -1.1000655014e+01    5.1492372859e+02    6.5220797900e-01    9.9684466019e-01
       242   -4.5956797034e+01    2.1133491915e+03   -8.1280977093e+01    3.5324180059e+01   -2.2276783948e+01    3.4077269145e+00   -1.1309241979e+01   -5.1102678081e+01   -1.1030676446e+01    5.1292435030e+02    6.4885593500e-01    9.9695419103e-01
       243   -4.5936506032e+01    2.1115200861e+03   -8.1459978161e+01    3.5523472129e+01   -2.2200055816e+01    3.2990980584e+00   -1.1456342322e+01   -5.1102678081e+01   -1.1176726726e+01    5.1500504029e+02    6.7693611800e-01    9.9690533981e-01
       244   -4.5943204205e+01    2.1124374205e+03   -8.1464283799e+01    3.5521079594e+01   -2.2134217788e+01    3.2021334074e+00   -1.1429521337e+01   -5.1102678081e+01   -1.1152361259e+01    5.1590499534e+02    6.7627689800e-01    9.9557897287e-01
       245   -4.5957262992e+01    2.1136057533e+03   -8.1107261954e+01    3.5149998962e+01   -2.2015041010e+01    3.5037706824e+00   -1.1493313545e+01   -5.1102678081e+01   -1.1216095016e+01    5.1495534253e+02    6.7160420400e-01    9.9605582524e-01
       246   -4.5986960763e+01    2.1169699628e+03   -8.1541730511e+01    3.5554769748e+01   -2.2129602207e+01    3.1684819171e+00   -1.1477932140e+01   -5.1102678081e+01   -1.1199202162e+01    5.1206240931e+02    6.7408936300e-01    9.9621582031e-01
       247   -4.6003530179e+01    2.1187161414e+03   -8.0983947108e+01    3.4980416929e+01   -2.1575676379e+01    3.1488113238e+00   -1.1454403971e+01   -5.1102678081e+01   -1.1174312442e+01    5.1114546567e+02    6.6887757000e-01    9.9633072407e-01
       248   -4.5975030421e+01    2.1150532433e+03   -8.0744945951e+01    3.4769915530e+01   -2.1323546238e+01    3.1720568586e+00   -1.1490778490e+01   -5.1102678081e+01   -1.1209876958e+01    5.0925459430e+02    6.6254802100e-01    9.9576375246e-01
       249   -4.5985146141e+01    2.1160680787e+03   -8.0864234429e+01    3.4879088288e+01   -2.1490667014e+01    3.1090318425e+00   -1.1379921176e+01   -5.1102678081e+01   -1.1095589068e+01    5.0917064963e+02    7.4723100400e-01    9.9607072692e-01
       250   -4.5985205388e+01    2.1162667168e+03   -8.0746678717e+01    3.4761473329e+01   -2.1578105595e+01    3.2411606719e+00   -1.1307055713e+01   -5.1102678081e+01   -1.1021445428e+01    5.0918341744e+02    6.3976053700e-01    9.9656188605e-01
       251   -4.5970157996e+01    2.1146624077e+03   -8.1054400068e+01    3.5084242072e+01   -2.1704882127e+01    2.9671792041e+00   -1.1214019064e+01   -5.1102678081e+01   -1.0928436068e+01    5.0917331092e+02    6.5105385900e-01    9.9680746562e-01
       252   -4.5898545232e+01    2.1082251039e+03   -8.0886916633e+01    3.4988371402e+01   -2.1517309804e+01    3.0923380136e+00   -1.1359266762e+01   -5.1102678081e+01   -1.1074941148e+01    5.0893093587e+02    6.5213467800e-01    9.9643909627e-01
       253   -4.5946107657e+01    2.1125264749e+03   -8.0722548926e+01    3.4776441269e+01   -2.1630644634e+01    3.4772910238e+00   -1.1466517234e+01   -5.1102678081e+01   -1.1190694140e+01    5.0786254190e+02    6.3663148900e-01    9.9587844488e-01
       254   -4.5928036648e+01    2.1107098854e+03   -8.0802494142e+01    3.4874457495e+01   -2.1561892306e+01    3.2120090468e+00   -1.1349932801e+01   -5.1102678081e+01   -1.1076248244e+01    5.0897369384e+02    6.3898297500e-01    9.9582514735e-01
       255   -4.5919461735e+01    2.1099058520e+03   -8.1097202509e+01    3.5177740774e+01   -2.1392740200e+01    2.8696844558e+00   -1.1471468683e+01   -5.1102678081e+01   -1.1196137621e+01    5.0886702398e+02    6.5354295400e-01    9.9588654224e-01
       256   -4.5913273616e+01    2.1093336548e+03   -8.0778983137e+01    3.4865709521e+01   -2.1261067128e+01    3.0794665505e+00   -1.1494704478e+01   -5.1102678081e+01   -1.1223238687e+01    5.0687779709e+02    6.3588389900e-01    9.9587031558e-01
       257   -4.5910046403e+01    2.1090551489e+03   -8.0894171974e+01    3.4984125571e+01   -2.1133047448e+01    2.8450263927e+00   -1.1503472837e+01   -5.1102678081e+01   -1.1231779339e+01    5.0985274136e+02    6.4786041600e-01    9.9528186275e-01
       258   -4.5935508432e+01    2.1112764864e+03   -8.0815310114e+01    3.4879801682e+01   -2.1182644554e+01    2.9808159790e+00   -1.1510803457e+01   -5.1102678081e+01   -1.1237989738e+01    5.0888076729e+02    6.5483040300e-01    9.9643909627e-01
       259   -4.5920187442e+01    2.1097124889e+03   -8.0317340696e+01    3.4397153254e+01   -2.1099202628e+01    3.3878961734e+00   -1.1503356161e+01   -5.1102678081e+01   -1.1229007249e+01    5.0491921609e+02    7.4257298600e-01    9.9560643564e-01
       260   -4.5931335993e+01    2.1108116992e+03   -8.0413692179e+01    3.4482356186e+01   -2.1123519820e+01    3.2884317938e+00   -1.1475926072e+01   -5.1102678081e+01   -1.1208422454e+01    5.0296516548e+02    6.3723213100e-01    9.9534045726e-01
       261   -4.5954294023e+01    2.1129954223e+03   -8.0852764263e+01    3.4898470240e+01   -2.1232526132e+01    3.0734097746e+00   -1.1590969824e+01   -5.1102678081e+01   -1.1328372243e+01    5.0305713616e+02    6.3225074300e-01    9.9589960239e-01
       262   -4.5852475503e+01    2.1062192272e+03   -8.0895450106e+01    3.5042974604e+01   -2.1266561641e+01    3.0178599302e+00   -1.1544070314e+01   -5.1102678081e+01   -1.1277989575e+01    5.0282165026e+02    6.3009761400e-01    9.9664512922e-01
       263   -4.5881333018e+01    2.1061434548e+03   -8.0597991502e+01    3.4716658485e+01   -2.1132660879e+01    3.1622378981e+00   -1.1524890440e+01   -5.1102678081e+01   -1.1258083072e+01    4.9867503901e+02    6.4074077700e-01    9.9555360721e-01
       264   -4.5883819856e+01    2.1066115346e+03   -8.0899524853e+01    3.5015704997e+01   -2.1399427594e+01    3.0422599146e+00   -1.1439679093e+01   -5.1102678081e+01   -1.1165749980e+01    4.9980128523e+02    6.2949395800e-01    9.9662500000e-01
       265   -4.5947089735e+01    2.1124166501e+03   -8.0872909266e+01    3.4925819531e+01   -2.1229493070e+01    2.9573560967e+00   -1.1498094211e+01   -5.1102678081e+01   -1.1225937919e+01    4.9992850935e+02    6.2945486800e-01    9.9606250000e-01
       266   -4.5909617242e+01    2.1089024038e+03   -8.0801373221e+01    3.4891755979e+01   -2.1285130174e+01    2.9960095636e+00   -1.1409574530e+01   -5.1102678081e+01   -1.1138291416e+01    5.0001931710e+02    6.3756049400e-01    9.9643750000e-01
       267   -4.5913289967e+01    2.1093476185e+03   -8.0360579256e+01    3.4447289289e+01   -2.1146437430e+01    3.3017874762e+00   -1.1413251221e+01   -5.1102678081e+01   -1.1136228126e+01    4.9593195064e+02    6.1857721100e-01    9.9603074597e-01
       268   -4.5921476094e+01    2.1103099510e+03   -8.0550819048e+01    3.4629342953e+01   -2.1272802875e+01    3.2439937955e+00   -1.1419331887e+01   -5.1102678081e+01   -1.1143176977e+01    4.9601174744e+02    6.2669664100e-01    9.9596774194e-01
       269   -4.5871337534e+01    2.1055429726e+03   -8.0422615977e+01    3.4551278443e+01   -2.1365231396e+01    3.4084755790e+00   -1.1363182079e+01   -5.1102678081e+01   -1.1089036628e+01    4.9587760475e+02    7.3542400700e-01    9.9584173387e-01
       270   -4.5944511809e+01    2.1124449827e+03   -8.0553948644e+01    3.4609436835e+01   -2.1430461582e+01    3.4745420969e+00   -1.1495351078e+01   -5.1102678081e+01   -1.1224358171e+01    4.9500436870e+02    6.4702184100e-01    9.9690656566e-01
       271   -4.5997887707e+01    2.1171410563e+03   -8.0488661033e+01    3.4490773326e+01   -2.1378217467e+01    3.4667833414e+00   -1.1474548827e+01   -5.1102678081e+01   -1.1215016981e+01    4.9532189892e+02    6.4027537700e-01    9.9570707071e-01
       272   -4.5982197024e+01    2.1157989679e+03   -8.0247264497e+01    3.4265067474e+01   -2.1180744452e+01    3.4015149154e+00   -1.1365356880e+01   -5.1102678081e+01   -1.1107481490e+01    4.9336076689e+02    6.3195292900e-01    9.9581643002e-01
       273   -4.6024722810e+01    2.1199179758e+03   -8.0411941341e+01    3.4387218531e+01   -2.1335818101e+01    3.3761507343e+00   -1.1349595894e+01   -5.1102678081e+01   -1.1093846465e+01    4.9247675347e+02    6.4868234800e-01    9.9631605691e-01
       274   -4.6023709486e+01    2.1196195125e+03   -8.0610823402e+01    3.4587113916e+01   -2.1365773791e+01    3.2227868320e+00   -1.1365158362e+01   -5.1102678081e+01   -1.1109767872e+01    4.9056034161e+02    6.6228524600e-01    9.9661989796e-01
       275   -4.6010411152e+01    2.1183012799e+03   -8.1041857080e+01    3.5031445928e+01   -2.1436233194e+01    3.0609423432e+00   -1.1563888148e+01   -5.1102678081e+01   -1.1303134990e+01    4.8851607821e+02    6.7294540800e-01    9.9686219262e-01
       276   -4.6060688297e+01    2.1229896395e+03   -8.1303247441e+01    3.5242559145e+01   -2.1396112278e+01    2.7229729749e+00   -1.1527430058e+01   -5.1102678081e+01   -1.1263180502e+01    4.8968092304e+02    6.4752948800e-01    9.9674079755e-01
       277   -4.6025038752e+01    2.1195397728e+03   -8.0851771670e+01    3.4826732918e+01   -2.1251726800e+01    2.8800786173e+00   -1.1377445406e+01   -5.1102678081e+01   -1.1114601664e+01    4.9168611159e+02    6.2925959300e-01    9.9624490835e-01
       278   -4.5975990957e+01    2.1151156583e+03   -8.0783182092e+01    3.4807191136e+01   -2.1140941372e+01    2.9082346667e+00   -1.1447797306e+01   -5.1102678081e+01   -1.1189897228e+01    4.9344533967e+02    6.1766969100e-01    9.9651369168e-01
       279   -4.6007868813e+01    2.1179514001e+03   -8.0767001922e+01    3.4759133109e+01   -2.1112395186e+01    3.0297034801e+00   -1.1581632135e+01   -5.1102678081e+01   -1.1327241413e+01    4.8838936287e+02    7.1119127900e-01    9.9596567623e-01
       280   -4.6006651362e+01    2.1183451206e+03   -8.1052347802e+01    3.5045696441e+01   -2.1342137549e+01    2.9270607957e+00   -1.1534592968e+01   -5.1102678081e+01   -1.1280664641e+01    4.8748927520e+02    6.0498444200e-01    9.9602156057e-01
       281   -4.6066775657e+01    2.1235864026e+03   -8.0902546014e+01    3.4835770358e+01   -2.1243457125e+01    3.0048328688e+00   -1.1561243676e+01   -5.1102678081e+01   -1.1311040745e+01    4.8668834810e+02    6.1340205500e-01    9.9601337449e-01
       282   -4.6006520235e+01    2.1179082961e+03   -8.0596161669e+01    3.4589641434e+01   -2.0911618868e+01    2.9722021700e+00   -1.1554066890e+01   -5.1102678081e+01   -1.1299480871e+01    4.8864081152e+02    6.1501244500e-01    9.9615778689e-01
       283   -4.6007615747e+01    2.1178346681e+03   -8.0559677398e+01    3.4552061652e+01   -2.1044242929e+01    3.2297394547e+00   -1.1642495843e+01   -5.1102678081e+01   -1.1387638270e+01    4.8952592528e+02    6.1145174700e-01    9.9584611452e-01
       284   -4.6003794163e+01    2.1175450022e+03   -8.0662238567e+01    3.4658444404e+01   -2.1105146878e+01    3.1221023796e+00   -1.1576515988e+01   -5.1102678081e+01   -1.1321834902e+01    4.8947672771e+02    6.2457225300e-01    9.9629345603e-01
       285   -4.6022802809e+01    2.1193538084e+03   -8.0477073466e+01    3.4454270658e+01   -2.1202358996e+01    3.3309284206e+00   -1.1502964810e+01   -5.1102678081e+01   -1.1248102604e+01    4.8651398010e+02    6.1033793300e-01    9.9723508230e-01
       286   -4.6027281447e+01    2.1198576688e+03   -8.0843611506e+01    3.4816330059e+01   -2.1116836054e+01    2.9680514020e+00   -1.1592148773e+01   -5.1102678081e+01   -1.1336750453e+01    4.8459554957e+02    6.0308434000e-01    9.9644886364e-01
       287   -4.6005094945e+01    2.1178472194e+03   -8.0510642285e+01    3.4505547340e+01   -2.0933402929e+01    3.1168207067e+00   -1.1591381981e+01   -5.1102678081e+01   -1.1334406420e+01    4.8355343338e+02    5.9960664400e-01    9.9650621118e-01
       288   -4.6015491966e+01    2.1187839117e+03   -8.0769295188e+01    3.4753803222e+01   -2.1185532227e+01    3.1046056805e+00   -1.1585690560e+01   -5.1102678081e+01   -1.1338433140e+01    4.8555234445e+02    6.0604769900e-01    9.9639175258e-01
       289   -4.5952066476e+01    2.1129131177e+03   -8.0495305333e+01    3.4543238857e+01   -2.0888817009e+01    3.1500251736e+00   -1.1653835416e+01   -5.1102678081e+01   -1.1415373874e+01    4.8541589562e+02    7.0291476000e-01    9.9574742268e-01
       290   -4.5935624033e+01    2.1115154699e+03   -8.0451289241e+01    3.4515665208e+01   -2.0840073521e+01    3.1424542977e+00   -1.1650991937e+01   -5.1102678081e+01   -1.1402160171e+01    4.8624201025e+02    6.2057790100e-01    9.9492026749e-01
       291   -4.5977733262e+01    2.1154684587e+03   -8.0719995597e+01    3.4742262335e+01   -2.0904502358e+01    3.0148719792e+00   -1.1727687137e+01   -5.1102678081e+01   -1.1479031987e+01    4.8724328615e+02    5.9970745400e-01    9.9505903491e-01
       292   -4.5908980320e+01    2.1090398008e+03   -8.0569707913e+01    3.4660727594e+01   -2.0898540881e+01    3.0976042878e+00   -1.1666093240e+01   -5.1102678081e+01   -1.1415370606e+01    4.8822168297e+02    6.1579903700e-01    9.9570952869e-01
       293   -4.5947591984e+01    2.1124805041e+03   -8.0764562622e+01    3.4816970638e+01   -2.1163877617e+01    3.1092150014e+00   -1.1607221925e+01   -5.1102678081e+01   -1.1349768099e+01    4.9214976305e+02    6.1745291100e-01    9.9631605691e-01
       294   -4.6004657190e+01    2.1179816918e+03   -8.0530296367e+01    3.4525639177e+01   -2.1292659091e+01    3.5595321218e+00   -1.1694491317e+01   -5.1102678081e+01   -1.1439381575e+01    4.9431566086e+02    6.3028357200e-01    9.9626771255e-01
       295   -4.6028423842e+01    2.1200962196e+03   -8.0709181223e+01    3.4680757381e+01   -2.1346135974e+01    3.3286241049e+00   -1.1588991273e+01   -5.1102678081e+01   -1.1326739961e+01    4.9449969080e+02    6.2216537800e-01    9.9639423077e-01
       296   -4.5981379739e+01    2.1156924661e+03   -8.0832869992e+01    3.4851490253e+01   -2.1470054682e+01    3.3892168270e+00   -1.1649354056e+01   -5.1102678081e+01   -1.1390439224e+01    4.9346095560e+02    6.1606442200e-01    9.9626014199e-01
       297   -4.6026678777e+01    2.1201680515e+03   -8.0472486676e+01    3.4445807899e+01   -2.1526482013e+01    3.7703334744e+00   -1.1613660056e+01   -5.1102678081e+01   -1.1360929619e+01    4.9645175011e+02    6.5083722300e-01    9.9697580645e-01
       298   -4.5997053371e+01    2.1169896671e+03   -8.0854341182e+01    3.4857287811e+01   -2.1611317094e+01    3.4442779296e+00   -1.1584623937e+01   -5.1102678081e+01   -1.1334520957e+01    5.0348224909e+02    6.6151410900e-01    9.9676938370e-01
       299   -4.6006662588e+01    2.1179139144e+03   -8.0826236745e+01    3.4819574157e+01   -2.1629317477e+01    3.4399214876e+00   -1.1534162675e+01   -5.1102678081e+01   -1.1278016421e+01    5.0532267274e+02    7.5140760100e-01    9.9696782178e-01
