# Index          LocalEnergy            Variance              Weight        NumOfWalkers      AvgSentWalkers         TrialEnergy             DiffEff      LivingFraction
         0   -4.5187545443e+01    1.4257786011e+00    5.1200490130e+02    5.1200000000e+02    0.0000000000e+00   -4.5185541540e+01    9.9092484800e-01    1.0000000000e+00
         1   -4.5200016162e+01    1.5832523978e+00    5.1203068796e+02    5.1200000000e+02    0.0000000000e+00   -4.5188502724e+01    9.9419022251e-01    9.9023437500e-01
         2   -4.5261850609e+01    1.4807871150e+00    5.0912329601e+02    5.0900000000e+02    0.0000000000e+00   -4.5206009726e+01    9.9370660989e-01    9.9410609037e-01
         3   -4.5239032664e+01    1.3039952294e+00    5.1381913433e+02    5.1100000000e+02    0.0000000000e+00   -4.4698410011e+01    9.9241440176e-01    1.0000000000e+00
         4   -4.5208245107e+01    1.3553353301e+00    5.1410611844e+02    5.1600000000e+02    0.0000000000e+00   -4.5593702640e+01    9.9477545389e-01    9.9418604651e-01
         5   -4.5293452999e+01    1.4584182914e+00    5.1211981473e+02    5.1400000000e+02    0.0000000000e+00   -4.5618752628e+01    9.9359728894e-01    9.9416342412e-01
         6   -4.5287017306e+01    1.5348564625e+00    5.1490178316e+02    5.1500000000e+02    0.0000000000e+00   -4.5316851576e+01    9.9342135317e-01    9.9417475728e-01
         7   -4.5270906971e+01    1.3764630688e+00    5.1110633722e+02    5.1400000000e+02    0.0000000000e+00   -4.5852171819e+01    9.9373181152e-01    9.8443579767e-01
         8   -4.5301127424e+01    1.3249363737e+00    5.0800848973e+02    5.0700000000e+02    0.0000000000e+00   -4.5096210954e+01    9.9306133235e-01    9.9408284024e-01
         9   -4.5265860485e+01    1.1587022972e+00    5.0985663179e+02    5.0600000000e+02    0.0000000000e+00   -4.4518480870e+01    9.9205747265e-01    1.0000000000e+00
        10   -4.5346655306e+01    2.1935021646e+00    5.1433259437e+02    5.1200000000e+02    0.0000000000e+00   -4.4846355188e+01    9.9436455795e-01    9.9609375000e-01
        11   -4.5378198215e+01    1.4342800841e+00    5.0976248930e+02    5.1200000000e+02    0.0000000000e+00   -4.5801205497e+01    9.9323520368e-01    9.9218750000e-01
        12   -4.5344108074e+01    1.5382341163e+00    5.1111935892e+02    5.0900000000e+02    0.0000000000e+00   -4.4940226709e+01    9.9256305323e-01    9.9803536346e-01
        13   -4.5318812426e+01    1.5138889075e+00    5.1280872215e+02    5.1200000000e+02    0.0000000000e+00   -4.5171959773e+01    9.9499923301e-01    1.0000000000e+00
        14   -4.5271528941e+01    1.3358523879e+00    5.1104635403e+02    5.1200000000e+02    0.0000000000e+00   -4.5476641357e+01    9.9324340949e-01    9.9414062500e-01
        15   -4.5354793483e+01    1.6294818119e+00    5.1014285993e+02    5.0900000000e+02    0.0000000000e+00   -4.5085096285e+01    9.9285502213e-01    1.0000000000e+00
        16   -4.5385400514e+01    1.3781066641e+00    5.1391017172e+02    5.1200000000e+02    0.0000000000e+00   -4.4991411379e+01    9.9292279637e-01    9.9609375000e-01
        17   -4.5333601123e+01    1.2792255709e+00    5.1198222489e+02    5.1400000000e+02    0.0000000000e+00   -4.5757786708e+01    9.9374864046e-01    9.9805447471e-01
        18   -4.5340943037e+01    1.2525546493e+00    5.1503118956e+02    5.1500000000e+02    0.0000000000e+00   -4.5330129362e+01    9.9247612977e-01    9.9805825243e-01
        19   -4.5320458985e+01    1.2747351305e+00    5.1292540545e+02    5.1600000000e+02    0.0000000000e+00   -4.5931226642e+01    9.9223465894e-01    9.9612403101e-01
        20   -4.5320094607e+01    1.2755929253e+00    5.1306434461e+02    5.1400000000e+02    0.0000000000e+00   -4.5501039093e+01    9.9200399021e-01    9.9610894942e-01
        21   -4.5267162646e+01    1.3349706847e+00    5.1484481670e+02    5.1500000000e+02    0.0000000000e+00   -4.5322171247e+01    9.9428396234e-01    9.9223300971e-01
        22   -4.5263261224e+01    1.5721857189e+00    5.1183272981e+02    5.1200000000e+02    0.0000000000e+00   -4.5299169530e+01    9.9410428064e-01    9.9414062500e-01
        23   -4.5345535757e+01    1.9229793994e+00    5.1210137771e+02    5.1200000000e+02    0.0000000000e+00   -4.5283179406e+01    9.9280559565e-01    9.9804687500e-01
        24   -4.5253097842e+01    1.3837372139e+00    5.1398920085e+02    5.1400000000e+02    0.0000000000e+00   -4.5299211542e+01    9.9399787020e-01    9.9610894942e-01
        25   -4.5318360788e+01    1.4823301135e+00    5.1394633856e+02    5.1400000000e+02    0.0000000000e+00   -4.5293708045e+01    9.9251616644e-01    9.9805447471e-01
        26   -4.5332437159e+01    3.9780454387e+00    5.1595905319e+02    5.1600000000e+02    0.0000000000e+00   -4.5298379712e+01    9.9371544841e-01    9.9806201550e-01
        27   -4.5312476031e+01    1.2989749554e+00    5.1789540630e+02    5.1800000000e+02    0.0000000000e+00   -4.5307695643e+01    9.9393412623e-01    9.9806949807e-01
        28   -4.5275893889e+01    1.3130145719e+00    5.1889150468e+02    5.1900000000e+02    0.0000000000e+00   -4.5313001935e+01    9.9464221698e-01    9.9614643545e-01
        29   -4.5348762774e+01    1.5577445185e+00    5.1698331967e+02    5.1700000000e+02    0.0000000000e+00   -4.5312072405e+01    9.9399295451e-01    9.9419729207e-01
        30   -4.5353640639e+01    1.4552295283e+00    5.1621229114e+02    5.1600000000e+02    0.0000000000e+00   -4.5313394257e+01    9.9281012906e-01    9.9806201550e-01
        31   -4.5338246924e+01    1.3918674249e+00    5.1714963246e+02    5.1700000000e+02    0.0000000000e+00   -4.5316441051e+01    9.9425928936e-01    9.9226305609e-01
        32   -4.5284658567e+01    1.4559946439e+00    5.1495614046e+02    5.1500000000e+02    0.0000000000e+00   -4.5320755155e+01    9.9222995131e-01    9.9417475728e-01
        33   -4.5320994388e+01    1.6052205898e+00    5.1295651789e+02    5.1300000000e+02    0.0000000000e+00   -4.5314497788e+01    9.9373531592e-01    9.9220272904e-01
        34   -4.5340851147e+01    1.4414708303e+00    5.0908492447e+02    5.0900000000e+02    0.0000000000e+00   -4.5311482401e+01    9.9375499260e-01    9.9214145383e-01
        35   -4.5327041565e+01    1.3897254250e+00    5.0816063859e+02    5.0800000000e+02    0.0000000000e+00   -4.5305988515e+01    9.9389274679e-01    1.0000000000e+00
        36   -4.5326661022e+01    1.3043308874e+00    5.1109175947e+02    5.1100000000e+02    0.0000000000e+00   -4.5305130237e+01    9.9238509701e-01    9.9412915851e-01
        37   -4.5230302271e+01    1.3016932568e+00    5.0782470824e+02    5.0800000000e+02    0.0000000000e+00   -4.5311705516e+01    9.9452923425e-01    9.9606299213e-01
        38   -4.5279011543e+01    1.2494336845e+00    5.0776536710e+02    5.0800000000e+02    0.0000000000e+00   -4.5300671658e+01    9.9404064595e-01    9.9212598425e-01
        39   -4.5264565836e+01    1.3159455822e+00    5.0486458173e+02    5.0500000000e+02    0.0000000000e+00   -4.5298983829e+01    9.9361917450e-01    9.9801980198e-01
        40   -4.5213554050e+01    1.3836404623e+00    5.0573576835e+02    5.0600000000e+02    0.0000000000e+00   -4.5291118444e+01    9.9349647941e-01    9.9407114625e-01
        41   -4.5273433485e+01    1.2923946872e+00    5.0275476199e+02    5.0300000000e+02    0.0000000000e+00   -4.5288480695e+01    9.9510586659e-01    9.9602385686e-01
        42   -4.5283342492e+01    1.4533444087e+00    5.0401697125e+02    5.0400000000e+02    0.0000000000e+00   -4.5281325337e+01    9.9452808036e-01    9.9206349206e-01
        43   -4.5275070786e+01    1.2659456947e+00    5.0400965978e+02    5.0400000000e+02    0.0000000000e+00   -4.5283128213e+01    9.9293526081e-01    9.9404761905e-01
        44   -4.5348466062e+01    1.3114727178e+00    5.0515772718e+02    5.0500000000e+02    0.0000000000e+00   -4.5282123202e+01    9.9331926247e-01    9.9207920792e-01
        45   -4.5305477185e+01    1.2880162620e+00    5.0221761345e+02    5.0200000000e+02    0.0000000000e+00   -4.5286423026e+01    9.9351956052e-01    1.0000000000e+00
        46   -4.5349339195e+01    1.3212473691e+00    5.0421874018e+02    5.0400000000e+02    0.0000000000e+00   -4.5280801227e+01    9.9488283395e-01    9.9603174603e-01
        47   -4.5366415669e+01    1.2260863987e+00    5.0637541973e+02    5.0600000000e+02    0.0000000000e+00   -4.5286601849e+01    9.9347453240e-01    9.9604743083e-01
        48   -4.5322579119e+01    1.1894597184e+00    5.0725326183e+02    5.0700000000e+02    0.0000000000e+00   -4.5293173546e+01    9.9204786232e-01    9.9605522682e-01
        49   -4.5345216617e+01    1.1031816853e+00    5.0718549778e+02    5.0700000000e+02    0.0000000000e+00   -4.5295538703e+01    9.9520720914e-01    9.9802761341e-01
        50   -4.5315442473e+01    1.2285385744e+00    5.0715783254e+02    5.0700000000e+02    0.0000000000e+00   -4.5296750561e+01    9.9514863995e-01    1.0000000000e+00
        51   -4.5301309480e+01    1.2519936382e+00    5.0803417489e+02    5.0800000000e+02    0.0000000000e+00   -4.5296994209e+01    9.9554118001e-01    9.9606299213e-01
        52   -4.5390887103e+01    1.6604363637e+00    5.1226808872e+02    5.1200000000e+02    0.0000000000e+00   -4.5298558570e+01    9.9291220646e-01    9.9804687500e-01
        53   -4.5392960098e+01    1.6521969407e+00    5.1444910244e+02    5.1400000000e+02    0.0000000000e+00   -4.5309420151e+01    9.9387659046e-01    9.9027237354e-01
        54   -4.5400329688e+01    1.2988310878e+00    5.1044254439e+02    5.1000000000e+02    0.0000000000e+00   -4.5316141129e+01    9.9313598700e-01    1.0000000000e+00
        55   -4.5381933384e+01    2.1600602334e+00    5.1125406545e+02    5.1100000000e+02    0.0000000000e+00   -4.5310864319e+01    9.9335713559e-01    9.9021526419e-01
        56   -4.5354981192e+01    1.4785885808e+00    5.0812189077e+02    5.0800000000e+02    0.0000000000e+00   -4.5314342409e+01    9.9215369033e-01    1.0000000000e+00
        57   -4.5373233561e+01    2.0125067223e+00    5.1121179337e+02    5.1100000000e+02    0.0000000000e+00   -4.5309256052e+01    9.9137692244e-01    9.9608610568e-01
        58   -4.5347688469e+01    1.5419972307e+00    5.1115836398e+02    5.1100000000e+02    0.0000000000e+00   -4.5316802197e+01    9.9343416978e-01    9.9804305284e-01
        59   -4.5335581140e+01    1.3562649180e+00    5.1211081779e+02    5.1200000000e+02    0.0000000000e+00   -4.5317450128e+01    9.9413789974e-01    9.9804687500e-01
        60   -4.5337526997e+01    1.6198672972e+00    5.1308108343e+02    5.1300000000e+02    0.0000000000e+00   -4.5319723864e+01    9.9403153214e-01    9.9610136452e-01
        61   -4.5288413963e+01    1.3881675653e+00    5.1194584038e+02    5.1200000000e+02    0.0000000000e+00   -4.5322056213e+01    9.9396229136e-01    9.9609375000e-01
        62   -4.5257066406e+01    1.4882012216e+00    5.1275862873e+02    5.1300000000e+02    0.0000000000e+00   -4.5319090376e+01    9.9411970900e-01    9.9220272904e-01
        63   -4.5288783654e+01    1.4150300974e+00    5.1378660464e+02    5.1400000000e+02    0.0000000000e+00   -4.5319231885e+01    9.9293066014e-01    9.9805447471e-01
        64   -4.5303086331e+01    1.4747914278e+00    5.1386067235e+02    5.1400000000e+02    0.0000000000e+00   -4.5320576317e+01    9.9225523637e-01    9.9610894942e-01
        65   -4.5363793187e+01    1.4390723704e+00    5.1606874891e+02    5.1600000000e+02    0.0000000000e+00   -4.5320409210e+01    9.9249790582e-01    9.9418604651e-01
        66   -4.5314205004e+01    1.2520665605e+00    5.1709372139e+02    5.1700000000e+02    0.0000000000e+00   -4.5325719027e+01    9.9408533739e-01    9.9032882012e-01
        67   -4.5300168881e+01    1.6010018982e+00    5.1493441980e+02    5.1500000000e+02    0.0000000000e+00   -4.5327626606e+01    9.9259961365e-01    9.9805825243e-01
        68   -4.5426193101e+01    1.3643370302e+00    5.1519398776e+02    5.1500000000e+02    0.0000000000e+00   -4.5323076225e+01    9.9438547944e-01    9.9805825243e-01
        69   -4.5382976994e+01    1.2728825471e+00    5.1438201301e+02    5.1400000000e+02    0.0000000000e+00   -4.5325801235e+01    9.9392364365e-01    9.9805447471e-01
        70   -4.5434497677e+01    1.3513295682e+00    5.1745566138e+02    5.1700000000e+02    0.0000000000e+00   -4.5325491828e+01    9.9451712242e-01    9.9613152805e-01
        71   -4.5366714706e+01    1.5122071621e+00    5.1632612017e+02    5.1600000000e+02    0.0000000000e+00   -4.5333677847e+01    9.9381804558e-01    9.9418604651e-01
        72   -4.5350465298e+01    1.3554240986e+00    5.1614710191e+02    5.1600000000e+02    0.0000000000e+00   -4.5332331741e+01    9.9486471813e-01    9.9612403101e-01
        73   -4.5366029281e+01    1.5118526219e+00    5.1712596778e+02    5.1700000000e+02    0.0000000000e+00   -4.5332485862e+01    9.9449884469e-01    9.9613152805e-01
        74   -4.5355525149e+01    1.4950390059e+00    5.1712500605e+02    5.1700000000e+02    0.0000000000e+00   -4.5335151118e+01    9.9188324302e-01    9.9226305609e-01
        75   -4.5360155960e+01    1.6766383115e+00    5.1914003414e+02    5.1900000000e+02    0.0000000000e+00   -4.5335700820e+01    9.9178705612e-01    9.9421965318e-01
        76   -4.5432157707e+01    1.4888012304e+00    5.2636488318e+02    5.2600000000e+02    0.0000000000e+00   -4.5340204402e+01    9.9319803814e-01    9.9429657795e-01
        77   -4.5359624891e+01    1.4269924900e+00    5.2420979461e+02    5.2400000000e+02    0.0000000000e+00   -4.5355881588e+01    9.9238263860e-01    9.9809160305e-01
        78   -4.5369409859e+01    2.1628115707e+00    5.2498060098e+02    5.2500000000e+02    0.0000000000e+00   -4.5352320507e+01    9.9414167842e-01    9.9428571429e-01
        79   -4.5354118517e+01    1.2486776592e+00    5.2399746437e+02    5.2400000000e+02    0.0000000000e+00   -4.5354478939e+01    9.9251434054e-01    9.8854961832e-01
        80   -4.5365909558e+01    1.2373602416e+00    5.1906071866e+02    5.1900000000e+02    0.0000000000e+00   -4.5353015744e+01    9.9468439496e-01    9.9807321773e-01
        81   -4.5282605659e+01    1.2904324836e+00    5.2290222043e+02    5.2300000000e+02    0.0000000000e+00   -4.5344140849e+01    9.9317344337e-01    1.0000000000e+00
        82   -4.5313292373e+01    1.3369912276e+00    5.2471620046e+02    5.2500000000e+02    0.0000000000e+00   -4.5350742873e+01    9.9278996425e-01    9.9809523810e-01
        83   -4.5346286268e+01    1.8202648885e+00    5.2689942660e+02    5.2700000000e+02    0.0000000000e+00   -4.5353945921e+01    9.9284071672e-01    9.9430740038e-01
        84   -4.5372157896e+01    1.6521702563e+00    5.2704194934e+02    5.2700000000e+02    0.0000000000e+00   -4.5358361709e+01    9.9379132781e-01    9.9620493359e-01
        85   -4.5320270385e+01    1.3547219926e+00    5.2794543681e+02    5.2800000000e+02    0.0000000000e+00   -4.5359285723e+01    9.9374607565e-01    9.9621212121e-01
        86   -4.5300526508e+01    1.4577147462e+00    5.2572756013e+02    5.2600000000e+02    0.0000000000e+00   -4.5360846095e+01    9.9358407482e-01    9.9809885932e-01
        87   -4.5295045532e+01    1.3863276654e+00    5.2567812402e+02    5.2600000000e+02    0.0000000000e+00   -4.5356193732e+01    9.9337668472e-01    9.9619771863e-01
        88   -4.5343112266e+01    1.2245692506e+00    5.2884508618e+02    5.2900000000e+02    0.0000000000e+00   -4.5355589551e+01    9.9479933586e-01    9.9621928166e-01
        89   -4.5355563365e+01    1.3419012992e+00    5.2793137432e+02    5.2800000000e+02    0.0000000000e+00   -4.5361797267e+01    9.9114701836e-01    9.9242424242e-01
        90   -4.5340246069e+01    1.3036384059e+00    5.2493777794e+02    5.2500000000e+02    0.0000000000e+00   -4.5360441409e+01    9.9186582498e-01    9.9809523810e-01
        91   -4.5371857899e+01    1.3553928269e+00    5.2701076029e+02    5.2700000000e+02    0.0000000000e+00   -4.5354901976e+01    9.9442801416e-01    9.9430740038e-01
        92   -4.5363850754e+01    1.4774958779e+00    5.2404213426e+02    5.2400000000e+02    0.0000000000e+00   -4.5359425303e+01    9.9362466849e-01    9.9809160305e-01
        93   -4.5298470974e+01    1.3013325520e+00    5.2386987482e+02    5.2400000000e+02    0.0000000000e+00   -4.5354232889e+01    9.9371950459e-01    1.0000000000e+00
        94   -4.5330181113e+01    1.4343198410e+00    5.2478749329e+02    5.2500000000e+02    0.0000000000e+00   -4.5353464738e+01    9.9407036088e-01    9.9238095238e-01
        95   -4.5265836735e+01    1.2815694685e+00    5.2270682895e+02    5.2300000000e+02    0.0000000000e+00   -4.5355209955e+01    9.9367299668e-01    9.9617590822e-01
        96   -4.5307120308e+01    1.5778384753e+00    5.2165398112e+02    5.2200000000e+02    0.0000000000e+00   -4.5350385925e+01    9.9374204245e-01    9.9616858238e-01
        97   -4.5333953626e+01    1.7049611839e+00    5.1983705283e+02    5.2000000000e+02    0.0000000000e+00   -4.5348076561e+01    9.9300765042e-01    1.0000000000e+00
        98   -4.5380208382e+01    1.5597916538e+00    5.2103838821e+02    5.2100000000e+02    0.0000000000e+00   -4.5344645889e+01    9.9291476525e-01    9.9232245681e-01
        99   -4.5310022171e+01    1.2365815797e+00    5.1697344262e+02    5.1700000000e+02    0.0000000000e+00   -4.5347596654e+01    9.9166714158e-01    9.9806576402e-01
       100   -4.5333202420e+01    1.1981027618e+00    5.1890147902e+02    5.1900000000e+02    0.0000000000e+00   -4.5339513496e+01    9.9396981075e-01    9.9036608863e-01
       101   -4.5355738078e+01    1.4008586270e+00    5.1701976497e+02    5.1700000000e+02    0.0000000000e+00   -4.5343277457e+01    9.9207958179e-01    9.9419729207e-01
       102   -4.5351715361e+01    1.3665054233e+00    5.1912839054e+02    5.1900000000e+02    0.0000000000e+00   -4.5339959769e+01    9.9341075159e-01    9.9807321773e-01
       103   -4.5324139027e+01    1.5222561461e+00    5.1995638342e+02    5.2000000000e+02    0.0000000000e+00   -4.5344289080e+01    9.9166135174e-01    1.0000000000e+00
       104   -4.5323826629e+01    1.4142859686e+00    5.2086682492e+02    5.2100000000e+02    0.0000000000e+00   -4.5345807497e+01    9.9188969475e-01    9.9808061420e-01
       105   -4.5383150453e+01    1.5893638910e+00    5.2000050842e+02    5.2000000000e+02    0.0000000000e+00   -4.5347479779e+01    9.9232334408e-01    9.9230769231e-01
       106   -4.5367857150e+01    1.5207937851e+00    5.1815297496e+02    5.1800000000e+02    0.0000000000e+00   -4.5346429597e+01    9.9397391435e-01    1.0000000000e+00
       107   -4.5374958547e+01    1.8339733910e+00    5.2215866067e+02    5.2200000000e+02    0.0000000000e+00   -4.5343294839e+01    9.9319730708e-01    9.9616858238e-01
       108   -4.5311053012e+01    1.6129439632e+00    5.2194807691e+02    5.2200000000e+02    0.0000000000e+00   -4.5351491375e+01    9.9374130227e-01    9.9616858238e-01
       109   -4.5343417809e+01    1.5039669627e+00    5.2289510404e+02    5.2300000000e+02    0.0000000000e+00   -4.5350854387e+01    9.9397867612e-01    1.0000000000e+00
       110   -4.5323891557e+01    1.5565129486e+00    5.2589741881e+02    5.2600000000e+02    0.0000000000e+00   -4.5352798339e+01    9.9500715163e-01    9.9619771863e-01
       111   -4.5295359257e+01    1.5677070331e+00    5.2674248970e+02    5.2700000000e+02    0.0000000000e+00   -4.5358437364e+01    9.9141056298e-01    1.0000000000e+00
       112   -4.5327296628e+01    1.6270089778e+00    5.2871955054e+02    5.2900000000e+02    0.0000000000e+00   -4.5359648459e+01    9.9304661681e-01    9.9621928166e-01
       113   -4.5391197266e+01    1.7371467286e+00    5.3100080056e+02    5.3100000000e+02    0.0000000000e+00   -4.5363352174e+01    9.9443495715e-01    9.9435028249e-01
       114   -4.5325675735e+01    1.5512510032e+00    5.3195043321e+02    5.3200000000e+02    0.0000000000e+00   -4.5368295632e+01    9.9261399976e-01    9.9624060150e-01
       115   -4.5316744839e+01    1.3789955794e+00    5.3273025007e+02    5.3300000000e+02    0.0000000000e+00   -4.5370017355e+01    9.9167445885e-01    9.9812382739e-01
       116   -4.5238045422e+01    1.3609204565e+00    5.3248077785e+02    5.3300000000e+02    0.0000000000e+00   -4.5371325501e+01    9.9388554418e-01    1.0000000000e+00
       117   -4.5282132453e+01    1.5063089422e+00    5.3440174114e+02    5.3500000000e+02    0.0000000000e+00   -4.5369892261e+01    9.9358296600e-01    9.9252336449e-01
       118   -4.5331865078e+01    1.6749974813e+00    5.3265130994e+02    5.3300000000e+02    0.0000000000e+00   -4.5372998061e+01    9.9266729673e-01    9.9624765478e-01
       119   -4.5328255721e+01    1.2090810316e+00    5.3176830197e+02    5.3200000000e+02    0.0000000000e+00   -4.5369734261e+01    9.9285853616e-01    9.9812030075e-01
       120   -4.5381093956e+01    1.3229360016e+00    5.3191942702e+02    5.3200000000e+02    0.0000000000e+00   -4.5368055764e+01    9.9348334313e-01    9.9812030075e-01
       121   -4.5449994285e+01    2.1053070639e+00    5.3312156998e+02    5.3300000000e+02    0.0000000000e+00   -4.5368844090e+01    9.9441156440e-01    1.0000000000e+00
       122   -4.5384322081e+01    1.4789877579e+00    5.3613505851e+02    5.3600000000e+02    0.0000000000e+00   -4.5372271330e+01    9.9481732238e-01    9.9626865672e-01
       123   -4.5415179021e+01    1.5574943239e+00    5.3511168331e+02    5.3500000000e+02    0.0000000000e+00   -4.5378417421e+01    9.9379186805e-01    9.9439252336e-01
       124   -4.5354362644e+01    1.4210606986e+00    5.3707345811e+02    5.3700000000e+02    0.0000000000e+00   -4.5377303172e+01    9.9320700328e-01    9.9441340782e-01
       125   -4.5381211105e+01    1.5201198026e+00    5.3595478462e+02    5.3600000000e+02    0.0000000000e+00   -4.5381164575e+01    9.9351288449e-01    9.9813432836e-01
       126   -4.5394358194e+01    1.4476544733e+00    5.3805230154e+02    5.3800000000e+02    0.0000000000e+00   -4.5379530975e+01    9.9277134298e-01    9.9814126394e-01
       127   -4.5332949746e+01    1.4242103254e+00    5.3888207500e+02    5.3900000000e+02    0.0000000000e+00   -4.5384002855e+01    9.9450132198e-01    9.9628942486e-01
       128   -4.5365033521e+01    1.3642842041e+00    5.3678599082e+02    5.3700000000e+02    0.0000000000e+00   -4.5385530681e+01    9.9273967837e-01    9.9068901304e-01
       129   -4.5372094812e+01    1.5540080356e+00    5.3295012359e+02    5.3300000000e+02    0.0000000000e+00   -4.5381914828e+01    9.9374098955e-01    9.9812382739e-01
       130   -4.5385261929e+01    1.5124892844e+00    5.3400826728e+02    5.3400000000e+02    0.0000000000e+00   -4.5375083682e+01    9.9138839997e-01    9.9250936330e-01
       131   -4.5340073010e+01    1.6118424465e+00    5.3496832099e+02    5.3500000000e+02    0.0000000000e+00   -4.5377520146e+01    9.9378198041e-01    9.8504672897e-01
       132   -4.5375310866e+01    1.5244453780e+00    5.2691009485e+02    5.2700000000e+02    0.0000000000e+00   -4.5379357782e+01    9.9231912234e-01    1.0000000000e+00
       133   -4.5394120195e+01    1.4271894297e+00    5.2908452975e+02    5.2900000000e+02    0.0000000000e+00   -4.5364532717e+01    9.9137169232e-01    9.9810964083e-01
       134   -4.5340734326e+01    1.2152560415e+00    5.3099317472e+02    5.3100000000e+02    0.0000000000e+00   -4.5369162332e+01    9.9267913364e-01    9.9623352166e-01
       135   -4.5353744322e+01    1.2195107171e+00    5.3086048788e+02    5.3100000000e+02    0.0000000000e+00   -4.5372801511e+01    9.9335016582e-01    9.9246704331e-01
       136   -4.5367412929e+01    1.3669784349e+00    5.2794159615e+02    5.2800000000e+02    0.0000000000e+00   -4.5372701314e+01    9.9392776350e-01    9.9431818182e-01
       137   -4.5315985288e+01    1.2594017041e+00    5.2686068543e+02    5.2700000000e+02    0.0000000000e+00   -4.5367451711e+01    9.9459562049e-01    9.8292220114e-01
       138   -4.5356470477e+01    1.2730551241e+00    5.2289188612e+02    5.2300000000e+02    0.0000000000e+00   -4.5365225890e+01    9.9267114473e-01    9.9235181644e-01
       139   -4.5281620094e+01    1.1829314948e+00    5.1881276688e+02    5.1900000000e+02    0.0000000000e+00   -4.5357831313e+01    9.9270651200e-01    9.9807321773e-01
       140   -4.5312823881e+01    1.2896133075e+00    5.2073063436e+02    5.2100000000e+02    0.0000000000e+00   -4.5349539973e+01    9.9272034536e-01    9.9616122841e-01
       141   -4.5308215304e+01    1.0978088942e+00    5.2180101071e+02    5.2200000000e+02    0.0000000000e+00   -4.5353035609e+01    9.9480777777e-01    9.9425287356e-01
       142   -4.5292538530e+01    1.1648608540e+00    5.2071670330e+02    5.2100000000e+02    0.0000000000e+00   -4.5354860240e+01    9.9397902546e-01    9.9232245681e-01
       143   -4.5312921818e+01    1.3227289350e+00    5.1874959985e+02    5.1900000000e+02    0.0000000000e+00   -4.5352427548e+01    9.9314747869e-01    9.9421965318e-01
       144   -4.5329036792e+01    1.5193895995e+00    5.1787686182e+02    5.1800000000e+02    0.0000000000e+00   -4.5348460256e+01    9.9362630764e-01    9.9613899614e-01
       145   -4.5290176831e+01    1.4959813086e+00    5.2082520895e+02    5.2100000000e+02    0.0000000000e+00   -4.5346725837e+01    9.9239209178e-01    9.9808061420e-01
       146   -4.5312370149e+01    1.4289649713e+00    5.2273905987e+02    5.2300000000e+02    0.0000000000e+00   -4.5352044612e+01    9.9330991289e-01    9.9426386233e-01
       147   -4.5324205697e+01    1.2283010781e+00    5.1981448694e+02    5.2000000000e+02    0.0000000000e+00   -4.5355534697e+01    9.9396987451e-01    9.9423076923e-01
       148   -4.5315110575e+01    1.2243433502e+00    5.1682340142e+02    5.1700000000e+02    0.0000000000e+00   -4.5349841691e+01    9.9319658555e-01    9.9806576402e-01
       149   -4.5259121685e+01    1.1065524734e+00    5.1870405584e+02    5.1900000000e+02    0.0000000000e+00   -4.5343919120e+01    9.9160519559e-01    9.9229287091e-01
       150   -4.5252436087e+01    1.2566396285e+00    5.1754087818e+02    5.1800000000e+02    0.0000000000e+00   -4.5346971228e+01    9.9016833722e-01    9.9420849421e-01
       151   -4.5277941495e+01    1.2374635785e+00    5.1458317930e+02    5.1500000000e+02    0.0000000000e+00   -4.5344103903e+01    9.9352555515e-01    9.9417475728e-01
       152   -4.5277022971e+01    1.2257180505e+00    5.1270402217e+02    5.1300000000e+02    0.0000000000e+00   -4.5337952916e+01    9.9337553166e-01    9.9415204678e-01
       153   -4.5304944410e+01    1.4808670452e+00    5.1384064487e+02    5.1400000000e+02    0.0000000000e+00   -4.5333874146e+01    9.9158156468e-01    9.9610894942e-01
       154   -4.5319053791e+01    1.4760603283e+00    5.1185581641e+02    5.1200000000e+02    0.0000000000e+00   -4.5335882971e+01    9.9368916563e-01    9.9218750000e-01
       155   -4.5332297786e+01    1.3228995569e+00    5.0897544041e+02    5.0900000000e+02    0.0000000000e+00   -4.5331914682e+01    9.9075203498e-01    9.9607072692e-01
       156   -4.5291768996e+01    1.5432422406e+00    5.0891389722e+02    5.0900000000e+02    0.0000000000e+00   -4.5326272216e+01    9.9384242584e-01    9.9410609037e-01
       157   -4.5348375648e+01    1.6292732932e+00    5.0896057508e+02    5.0900000000e+02    0.0000000000e+00   -4.5325856197e+01    9.9343600245e-01    1.0000000000e+00
       158   -4.5365268383e+01    1.5614342473e+00    5.1013495702e+02    5.1000000000e+02    0.0000000000e+00   -4.5326067288e+01    9.9331445959e-01    9.9215686275e-01
       159   -4.5263128462e+01    1.2377999645e+00    5.0592670614e+02    5.0600000000e+02    0.0000000000e+00   -4.5328611229e+01    9.9506243622e-01    9.9802371542e-01
       160   -4.5307230738e+01    1.4905688366e+00    5.0480155375e+02    5.0500000000e+02    0.0000000000e+00   -4.5319833926e+01    9.9473051606e-01    9.9603960396e-01
       161   -4.5302076770e+01    1.7468509299e+00    5.0392600578e+02    5.0400000000e+02    0.0000000000e+00   -4.5317433491e+01    9.9416259873e-01    9.9404761905e-01
       162   -4.5354678624e+01    1.3756234451e+00    5.0306188425e+02    5.0300000000e+02    0.0000000000e+00   -4.5315489687e+01    9.9402418462e-01    9.9204771372e-01
       163   -4.5309527401e+01    1.1501427441e+00    5.0008964136e+02    5.0000000000e+02    0.0000000000e+00   -4.5313936330e+01    9.9281454993e-01    9.9600000000e-01
       164   -4.5369879068e+01    1.2392565264e+00    5.0217514156e+02    5.0200000000e+02    0.0000000000e+00   -4.5307857583e+01    9.9258939027e-01    9.9203187251e-01
       165   -4.5517374186e+01    1.9647500070e+00    5.0169031120e+02    5.0100000000e+02    0.0000000000e+00   -4.5312284572e+01    9.9372686832e-01    9.9600798403e-01
       166   -4.5405414085e+01    1.5960433330e+00    5.0072848922e+02    5.0000000000e+02    0.0000000000e+00   -4.5312590659e+01    9.9279776781e-01    1.0000000000e+00
       167   -4.5449670214e+01    1.3338227867e+00    5.0256816504e+02    5.0200000000e+02    0.0000000000e+00   -4.5311164729e+01    9.9268446792e-01    9.9402390438e-01
       168   -4.5484656377e+01    1.4257471415e+00    5.0377736953e+02    5.0300000000e+02    0.0000000000e+00   -4.5315617434e+01    9.9598178695e-01    9.9801192843e-01
       169   -4.5376319944e+01    1.3769287212e+00    5.0354814336e+02    5.0300000000e+02    0.0000000000e+00   -4.5319030297e+01    9.9426222582e-01    9.9801192843e-01
       170   -4.5393855601e+01    1.4382145833e+00    5.0230443626e+02    5.0200000000e+02    0.0000000000e+00   -4.5318849175e+01    9.9307944438e-01    1.0000000000e+00
       171   -4.5412191291e+01    1.5149722659e+00    5.0341087532e+02    5.0300000000e+02    0.0000000000e+00   -4.5316762730e+01    9.9171443929e-01    9.9403578529e-01
       172   -4.5404504095e+01    1.6303242164e+00    5.0449520122e+02    5.0400000000e+02    0.0000000000e+00   -4.5319465075e+01    9.9320667092e-01    9.9206349206e-01
       173   -4.5417725351e+01    1.2701256322e+00    5.0447801775e+02    5.0400000000e+02    0.0000000000e+00   -4.5322061952e+01    9.9302016458e-01    9.9603174603e-01
       174   -4.5408140575e+01    1.4103907765e+00    5.0242961123e+02    5.0200000000e+02    0.0000000000e+00   -4.5322553197e+01    9.9519246766e-01    9.9800796813e-01
       175   -4.5412307418e+01    1.3371463165e+00    5.0547343994e+02    5.0500000000e+02    0.0000000000e+00   -4.5318941174e+01    9.9361768913e-01    9.9009900990e-01
       176   -4.5420237231e+01    1.3668094855e+00    5.0145235650e+02    5.0100000000e+02    0.0000000000e+00   -4.5325458662e+01    9.9372728198e-01    9.9600798403e-01
       177   -4.5414838188e+01    1.3415361647e+00    5.0349868506e+02    5.0300000000e+02    0.0000000000e+00   -4.5317993739e+01    9.9234921956e-01    1.0000000000e+00
       178   -4.5411577494e+01    1.3867984522e+00    5.0342488008e+02    5.0300000000e+02    0.0000000000e+00   -4.5322547431e+01    9.9264037905e-01    9.9204771372e-01
       179   -4.5359025200e+01    1.1846927789e+00    5.0432684838e+02    5.0400000000e+02    0.0000000000e+00   -4.5322855468e+01    9.9307850111e-01    1.0000000000e+00
       180   -4.5281144638e+01    1.2968733392e+00    5.0697171268e+02    5.0700000000e+02    0.0000000000e+00   -4.5324766027e+01    9.9266097826e-01    9.9605522682e-01
       181   -4.5391959759e+01    1.2924987995e+00    5.0703687293e+02    5.0700000000e+02    0.0000000000e+00   -4.5329631939e+01    9.9286878255e-01    9.9802761341e-01
       182   -4.5406700432e+01    1.3474591552e+00    5.0836807346e+02    5.0800000000e+02    0.0000000000e+00   -4.5330084277e+01    9.9227394653e-01    9.9212598425e-01
       183   -4.5380229070e+01    1.1094847990e+00    5.0530592303e+02    5.0500000000e+02    0.0000000000e+00   -4.5333116565e+01    9.9438060780e-01    9.9207920792e-01
       184   -4.5372709639e+01    1.4473477914e+00    5.0325905024e+02    5.0300000000e+02    0.0000000000e+00   -4.5327318723e+01    9.9180645520e-01    9.9403578529e-01
       185   -4.5333978309e+01    1.1923224355e+00    5.0217616030e+02    5.0200000000e+02    0.0000000000e+00   -4.5323455073e+01    9.9303724937e-01    9.9203187251e-01
       186   -4.5332370112e+01    1.1872141386e+00    5.0308472790e+02    5.0300000000e+02    0.0000000000e+00   -4.5321260660e+01    9.9369652671e-01    9.9403578529e-01
       187   -4.5393956095e+01    1.1392778038e+00    5.0120093540e+02    5.0100000000e+02    0.0000000000e+00   -4.5323018800e+01    9.9456895456e-01    1.0000000000e+00
       188   -4.5424541045e+01    1.1466939027e+00    5.0242252677e+02    5.0200000000e+02    0.0000000000e+00   -4.5319584975e+01    9.9321212559e-01    9.9800796813e-01
       189   -4.5461474042e+01    1.2241601167e+00    5.0461020113e+02    5.0400000000e+02    0.0000000000e+00   -4.5322514240e+01    9.9210490744e-01    9.9801587302e-01
       190   -4.5470372837e+01    1.2585071309e+00    5.0669992396e+02    5.0600000000e+02    0.0000000000e+00   -4.5327565373e+01    9.9401333547e-01    9.9209486166e-01
       191   -4.5430829308e+01    1.3433595834e+00    5.0360133286e+02    5.0300000000e+02    0.0000000000e+00   -4.5332448195e+01    9.9312665391e-01    9.9801192843e-01
       192   -4.5450452902e+01    1.5855378299e+00    5.0355357476e+02    5.0300000000e+02    0.0000000000e+00   -4.5326825666e+01    9.9191565366e-01    9.9801192843e-01
       193   -4.5414077386e+01    1.5236589256e+00    5.0652227615e+02    5.0600000000e+02    0.0000000000e+00   -4.5327349832e+01    9.9512351860e-01    9.9604743083e-01
       194   -4.5360107642e+01    1.1936727365e+00    5.0726630245e+02    5.0700000000e+02    0.0000000000e+00   -4.5333630858e+01    9.9368922698e-01    9.9605522682e-01
       195   -4.5368011569e+01    1.3671283274e+00    5.0915295623e+02    5.0900000000e+02    0.0000000000e+00   -4.5335188503e+01    9.9428394880e-01    9.9803536346e-01
       196   -4.5411615893e+01    1.4566529786e+00    5.1025933420e+02    5.1000000000e+02    0.0000000000e+00   -4.5339034580e+01    9.9360208022e-01    1.0000000000e+00
       197   -4.5462164926e+01    1.5470511407e+00    5.1347512088e+02    5.1300000000e+02    0.0000000000e+00   -4.5341583760e+01    9.9344853733e-01    1.0000000000e+00
       198   -4.5447486389e+01    1.3840595769e+00    5.1450207637e+02    5.1400000000e+02    0.0000000000e+00   -4.5348524533e+01    9.9326422715e-01    9.9805447471e-01
       199   -4.5471545850e+01    1.4628065301e+00    5.1656139447e+02    5.1600000000e+02    0.0000000000e+00   -4.5351091478e+01    9.9173339242e-01    9.9224806202e-01
       200   -4.5412984052e+01    1.4875004854e+00    5.1342226109e+02    5.1300000000e+02    0.0000000000e+00   -4.5355782309e+01    9.9534244880e-01    9.8635477583e-01
       201   -4.5443343248e+01    1.7191705027e+00    5.0742331644e+02    5.0700000000e+02    0.0000000000e+00   -4.5350051823e+01    9.9285524150e-01    9.9605522682e-01
       202   -4.5440658461e+01    1.8272210347e+00    5.0649368429e+02    5.0600000000e+02    0.0000000000e+00   -4.5338826627e+01    9.9318791621e-01    9.9209486166e-01
       203   -4.5401034750e+01    1.4244076094e+00    5.0543668272e+02    5.0500000000e+02    0.0000000000e+00   -4.5337500274e+01    9.9329975475e-01    9.9405940594e-01
       204   -4.5417148217e+01    1.5405578885e+00    5.0235960952e+02    5.0200000000e+02    0.0000000000e+00   -4.5335697725e+01    9.9268150600e-01    9.9402390438e-01
       205   -4.5422895512e+01    1.7051152679e+00    5.0143248251e+02    5.0100000000e+02    0.0000000000e+00   -4.5329961701e+01    9.9241052880e-01    9.9600798403e-01
       206   -4.5400117619e+01    1.4722046469e+00    5.0038911565e+02    5.0000000000e+02    0.0000000000e+00   -4.5328511900e+01    9.9433091782e-01    1.0000000000e+00
       207   -4.5351796272e+01    1.4501938961e+00    5.0324206156e+02    5.0300000000e+02    0.0000000000e+00   -4.5326700350e+01    9.9455387037e-01    9.9602385686e-01
       208   -4.5348760473e+01    1.3370832242e+00    5.0613461808e+02    5.0600000000e+02    0.0000000000e+00   -4.5332397089e+01    9.9455101990e-01    9.9604743083e-01
       209   -4.5364666487e+01    1.5080196550e+00    5.0608855939e+02    5.0600000000e+02    0.0000000000e+00   -4.5338123767e+01    9.9283367651e-01    9.9802371542e-01
       210   -4.5342675527e+01    1.3694767474e+00    5.0906527683e+02    5.0900000000e+02    0.0000000000e+00   -4.5338111819e+01    9.9259604780e-01    9.9803536346e-01
       211   -4.5327304419e+01    1.4608861957e+00    5.1093918139e+02    5.1100000000e+02    0.0000000000e+00   -4.5343939493e+01    9.9290707062e-01    9.9217221135e-01
       212   -4.5327045811e+01    1.3477072681e+00    5.0994369730e+02    5.1000000000e+02    0.0000000000e+00   -4.5347497223e+01    9.9329635938e-01    9.9411764706e-01
       213   -4.5278098990e+01    1.2717356011e+00    5.0779246319e+02    5.0800000000e+02    0.0000000000e+00   -4.5345430269e+01    9.9228081796e-01    9.9803149606e-01
       214   -4.5226758010e+01    1.1691647666e+00    5.0854257555e+02    5.0900000000e+02    0.0000000000e+00   -4.5340834962e+01    9.9313314286e-01    9.9607072692e-01
       215   -4.5283088157e+01    1.5234341528e+00    5.0956928968e+02    5.1000000000e+02    0.0000000000e+00   -4.5341683747e+01    9.9384439687e-01    9.9803921569e-01
       216   -4.5318730287e+01    1.4524283150e+00    5.0875746221e+02    5.0900000000e+02    0.0000000000e+00   -4.5343367119e+01    9.9301969517e-01    9.9803536346e-01
       217   -4.5328177230e+01    1.3367651985e+00    5.0888375510e+02    5.0900000000e+02    0.0000000000e+00   -4.5341623469e+01    9.9302161783e-01    9.9607072692e-01
       218   -4.5326539806e+01    1.3468396551e+00    5.0993948079e+02    5.1000000000e+02    0.0000000000e+00   -4.5341771678e+01    9.9229761317e-01    9.9411764706e-01
       219   -4.5391348406e+01    1.5645811383e+00    5.0909554699e+02    5.0900000000e+02    0.0000000000e+00   -4.5343736900e+01    9.9290810789e-01    9.9410609037e-01
       220   -4.5356107279e+01    1.4573088644e+00    5.0614127559e+02    5.0600000000e+02    0.0000000000e+00   -4.5342298455e+01    9.9330972800e-01    9.9802371542e-01
       221   -4.5284795011e+01    1.4115639755e+00    5.0489207474e+02    5.0500000000e+02    0.0000000000e+00   -4.5336518970e+01    9.9321115340e-01    9.9207920792e-01
       222   -4.5317847675e+01    1.3521443622e+00    5.0184052467e+02    5.0200000000e+02    0.0000000000e+00   -4.5333734798e+01    9.9264870495e-01    9.9800796813e-01
       223   -4.5305966268e+01    1.4314780933e+00    5.0090576468e+02    5.0100000000e+02    0.0000000000e+00   -4.5327525366e+01    9.9236540153e-01    9.9800399202e-01
       224   -4.5346549238e+01    1.5825712077e+00    5.0199092129e+02    5.0200000000e+02    0.0000000000e+00   -4.5325457038e+01    9.9366692776e-01    9.9601593625e-01
       225   -4.5348760415e+01    1.7228846941e+00    5.0309051066e+02    5.0300000000e+02    0.0000000000e+00   -4.5327617110e+01    9.9171236453e-01    9.9602385686e-01
       226   -4.5304126738e+01    1.1469784363e+00    5.0194159772e+02    5.0200000000e+02    0.0000000000e+00   -4.5329811971e+01    9.9387671519e-01    9.9402390438e-01
       227   -4.5330243905e+01    1.1274370716e+00    5.0096579853e+02    5.0100000000e+02    0.0000000000e+00   -4.5327316762e+01    9.9226808891e-01    9.9600798403e-01
       228   -4.5323092800e+01    1.2422206445e+00    4.9998960581e+02    5.0000000000e+02    0.0000000000e+00   -4.5325289504e+01    9.9397039160e-01    9.9400000000e-01
       229   -4.5346418073e+01    1.0553687713e+00    4.9908184180e+02    4.9900000000e+02    0.0000000000e+00   -4.5323224228e+01    9.9207411577e-01    9.9799599198e-01
       230   -4.5326987373e+01    1.3780180681e+00    5.0106894970e+02    5.0100000000e+02    0.0000000000e+00   -4.5321404424e+01    9.9271214656e-01    9.9600798403e-01
       231   -4.5283335011e+01    1.0828692069e+00    5.0090203844e+02    5.0100000000e+02    0.0000000000e+00   -4.5325283394e+01    9.9338134649e-01    9.9800399202e-01
       232   -4.5366981799e+01    1.1431599872e+00    5.0300021934e+02    5.0300000000e+02    0.0000000000e+00   -4.5324650562e+01    9.9455675319e-01    9.9602385686e-01
       233   -4.5396679834e+01    1.8409328873e+00    5.0318570538e+02    5.0300000000e+02    0.0000000000e+00   -4.5328926473e+01    9.9346558160e-01    9.9602385686e-01
       234   -4.5341569030e+01    1.3269163970e+00    5.0208899569e+02    5.0200000000e+02    0.0000000000e+00   -4.5329528900e+01    9.9313596517e-01    9.9402390438e-01
       235   -4.5323361707e+01    1.2847571717e+00    5.0708697820e+02    5.0700000000e+02    0.0000000000e+00   -4.5327322220e+01    9.9177843312e-01    9.9802761341e-01
       236   -4.5398937365e+01    1.5296407365e+00    5.1111954311e+02    5.1100000000e+02    0.0000000000e+00   -4.5337118545e+01    9.9321144586e-01    9.9804305284e-01
       237   -4.5333430322e+01    1.4119424934e+00    5.1209055310e+02    5.1200000000e+02    0.0000000000e+00   -4.5345279950e+01    9.9348092963e-01    9.9218750000e-01
       238   -4.5374284180e+01    1.7075868540e+00    5.1002736601e+02    5.1000000000e+02    0.0000000000e+00   -4.5347115667e+01    9.9320127910e-01    9.9215686275e-01
       239   -4.5314996111e+01    1.5364016917e+00    5.0701677782e+02    5.0700000000e+02    0.0000000000e+00   -4.5343203444e+01    9.9439207510e-01    9.9605522682e-01
       240   -4.5363699908e+01    1.3739084904e+00    5.0601167015e+02    5.0600000000e+02    0.0000000000e+00   -4.5337137395e+01    9.9531989343e-01    9.9209486166e-01
       241   -4.5388498692e+01    1.5837048410e+00    5.0624764663e+02    5.0600000000e+02    0.0000000000e+00   -4.5335228968e+01    9.9467824331e-01    1.0000000000e+00
       242   -4.5342838658e+01    1.5052314663e+00    5.0813565704e+02    5.0800000000e+02    0.0000000000e+00   -4.5335882164e+01    9.9436357798e-01    9.9409448819e-01
       243   -4.5421629516e+01    1.5348958331e+00    5.0620186571e+02    5.0600000000e+02    0.0000000000e+00   -4.5339585176e+01    9.9357168366e-01    1.0000000000e+00
       244   -4.5423583103e+01    1.5882140343e+00    5.0741502494e+02    5.0700000000e+02    0.0000000000e+00   -4.5336104704e+01    9.9322907176e-01    1.0000000000e+00
       245   -4.5387469937e+01    1.5019483947e+00    5.1030729075e+02    5.1000000000e+02    0.0000000000e+00   -4.5338836603e+01    9.9305898418e-01    9.9607843137e-01
       246   -4.5453792670e+01    1.3375035397e+00    5.0937182464e+02    5.0900000000e+02    0.0000000000e+00   -4.5344695809e+01    9.9275493038e-01    9.9803536346e-01
       247   -4.5426251082e+01    1.2189038143e+00    5.1351833657e+02    5.1300000000e+02    0.0000000000e+00   -4.5343326999e+01    9.9218441815e-01    9.9610136452e-01
       248   -4.5378457819e+01    1.4288798705e+00    5.1526583634e+02    5.1500000000e+02    0.0000000000e+00   -4.5351775617e+01    9.9407060546e-01    1.0000000000e+00
       249   -4.5382723982e+01    1.3838902797e+00    5.1509968963e+02    5.1500000000e+02    0.0000000000e+00   -4.5355302280e+01    9.9401582202e-01    9.9805825243e-01
       250   -4.5429548760e+01    1.3445775557e+00    5.1524165776e+02    5.1500000000e+02    0.0000000000e+00   -4.5355126650e+01    9.9404769661e-01    9.9611650485e-01
       251   -4.5370265982e+01    1.4704618579e+00    5.1422185103e+02    5.1400000000e+02    0.0000000000e+00   -4.5355750527e+01    9.9214621586e-01    9.9416342412e-01
       252   -4.5383664326e+01    1.6942457304e+00    5.1412408938e+02    5.1400000000e+02    0.0000000000e+00   -4.5353859058e+01    9.9391191026e-01    9.9805447471e-01
       253   -4.5427194237e+01    2.0127403236e+00    5.1624995729e+02    5.1600000000e+02    0.0000000000e+00   -4.5353815429e+01    9.9357498400e-01    9.9224806202e-01
       254   -4.5492995095e+01    1.8222220306e+00    5.1450279004e+02    5.1400000000e+02    0.0000000000e+00   -4.5358273112e+01    9.9299666041e-01    9.9416342412e-01
       255   -4.5466118910e+01    1.4404211309e+00    5.1463660034e+02    5.1400000000e+02    0.0000000000e+00   -4.5355491490e+01    9.9260656632e-01    9.9805447471e-01
       256   -4.5453172893e+01    2.0584795690e+00    5.1642069670e+02    5.1600000000e+02    0.0000000000e+00   -4.5356240956e+01    9.9311144290e-01    9.9806201550e-01
       257   -4.5451623262e+01    1.5044535681e+00    5.1835975756e+02    5.1800000000e+02    0.0000000000e+00   -4.5360132340e+01    9.9191063471e-01    9.9806949807e-01
       258   -4.5386310124e+01    1.4188253549e+00    5.2027036084e+02    5.2000000000e+02    0.0000000000e+00   -4.5364300654e+01    9.9484844489e-01    9.9615384615e-01
       259   -4.5399709771e+01    1.5644709553e+00    5.2113928806e+02    5.2100000000e+02    0.0000000000e+00   -4.5368123484e+01    9.9297610348e-01    9.9808061420e-01
       260   -4.5392983327e+01    1.4530757353e+00    5.2311830729e+02    5.2300000000e+02    0.0000000000e+00   -4.5369990612e+01    9.9383980881e-01    9.9808795411e-01
       261   -4.5368572210e+01    1.4691562363e+00    5.2503209767e+02    5.2500000000e+02    0.0000000000e+00   -4.5373949725e+01    9.9287921686e-01    1.0000000000e+00
       262   -4.5403821889e+01    1.8061107330e+00    5.2501050585e+02    5.2500000000e+02    0.0000000000e+00   -4.5377668029e+01    9.9529470093e-01    1.0000000000e+00
       263   -4.5383769727e+01    1.4963397475e+00    5.2605130210e+02    5.2600000000e+02    0.0000000000e+00   -4.5377837968e+01    9.9287225829e-01    9.9619771863e-01
       264   -4.5353568250e+01    1.3554338364e+00    5.2796874450e+02    5.2800000000e+02    0.0000000000e+00   -4.5379945588e+01    9.9287391958e-01    9.9810606061e-01
       265   -4.5293828959e+01    1.5963155628e+00    5.2867515608e+02    5.2900000000e+02    0.0000000000e+00   -4.5383586777e+01    9.9274965139e-01    9.9621928166e-01
       266   -4.5350087649e+01    1.1916257198e+00    5.2869286685e+02    5.2900000000e+02    0.0000000000e+00   -4.5384683841e+01    9.9267397722e-01    9.9810964083e-01
       267   -4.5304133421e+01    1.1407567154e+00    5.2867891684e+02    5.2900000000e+02    0.0000000000e+00   -4.5384707030e+01    9.9227274157e-01    1.0000000000e+00
       268   -4.5305491001e+01    1.1730162706e+00    5.2956007064e+02    5.3000000000e+02    0.0000000000e+00   -4.5384485118e+01    9.9154504665e-01    9.9811320755e-01
       269   -4.5284275366e+01    1.1617042172e+00    5.2849803758e+02    5.2900000000e+02    0.0000000000e+00   -4.5385961935e+01    9.9448402636e-01    9.9432892250e-01
       270   -4.5302874459e+01    1.1864153942e+00    5.3054748116e+02    5.3100000000e+02    0.0000000000e+00   -4.5383682563e+01    9.9302661030e-01    9.9623352166e-01
       271   -4.5336355125e+01    1.4146601300e+00    5.3365701953e+02    5.3400000000e+02    0.0000000000e+00   -4.5387357335e+01    9.9515201137e-01    9.9625468165e-01
       272   -4.5325261333e+01    1.1969456157e+00    5.3468561628e+02    5.3500000000e+02    0.0000000000e+00   -4.5393140045e+01    9.9372141892e-01    9.9065420561e-01
       273   -4.5357692651e+01    1.2930725389e+00    5.2971226923e+02    5.3000000000e+02    0.0000000000e+00   -4.5394961094e+01    9.9210747208e-01    9.9811320755e-01
       274   -4.5363522030e+01    1.3914981541e+00    5.2986509646e+02    5.3000000000e+02    0.0000000000e+00   -4.5385640084e+01    9.9317371786e-01    9.9811320755e-01
       275   -4.5320828167e+01    1.2923345551e+00    5.3278170430e+02    5.3300000000e+02    0.0000000000e+00   -4.5385975185e+01    9.9200971213e-01    9.9812382739e-01
       276   -4.5330203305e+01    1.3770883496e+00    5.3564718351e+02    5.3600000000e+02    0.0000000000e+00   -4.5391344021e+01    9.9363444936e-01    9.9813432836e-01
       277   -4.5325529684e+01    1.4289907890e+00    5.3561600893e+02    5.3600000000e+02    0.0000000000e+00   -4.5396624858e+01    9.9426381183e-01    9.9813432836e-01
       278   -4.5315439040e+01    1.2975885071e+00    5.3657496114e+02    5.3700000000e+02    0.0000000000e+00   -4.5396466098e+01    9.9417413923e-01    9.9255121043e-01
       279   -4.5334602718e+01    1.5944530707e+00    5.4063673639e+02    5.4100000000e+02    0.0000000000e+00   -4.5398116127e+01    9.9161786694e-01    9.9815157116e-01
       280   -4.5244591395e+01    1.5579405130e+00    5.3934485204e+02    5.4000000000e+02    0.0000000000e+00   -4.5405593471e+01    9.9181974290e-01    9.9259259259e-01
       281   -4.5355543049e+01    1.9142195579e+00    5.3945480248e+02    5.4000000000e+02    0.0000000000e+00   -4.5402792701e+01    9.9179799474e-01    9.9814814815e-01
       282   -4.5267418649e+01    1.3126835041e+00    5.3846885626e+02    5.3900000000e+02    0.0000000000e+00   -4.5403014787e+01    9.9239550676e-01    9.9814471243e-01
       283   -4.5277431654e+01    1.3833465118e+00    5.4230761263e+02    5.4300000000e+02    0.0000000000e+00   -4.5400868479e+01    9.9250619061e-01    9.9447513812e-01
       284   -4.5285858069e+01    1.4340128332e+00    5.4031932896e+02    5.4100000000e+02    0.0000000000e+00   -4.5407695574e+01    9.9340012621e-01    9.9630314233e-01
       285   -4.5316958387e+01    1.5608003971e+00    5.3942962706e+02    5.4000000000e+02    0.0000000000e+00   -4.5403779747e+01    9.9423697043e-01    9.9814814815e-01
       286   -4.5271335651e+01    1.3670421846e+00    5.4140638109e+02    5.4200000000e+02    0.0000000000e+00   -4.5402007761e+01    9.9342609052e-01    9.9261992620e-01
       287   -4.5281285949e+01    1.3531838452e+00    5.4031005490e+02    5.4100000000e+02    0.0000000000e+00   -4.5405371640e+01    9.9516890346e-01    9.9630314233e-01
       288   -4.5299507057e+01    1.5227769935e+00    5.4039249001e+02    5.4100000000e+02    0.0000000000e+00   -4.5403090000e+01    9.9247668630e-01    9.9630314233e-01
       289   -4.5291815449e+01    1.6362873389e+00    5.4242056396e+02    5.4300000000e+02    0.0000000000e+00   -4.5403057561e+01    9.9248140839e-01    9.8895027624e-01
       290   -4.5298802754e+01    1.4063968077e+00    5.4144650858e+02    5.4200000000e+02    0.0000000000e+00   -4.5406591386e+01    9.9331765347e-01    9.9630996310e-01
       291   -4.5290551997e+01    1.4173769895e+00    5.3938727430e+02    5.4000000000e+02    0.0000000000e+00   -4.5404609249e+01    9.9297941355e-01    9.9074074074e-01
       292   -4.5278650572e+01    1.4293329734e+00    5.3437588868e+02    5.3500000000e+02    0.0000000000e+00   -4.5400585048e+01    9.9219880240e-01    9.9626168224e-01
       293   -4.5284770645e+01    1.3946066082e+00    5.3240798057e+02    5.3300000000e+02    0.0000000000e+00   -4.5390994962e+01    9.9438877470e-01    9.8874296435e-01
       294   -4.5279177413e+01    1.5759557693e+00    5.3048918601e+02    5.3100000000e+02    0.0000000000e+00   -4.5387073968e+01    9.9379062303e-01    9.9811676083e-01
       295   -4.5286967983e+01    2.1319492634e+00    5.3144412934e+02    5.3200000000e+02    0.0000000000e+00   -4.5383213243e+01    9.9383105562e-01    9.9436090226e-01
       296   -4.5358024991e+01    1.5365156011e+00    5.3169085762e+02    5.3200000000e+02    0.0000000000e+00   -4.5384791561e+01    9.9207378485e-01    9.9812030075e-01
       297   -4.5356168432e+01    1.6871302571e+00    5.3385498250e+02    5.3400000000e+02    0.0000000000e+00   -4.5385293644e+01    9.9398782931e-01    1.0000000000e+00
       298   -4.5322368832e+01    1.3995064433e+00    5.3773295610e+02    5.3800000000e+02    0.0000000000e+00   -4.5389386632e+01    9.9325339139e-01    9.9256505576e-01
       299   -4.5349997310e+01    1.6413401445e+00    5.3870524967e+02    5.3900000000e+02    0.0000000000e+00   -4.5396534083e+01    9.9337274727e-01    9.9814471243e-01
