#   index    LocalEnergy         LocalEnergy_sq      LocalPotential      Kinetic             LocalECP            NonLocalECP         ElecElec            IonIon              MPC                 BlockWeight         BlockCPU            AcceptRatio         
         0   -4.5756644400e+01    2.0949790448e+03   -8.0617790225e+01    3.4861145826e+01   -2.1291496432e+01    3.5188503682e+00   -1.1742466080e+01   -5.1102678081e+01   -1.1456474073e+01    5.1193086415e+02    7.2321242000e-01    9.9633789062e-01
         1   -4.5757601826e+01    2.0950382523e+03   -8.0768740773e+01    3.5011138948e+01   -2.1599117372e+01    3.6979189959e+00   -1.1764864316e+01   -5.1102678081e+01   -1.1480034689e+01    5.1200225002e+02    7.0893353700e-01    9.9652099609e-01
         2   -4.5802584731e+01    2.0996276616e+03   -8.0209323801e+01    3.4406739070e+01   -2.1423816457e+01    4.0603304060e+00   -1.1743159669e+01   -5.1102678081e+01   -1.1458253377e+01    5.1211667920e+02    7.1722638700e-01    9.9621582031e-01
         3   -4.5759005268e+01    2.0952450684e+03   -8.0385949248e+01    3.4626943980e+01   -2.1412139164e+01    3.7268022685e+00   -1.1597934271e+01   -5.1102678081e+01   -1.1313125412e+01    5.1075511613e+02    6.9826502500e-01    9.9626956947e-01
         4   -4.5793827760e+01    2.0982379287e+03   -8.0561964739e+01    3.4768136980e+01   -2.1337375916e+01    3.5209183313e+00   -1.1642829074e+01   -5.1102678081e+01   -1.1362934841e+01    5.1536118008e+02    7.1396113400e-01    9.9574416342e-01
         5   -4.5853392232e+01    2.1037052102e+03   -8.0494518901e+01    3.4641126669e+01   -2.1162988402e+01    3.3724675199e+00   -1.1601319937e+01   -5.1102678081e+01   -1.1322586997e+01    5.1580768535e+02    7.0424496300e-01    9.9632707129e-01
         6   -4.5860808574e+01    2.1046439821e+03   -8.0680782197e+01    3.4819973623e+01   -2.1484520402e+01    3.5412406451e+00   -1.1634824359e+01   -5.1102678081e+01   -1.1354699152e+01    5.0926098130e+02    6.9600327400e-01    9.9677144250e-01
         7   -4.5799923857e+01    2.0988885258e+03   -8.0661831485e+01    3.4861907628e+01   -2.1568540178e+01    3.6891941819e+00   -1.1679807408e+01   -5.1102678081e+01   -1.1399492114e+01    5.1255566570e+02    7.0198696300e-01    9.9564950980e-01
         8   -4.5841798598e+01    2.1028939192e+03   -8.0862681558e+01    3.5020882960e+01   -2.1602836897e+01    3.4988006397e+00   -1.1655967220e+01   -5.1102678081e+01   -1.1372531748e+01    5.0957146775e+02    7.0989785000e-01    9.9595588235e-01
         9   -4.5802721027e+01    2.0992320647e+03   -8.0787315825e+01    3.4984594798e+01   -2.1422710724e+01    3.3886992214e+00   -1.1650626242e+01   -5.1102678081e+01   -1.1372879944e+01    5.1530228904e+02    7.9327191100e-01    9.9664961014e-01
        10   -4.5869472434e+01    2.1060086979e+03   -8.0370246956e+01    3.4500774522e+01   -2.1365749789e+01    3.7512683208e+00   -1.1653087406e+01   -5.1102678081e+01   -1.1375545631e+01    5.1187369480e+02    6.9711059200e-01    9.9538834951e-01
        11   -4.5756232604e+01    2.0951010222e+03   -8.0862035536e+01    3.5105802932e+01   -2.1267331027e+01    3.1137047145e+00   -1.1605731142e+01   -5.1102678081e+01   -1.1328427376e+01    5.0981936578e+02    6.9033279800e-01    9.9650735294e-01
        12   -4.5818410307e+01    2.1005689062e+03   -8.0483658268e+01    3.4665247961e+01   -2.1140116444e+01    3.3134947583e+00   -1.1554358501e+01   -5.1102678081e+01   -1.1278926261e+01    5.1231988116e+02    6.8925959800e-01    9.9712009804e-01
        13   -4.5806690473e+01    2.1002755584e+03   -8.0596724244e+01    3.4790033771e+01   -2.0943308763e+01    3.0168097439e+00   -1.1567547144e+01   -5.1102678081e+01   -1.1296225873e+01    5.1263378286e+02    7.0010779300e-01    9.9597953216e-01
        14   -4.5807626589e+01    2.0995285714e+03   -8.0099652340e+01    3.4292025751e+01   -2.0834935412e+01    3.3969236167e+00   -1.1558962463e+01   -5.1102678081e+01   -1.1287371404e+01    5.1336124512e+02    6.9778730400e-01    9.9574416342e-01
        15   -4.5853993239e+01    2.1038259188e+03   -8.0223959705e+01    3.4369966465e+01   -2.0781166820e+01    3.1867275029e+00   -1.1526842307e+01   -5.1102678081e+01   -1.1254324794e+01    5.0975997574e+02    6.9236366000e-01    9.9578033268e-01
        16   -4.5871749401e+01    2.1055031425e+03   -8.0220392990e+01    3.4348643589e+01   -2.0784079655e+01    3.1794227721e+00   -1.1513058027e+01   -5.1102678081e+01   -1.1234630420e+01    5.1328256021e+02    6.9392521500e-01    9.9675880626e-01
        17   -4.5933702589e+01    2.1114238363e+03   -8.0110348688e+01    3.4176646099e+01   -2.0786627036e+01    3.3734068113e+00   -1.1594450382e+01   -5.1102678081e+01   -1.1314503421e+01    5.1089226126e+02    6.9286528800e-01    9.9615478516e-01
        18   -4.5886186817e+01    2.1068314410e+03   -8.0519545158e+01    3.4633358342e+01   -2.0848779174e+01    3.0804411971e+00   -1.1648529101e+01   -5.1102678081e+01   -1.1369497908e+01    5.1097210835e+02    6.8829692500e-01    9.9583333333e-01
        19   -4.5899468296e+01    2.1079814436e+03   -8.0427362833e+01    3.4527894537e+01   -2.0850173395e+01    3.1108226990e+00   -1.1585334056e+01   -5.1102678081e+01   -1.1306992466e+01    5.1004729288e+02    7.7832277200e-01    9.9607072692e-01
        20   -4.5911486882e+01    2.1092747586e+03   -8.0509628453e+01    3.4598141572e+01   -2.0941048870e+01    3.1246112488e+00   -1.1590512751e+01   -5.1102678081e+01   -1.1313233960e+01    5.1095592449e+02    6.8973319000e-01    9.9662328094e-01
        21   -4.5853817261e+01    2.1037462307e+03   -8.0356596279e+01    3.4502779017e+01   -2.0808215752e+01    3.1582209162e+00   -1.1603923362e+01   -5.1102678081e+01   -1.1325854457e+01    5.0889150936e+02    7.4099759100e-01    9.9711444008e-01
        22   -4.5902565334e+01    2.1083263340e+03   -8.0295608995e+01    3.4393043662e+01   -2.0734968671e+01    3.2385523085e+00   -1.1696514551e+01   -5.1102678081e+01   -1.1418936320e+01    5.1103355594e+02    6.9138358700e-01    9.9547455969e-01
        23   -4.5829025751e+01    2.1016752917e+03   -8.0340334918e+01    3.4511309168e+01   -2.0754591756e+01    3.2109969839e+00   -1.1694062066e+01   -5.1102678081e+01   -1.1415561460e+01    5.0987869033e+02    6.9471766500e-01    9.9613970588e-01
        24   -4.5873066491e+01    2.1059548966e+03   -8.0344992027e+01    3.4471925536e+01   -2.0942519695e+01    3.3416786768e+00   -1.1641472928e+01   -5.1102678081e+01   -1.1365786784e+01    5.1190526025e+02    6.9969165200e-01    9.9591064453e-01
        25   -4.5875947968e+01    2.1059085203e+03   -8.0448004859e+01    3.4572056890e+01   -2.1005322357e+01    3.3826748825e+00   -1.1722679303e+01   -5.1102678081e+01   -1.1451181684e+01    5.1602263425e+02    7.1140422500e-01    9.9648740310e-01
        26   -4.5941910185e+01    2.1120108980e+03   -8.0347746840e+01    3.4405836655e+01   -2.1038609157e+01    3.4271738133e+00   -1.1633633416e+01   -5.1102678081e+01   -1.1366099849e+01    5.1510714000e+02    6.9432072400e-01    9.9672330097e-01
        27   -4.5885434473e+01    2.1079027392e+03   -7.9985966615e+01    3.4100532142e+01   -2.1029562833e+01    3.7783662029e+00   -1.1632091904e+01   -5.1102678081e+01   -1.1361140953e+01    5.1611110095e+02    7.1355814800e-01    9.9606346899e-01
        28   -4.5920511620e+01    2.1099342143e+03   -8.0423494254e+01    3.4502982633e+01   -2.1054365812e+01    3.4601039264e+00   -1.1726554287e+01   -5.1102678081e+01   -1.1458973424e+01    5.1602059455e+02    7.1339032700e-01    9.9642684109e-01
        29   -4.5902689151e+01    2.1082730954e+03   -8.0526199580e+01    3.4623510429e+01   -2.1036741985e+01    3.3501352696e+00   -1.1736914783e+01   -5.1102678081e+01   -1.1471355723e+01    5.1307237650e+02    7.9897521200e-01    9.9567495127e-01
        30   -4.5886961418e+01    2.1068145579e+03   -8.0667687662e+01    3.4780726244e+01   -2.1133466603e+01    3.2271559770e+00   -1.1658698955e+01   -5.1102678081e+01   -1.1396536921e+01    5.1600422911e+02    7.0291316900e-01    9.9588178295e-01
        31   -4.5869058000e+01    2.1053428588e+03   -8.0285526275e+01    3.4416468274e+01   -2.1078985172e+01    3.4949542631e+00   -1.1598817285e+01   -5.1102678081e+01   -1.1339530496e+01    5.1389611345e+02    6.9983980900e-01    9.9598735409e-01
        32   -4.5894693041e+01    2.1076689377e+03   -8.0325388130e+01    3.4430695089e+01   -2.1220969805e+01    3.5187143640e+00   -1.1520454608e+01   -5.1102678081e+01   -1.1265130113e+01    5.1093278164e+02    6.9693755900e-01    9.9620841487e-01
        33   -4.5905024345e+01    2.1084556764e+03   -8.0123632947e+01    3.4218608603e+01   -2.1414968369e+01    3.9262541929e+00   -1.1532240690e+01   -5.1102678081e+01   -1.1283717950e+01    5.0907347768e+02    6.9219736000e-01    9.9643909627e-01
        34   -4.5888752768e+01    2.1070892763e+03   -8.0119826292e+01    3.4231073524e+01   -2.1417526788e+01    3.9862599070e+00   -1.1585881330e+01   -5.1102678081e+01   -1.1341931472e+01    5.0904009431e+02    6.9174192600e-01    9.9570235756e-01
        35   -4.5857915304e+01    2.1042162512e+03   -8.0321089966e+01    3.4463174663e+01   -2.1407069586e+01    3.8397005678e+00   -1.1651042867e+01   -5.1102678081e+01   -1.1399821566e+01    5.0694921361e+02    6.8632128800e-01    9.9574704142e-01
        36   -4.5851157370e+01    2.1034037746e+03   -8.0285537601e+01    3.4434380231e+01   -2.1305412357e+01    3.7775966663e+00   -1.1655043830e+01   -5.1102678081e+01   -1.1400208040e+01    5.0886497435e+02    6.9207989900e-01    9.9631630648e-01
        37   -4.5812063563e+01    2.1001819883e+03   -8.0280599972e+01    3.4468536408e+01   -2.1249925567e+01    3.7256426952e+00   -1.1653639019e+01   -5.1102678081e+01   -1.1405425888e+01    5.0377509300e+02    6.9249488400e-01    9.9553571429e-01
        38   -4.5838453531e+01    2.1023948334e+03   -8.0765273681e+01    3.4926820149e+01   -2.1287525636e+01    3.2639595650e+00   -1.1639029528e+01   -5.1102678081e+01   -1.1389997356e+01    5.0180833153e+02    6.9853749700e-01    9.9614043825e-01
        39   -4.5920829342e+01    2.1100339525e+03   -8.0556069156e+01    3.4635239814e+01   -2.1232332170e+01    3.4176311142e+00   -1.1638690019e+01   -5.1102678081e+01   -1.1389553648e+01    5.0013556001e+02    7.7542514200e-01    9.9668750000e-01
        40   -4.5913391709e+01    2.1093213578e+03   -8.0375331677e+01    3.4461939968e+01   -2.1292437641e+01    3.6320106535e+00   -1.1612226608e+01   -5.1102678081e+01   -1.1363456562e+01    4.9828999258e+02    6.8341132900e-01    9.9585843373e-01
        41   -4.5871886287e+01    2.1056315130e+03   -8.0679784493e+01    3.4807898207e+01   -2.1254077158e+01    3.2968929298e+00   -1.1619922184e+01   -5.1102678081e+01   -1.1366020402e+01    5.0017769843e+02    6.7555791700e-01    9.9718750000e-01
        42   -4.5872673925e+01    2.1058278471e+03   -8.0526493851e+01    3.4653819925e+01   -2.1074042401e+01    3.2761460099e+00   -1.1625919379e+01   -5.1102678081e+01   -1.1376654635e+01    5.0811515949e+02    6.9397545600e-01    9.9563238189e-01
        43   -4.5899805981e+01    2.1081220124e+03   -8.0682408557e+01    3.4782602576e+01   -2.1394438882e+01    3.4488967805e+00   -1.1634188374e+01   -5.1102678081e+01   -1.1378808471e+01    5.0804806785e+02    6.9111530900e-01    9.9532480315e-01
        44   -4.5879140518e+01    2.1063096828e+03   -8.0830388377e+01    3.4951247859e+01   -2.1045863549e+01    2.9299126398e+00   -1.1611759387e+01   -5.1102678081e+01   -1.1349563098e+01    5.1109345787e+02    7.0519292900e-01    9.9614726027e-01
        45   -4.5871044447e+01    2.1053937656e+03   -8.0413886975e+01    3.4542842528e+01   -2.1044146987e+01    3.3399686821e+00   -1.1607030589e+01   -5.1102678081e+01   -1.1344919467e+01    5.1196878836e+02    6.9720180700e-01    9.9603271484e-01
        46   -4.5924785374e+01    2.1102847616e+03   -8.0259419135e+01    3.4334633761e+01   -2.1079481554e+01    3.5749109081e+00   -1.1652170408e+01   -5.1102678081e+01   -1.1387807274e+01    5.1410996593e+02    6.9378461600e-01    9.9550097276e-01
        47   -4.5886822665e+01    2.1067936875e+03   -8.0366656684e+01    3.4479834020e+01   -2.1049456818e+01    3.4205603707e+00   -1.1635082156e+01   -5.1102678081e+01   -1.1372419127e+01    5.1309133434e+02    6.9575542300e-01    9.9524853801e-01
        48   -4.5903895542e+01    2.1084267577e+03   -8.0801342450e+01    3.4897446908e+01   -2.1303003867e+01    3.2476294135e+00   -1.1643289915e+01   -5.1102678081e+01   -1.1372101955e+01    5.1204831336e+02    6.9873456900e-01    9.9621582031e-01
        49   -4.5916848961e+01    2.1098229241e+03   -8.0912006541e+01    3.4995157581e+01   -2.1217685447e+01    3.0672589369e+00   -1.1658901950e+01   -5.1102678081e+01   -1.1390298298e+01    5.1314930927e+02    8.1273156300e-01    9.9677144250e-01
        50   -4.5853896214e+01    2.1038286159e+03   -8.0568219567e+01    3.4714323353e+01   -2.1048361751e+01    3.2408350946e+00   -1.1658014830e+01   -5.1102678081e+01   -1.1384486421e+01    5.1497018728e+02    7.1758844500e-01    9.9623786408e-01
        51   -4.5803916964e+01    2.0992102106e+03   -8.0245657935e+01    3.4441740971e+01   -2.0984116884e+01    3.4668172210e+00   -1.1625680190e+01   -5.1102678081e+01   -1.1348327563e+01    5.1270106198e+02    7.1743992100e-01    9.9579678363e-01
        52   -4.5836150323e+01    2.1021981133e+03   -8.0252935871e+01    3.4416785548e+01   -2.0798131849e+01    3.2984181955e+00   -1.1650544136e+01   -5.1102678081e+01   -1.1375660994e+01    5.1168898245e+02    7.1797337400e-01    9.9658203125e-01
        53   -4.5805932052e+01    2.0997138259e+03   -8.0468529734e+01    3.4662597682e+01   -2.0626243837e+01    2.9133560492e+00   -1.1652963865e+01   -5.1102678081e+01   -1.1383668736e+01    5.1470902994e+02    7.2174251000e-01    9.9623786408e-01
        54   -4.5878714688e+01    2.1060149622e+03   -8.0119151217e+01    3.4240436529e+01   -2.0442536581e+01    3.0887885382e+00   -1.1662725093e+01   -5.1102678081e+01   -1.1393331937e+01    5.1276715375e+02    7.1632248800e-01    9.9597953216e-01
        55   -4.5895079648e+01    2.1077825789e+03   -8.0095747503e+01    3.4200667855e+01   -2.0514530446e+01    3.1724969530e+00   -1.1651035929e+01   -5.1102678081e+01   -1.1388123606e+01    5.1203397702e+02    7.1328630200e-01    9.9621582031e-01
        56   -4.5910669365e+01    2.1090800638e+03   -7.9960874730e+01    3.4050205366e+01   -2.0549787305e+01    3.3491306236e+00   -1.1657539968e+01   -5.1102678081e+01   -1.1394173242e+01    5.1410493110e+02    7.1174054100e-01    9.9562256809e-01
        57   -4.5909068940e+01    2.1090320615e+03   -7.9903839825e+01    3.3994770885e+01   -2.0496848714e+01    3.4042992730e+00   -1.1708612303e+01   -5.1102678081e+01   -1.1440941634e+01    5.1715272482e+02    7.0931531600e-01    9.9576885880e-01
        58   -4.5910789381e+01    2.1091101846e+03   -8.0246092336e+01    3.4335302955e+01   -2.0691289813e+01    3.2260141160e+00   -1.1678138558e+01   -5.1102678081e+01   -1.1408710178e+01    5.1810196628e+02    7.1125032900e-01    9.9674227799e-01
        59   -4.5952659756e+01    2.1128895934e+03   -8.0174875330e+01    3.4222215573e+01   -2.0861036855e+01    3.4003043613e+00   -1.1611464755e+01   -5.1102678081e+01   -1.1340143799e+01    5.1722607865e+02    8.0876135000e-01    9.9540618956e-01
        60   -4.5935277407e+01    2.1114297367e+03   -8.0075670015e+01    3.4140392608e+01   -2.0759076321e+01    3.4465213975e+00   -1.1660437010e+01   -5.1102678081e+01   -1.1391497469e+01    5.1327394845e+02    7.1323731400e-01    9.9622319688e-01
        61   -4.5912815048e+01    2.1094177296e+03   -8.0207834718e+01    3.4295019671e+01   -2.1007122769e+01    3.5498621738e+00   -1.1647896042e+01   -5.1102678081e+01   -1.1385432824e+01    5.1517332661e+02    7.1754055200e-01    9.9587378641e-01
        62   -4.5966808137e+01    2.1143936736e+03   -8.0220149765e+01    3.4253341628e+01   -2.1009483815e+01    3.5731657644e+00   -1.1681153634e+01   -5.1102678081e+01   -1.1424026060e+01    5.2125410406e+02    7.2685755500e-01    9.9664107486e-01
        63   -4.5924425872e+01    2.1101808035e+03   -8.0256537025e+01    3.4332111153e+01   -2.1204916533e+01    3.6819124387e+00   -1.1630854849e+01   -5.1102678081e+01   -1.1374753260e+01    5.2123031160e+02    7.7177226800e-01    9.9538147793e-01
        64   -4.5904407836e+01    2.1085704118e+03   -8.0344070423e+01    3.4439662587e+01   -2.1175537462e+01    3.5114360327e+00   -1.1577290912e+01   -5.1102678081e+01   -1.1320852703e+01    5.2002298443e+02    7.1939577600e-01    9.9603365385e-01
        65   -4.5851910665e+01    2.1037237503e+03   -8.0682636333e+01    3.4830725668e+01   -2.1439534798e+01    3.5006139199e+00   -1.1641037374e+01   -5.1102678081e+01   -1.1389537277e+01    5.1785386253e+02    7.2633602700e-01    9.9625965251e-01
        66   -4.5886616311e+01    2.1068931594e+03   -8.0485368064e+01    3.4598751753e+01   -2.1260070867e+01    3.4808591274e+00   -1.1603478244e+01   -5.1102678081e+01   -1.1346553562e+01    5.1783579483e+02    7.1898154200e-01    9.9595801158e-01
        67   -4.5899878281e+01    2.1082254541e+03   -8.0736952765e+01    3.4837074484e+01   -2.1443485324e+01    3.3857668480e+00   -1.1576556208e+01   -5.1102678081e+01   -1.1323856417e+01    5.1798045347e+02    7.1131238000e-01    9.9565637066e-01
        68   -4.5907078110e+01    2.1090878754e+03   -8.0763652389e+01    3.4856574278e+01   -2.1665567172e+01    3.6005247018e+00   -1.1595931837e+01   -5.1102678081e+01   -1.1342242899e+01    5.1801149892e+02    7.1031131900e-01    9.9601833977e-01
        69   -4.5894806304e+01    2.1077921534e+03   -8.0746858467e+01    3.4852052163e+01   -2.1518981192e+01    3.4988429604e+00   -1.1624042154e+01   -5.1102678081e+01   -1.1377513594e+01    5.1799878759e+02    8.1351854600e-01    9.9547538610e-01
        70   -4.5865062918e+01    2.1049635431e+03   -8.0789146517e+01    3.4924083599e+01   -2.1465203588e+01    3.3881881358e+00   -1.1609452984e+01   -5.1102678081e+01   -1.1363837694e+01    5.1789947049e+02    7.2359119900e-01    9.9547538610e-01
        71   -4.5888928574e+01    2.1072429015e+03   -8.0624214861e+01    3.4735286287e+01   -2.1384383895e+01    3.4811135540e+00   -1.1618266439e+01   -5.1102678081e+01   -1.1371590311e+01    5.1686202827e+02    7.1819424700e-01    9.9552707930e-01
        72   -4.5907264800e+01    2.1091296631e+03   -8.0430971919e+01    3.4523707119e+01   -2.1334840035e+01    3.6238233456e+00   -1.1617277149e+01   -5.1102678081e+01   -1.1365579343e+01    5.1403236130e+02    7.1944887600e-01    9.9574416342e-01
        73   -4.5869579620e+01    2.1051937776e+03   -8.0334434659e+01    3.4464855039e+01   -2.1182844848e+01    3.5689142582e+00   -1.1617825988e+01   -5.1102678081e+01   -1.1367863304e+01    5.1597182438e+02    7.2876150100e-01    9.9672965116e-01
        74   -4.5883301976e+01    2.1066202243e+03   -8.0678833184e+01    3.4795531208e+01   -2.1396731685e+01    3.4427336587e+00   -1.1622157077e+01   -5.1102678081e+01   -1.1366742335e+01    5.1688789616e+02    7.3728819500e-01    9.9570841393e-01
        75   -4.5835253636e+01    2.1019890357e+03   -8.0721344936e+01    3.4886091300e+01   -2.1242273183e+01    3.2418024451e+00   -1.1618196118e+01   -5.1102678081e+01   -1.1362141496e+01    5.1879935344e+02    7.3827634100e-01    9.9632707129e-01
        76   -4.5916552356e+01    2.1094684436e+03   -8.0483138211e+01    3.4566585854e+01   -2.0969707511e+01    3.3034011516e+00   -1.1714153770e+01   -5.1102678081e+01   -1.1460680779e+01    5.1789422321e+02    7.4281218500e-01    9.9625965251e-01
        77   -4.5873793759e+01    2.1055112609e+03   -8.0202277415e+01    3.4328483657e+01   -2.0773890440e+01    3.3822893098e+00   -1.1707998203e+01   -5.1102678081e+01   -1.1455272062e+01    5.1498987446e+02    7.2059801100e-01    9.9751213592e-01
        78   -4.5944591094e+01    2.1122782869e+03   -8.0232095383e+01    3.4287504289e+01   -2.1018269245e+01    3.5156294033e+00   -1.1626777460e+01   -5.1102678081e+01   -1.1374169972e+01    5.1506771117e+02    7.1834163800e-01    9.9599514563e-01
        79   -4.5957570094e+01    2.1135397685e+03   -8.0198129126e+01    3.4240559032e+01   -2.0928255465e+01    3.5132825245e+00   -1.1680478104e+01   -5.1102678081e+01   -1.1417027313e+01    5.1733057136e+02    8.2540361300e-01    9.9655464217e-01
        80   -4.5892906702e+01    2.1072930454e+03   -8.0094073521e+01    3.4201166819e+01   -2.0711655493e+01    3.4278775525e+00   -1.1707617499e+01   -5.1102678081e+01   -1.1439720931e+01    5.1610894349e+02    7.1727574500e-01    9.9654796512e-01
        81   -4.5865346249e+01    2.1049234834e+03   -8.0533873216e+01    3.4668526967e+01   -2.1087789142e+01    3.3767907079e+00   -1.1720196701e+01   -5.1102678081e+01   -1.1457387252e+01    5.1191053313e+02    7.0715273800e-01    9.9597167969e-01
        82   -4.5830752289e+01    2.1016639096e+03   -8.0309319205e+01    3.4478566916e+01   -2.0850380145e+01    3.3147684709e+00   -1.1671029449e+01   -5.1102678081e+01   -1.1409077613e+01    5.1284181049e+02    7.0076886500e-01    9.9610136452e-01
        83   -4.5838742286e+01    2.1023996953e+03   -8.0352471773e+01    3.4513729488e+01   -2.0854584404e+01    3.2592857792e+00   -1.1654495068e+01   -5.1102678081e+01   -1.1393428193e+01    5.1270658535e+02    7.0476083600e-01    9.9555311891e-01
        84   -4.5872699077e+01    2.1056225948e+03   -8.0437233846e+01    3.4564534768e+01   -2.0904671737e+01    3.2234348428e+00   -1.1653318870e+01   -5.1102678081e+01   -1.1391721045e+01    5.0982339551e+02    6.9470213800e-01    9.9656862745e-01
        85   -4.5846740245e+01    2.1031461636e+03   -8.0236744115e+01    3.4390003870e+01   -2.0973309471e+01    3.5439577589e+00   -1.1704714322e+01   -5.1102678081e+01   -1.1446470556e+01    5.0886969943e+02    6.9489307000e-01    9.9662328094e-01
        86   -4.5837318949e+01    2.1024582445e+03   -8.0304072906e+01    3.4466753957e+01   -2.1109286454e+01    3.6235209900e+00   -1.1715629360e+01   -5.1102678081e+01   -1.1453274694e+01    5.1180266053e+02    6.9473516700e-01    9.9664306641e-01
        87   -4.5857926944e+01    2.1042203962e+03   -8.0229647496e+01    3.4371720552e+01   -2.1145939428e+01    3.6843914223e+00   -1.1665421410e+01   -5.1102678081e+01   -1.1397180347e+01    5.1380643211e+02    7.0684843400e-01    9.9525778210e-01
        88   -4.5899074591e+01    2.1079128724e+03   -8.0413484637e+01    3.4514410046e+01   -2.1167196596e+01    3.5128382489e+00   -1.1656448209e+01   -5.1102678081e+01   -1.1392434601e+01    5.0997285838e+02    7.0034874200e-01    9.9607843137e-01
        89   -4.5893574518e+01    2.1076606812e+03   -8.0124805337e+01    3.4231230818e+01   -2.1060459584e+01    3.7564631308e+00   -1.1718130803e+01   -5.1102678081e+01   -1.1453066924e+01    5.0706861336e+02    7.7749082200e-01    9.9636341223e-01
        90   -4.5874105565e+01    2.1057282201e+03   -8.0314998403e+01    3.4440892838e+01   -2.1017573225e+01    3.4197929912e+00   -1.1614540088e+01   -5.1102678081e+01   -1.1349881613e+01    5.0504263325e+02    6.9578201000e-01    9.9603960396e-01
        91   -4.5759146097e+01    2.0950912083e+03   -8.0273571600e+01    3.4514425503e+01   -2.0942403298e+01    3.3938484189e+00   -1.1622338639e+01   -5.1102678081e+01   -1.1350126877e+01    5.0471562209e+02    7.1143060000e-01    9.9678217822e-01
        92   -4.5865959345e+01    2.1049262724e+03   -8.0341249876e+01    3.4475290531e+01   -2.1065803957e+01    3.4282149081e+00   -1.1600982746e+01   -5.1102678081e+01   -1.1326923219e+01    5.0369968652e+02    6.8386015300e-01    9.9714781746e-01
        93   -4.5847343516e+01    2.1030837473e+03   -8.0170187036e+01    3.4322843519e+01   -2.1181608447e+01    3.5979139091e+00   -1.1483814416e+01   -5.1102678081e+01   -1.1207764031e+01    5.0794005127e+02    6.9834009800e-01    9.9526328740e-01
        94   -4.5890141592e+01    2.1070354913e+03   -8.0757478935e+01    3.4867337343e+01   -2.1414396175e+01    3.4126709211e+00   -1.1653075600e+01   -5.1102678081e+01   -1.1375363941e+01    5.0695305383e+02    6.9211888900e-01    9.9630177515e-01
        95   -4.5872573303e+01    2.1054284162e+03   -8.0555799270e+01    3.4683225967e+01   -2.1405823089e+01    3.6256695992e+00   -1.1672967699e+01   -5.1102678081e+01   -1.1400029938e+01    5.1204572613e+02    7.1378612900e-01    9.9658203125e-01
        96   -4.5864525680e+01    2.1048515854e+03   -8.0416877894e+01    3.4552352214e+01   -2.1274641254e+01    3.5733404995e+00   -1.1612899059e+01   -5.1102678081e+01   -1.1338610634e+01    5.1497185977e+02    7.1342570900e-01    9.9629854369e-01
        97   -4.5857195204e+01    2.1041345680e+03   -8.0365766258e+01    3.4508571055e+01   -2.1387533598e+01    3.5966870675e+00   -1.1472241646e+01   -5.1102678081e+01   -1.1198536407e+01    5.1488403599e+02    7.1486954300e-01    9.9581310680e-01
        98   -4.5887062642e+01    2.1069819287e+03   -8.0162649366e+01    3.4275586724e+01   -2.1216235668e+01    3.6737005378e+00   -1.1517436155e+01   -5.1102678081e+01   -1.1247128431e+01    5.1691368178e+02    7.2243990200e-01    9.9661508704e-01
        99   -4.5916075035e+01    2.1095536377e+03   -8.0014717378e+01    3.4098642342e+01   -2.1233608031e+01    3.8933985180e+00   -1.1571829784e+01   -5.1102678081e+01   -1.1308058441e+01    5.2004637130e+02    8.2640817600e-01    9.9615384615e-01
       100   -4.5990579642e+01    2.1165914564e+03   -7.9808307013e+01    3.3817727371e+01   -2.1006757134e+01    3.9205433063e+00   -1.1619415104e+01   -5.1102678081e+01   -1.1355249148e+01    5.2427026522e+02    7.4320841000e-01    9.9552719466e-01
       101   -4.5974967414e+01    2.1149773820e+03   -7.9678591643e+01    3.3703624229e+01   -2.1031541893e+01    4.0643497157e+00   -1.1608721384e+01   -5.1102678081e+01   -1.1340432494e+01    5.2240036650e+02    7.3845396700e-01    9.9700670498e-01
       102   -4.5946611026e+01    2.1123280567e+03   -7.9891238924e+01    3.3944627897e+01   -2.0945552190e+01    3.6869125771e+00   -1.1529921229e+01   -5.1102678081e+01   -1.1260292606e+01    5.2128765406e+02    7.2099623200e-01    9.9694097889e-01
       103   -4.5910101964e+01    2.1087837976e+03   -8.0136251586e+01    3.4226149622e+01   -2.1037554695e+01    3.6034169656e+00   -1.1599435775e+01   -5.1102678081e+01   -1.1324928270e+01    5.2217398625e+02    7.2297095900e-01    9.9682710728e-01
       104   -4.5841472275e+01    2.1028340122e+03   -7.9828884421e+01    3.3987412147e+01   -2.0869808039e+01    3.7639398325e+00   -1.1620338134e+01   -5.1102678081e+01   -1.1346083234e+01    5.2084607945e+02    7.4443588000e-01    9.9574136276e-01
       105   -4.5880663444e+01    2.1061264561e+03   -7.9906268569e+01    3.4025605124e+01   -2.0969938055e+01    3.7938124477e+00   -1.1627464880e+01   -5.1102678081e+01   -1.1351116771e+01    5.2077856054e+02    7.2616029200e-01    9.9700095969e-01
       106   -4.5905534314e+01    2.1085603547e+03   -8.0019223256e+01    3.4113688941e+01   -2.1008712930e+01    3.7753353160e+00   -1.1683167561e+01   -5.1102678081e+01   -1.1409892353e+01    5.2094522447e+02    7.0630978500e-01    9.9658109405e-01
       107   -4.5951071228e+01    2.1127772047e+03   -8.0122850719e+01    3.4171779491e+01   -2.1087052420e+01    3.7805132395e+00   -1.1713633457e+01   -5.1102678081e+01   -1.1449603536e+01    5.1913546963e+02    7.0798305900e-01    9.9662813102e-01
       108   -4.5905389227e+01    2.1087866073e+03   -8.0098159687e+01    3.4192770460e+01   -2.1105978449e+01    3.8557551823e+00   -1.1745258340e+01   -5.1102678081e+01   -1.1476068262e+01    5.2014807676e+02    7.0780815300e-01    9.9699519231e-01
       109   -4.5905560349e+01    2.1087344156e+03   -7.9932361957e+01    3.4026801608e+01   -2.0911119324e+01    3.8433492655e+00   -1.1761913817e+01   -5.1102678081e+01   -1.1495617666e+01    5.2101282562e+02    8.0272600900e-01    9.9694097889e-01
       110   -4.5953082074e+01    2.1132021159e+03   -7.9813216087e+01    3.3860134013e+01   -2.0960947994e+01    3.9645406371e+00   -1.1714130650e+01   -5.1102678081e+01   -1.1451158086e+01    5.2414032974e+02    7.1529347700e-01    9.9689885496e-01
       111   -4.5911839587e+01    2.1090785506e+03   -8.0057498066e+01    3.4145658479e+01   -2.1004495679e+01    3.8898088761e+00   -1.1840133182e+01   -5.1102678081e+01   -1.1576817822e+01    5.2210692334e+02    7.1775037100e-01    9.9598898467e-01
       112   -4.5844474650e+01    2.1030198794e+03   -8.0045709891e+01    3.4201235241e+01   -2.0794746180e+01    3.6262138334e+00   -1.1774499463e+01   -5.1102678081e+01   -1.1513817342e+01    5.2186934445e+02    7.1622217000e-01    9.9604885057e-01
       113   -4.5933786782e+01    2.1111907420e+03   -7.9943842273e+01    3.4010055491e+01   -2.0679009374e+01    3.5471756235e+00   -1.1709330441e+01   -5.1102678081e+01   -1.1448219182e+01    5.2189247073e+02    7.0889625300e-01    9.9676724138e-01
       114   -4.5860943803e+01    2.1044662721e+03   -7.9770411724e+01    3.3909467922e+01   -2.0577495747e+01    3.7041964382e+00   -1.1794434335e+01   -5.1102678081e+01   -1.1527314660e+01    5.2192821183e+02    7.0703327100e-01    9.9598898467e-01
       115   -4.5858122367e+01    2.1041177266e+03   -8.0085473357e+01    3.4227350990e+01   -2.0960434103e+01    3.6802021009e+00   -1.1702563273e+01   -5.1102678081e+01   -1.1434825586e+01    5.1976232024e+02    7.1033119000e-01    9.9549278846e-01
       116   -4.5909404404e+01    2.1088941898e+03   -8.0096570498e+01    3.4187166095e+01   -2.1217177522e+01    3.7746697403e+00   -1.1551384636e+01   -5.1102678081e+01   -1.1287473597e+01    5.2088835588e+02    7.0926947600e-01    9.9610124760e-01
       117   -4.5962174012e+01    2.1138005865e+03   -7.9994936313e+01    3.4032762301e+01   -2.1164318109e+01    3.8466174072e+00   -1.1574557531e+01   -5.1102678081e+01   -1.1307892716e+01    5.1915711058e+02    6.9984971700e-01    9.9614643545e-01
       118   -4.5969648926e+01    2.1150095413e+03   -8.0048566988e+01    3.4078918062e+01   -2.1267349535e+01    3.7861671238e+00   -1.1464706496e+01   -5.1102678081e+01   -1.1196778715e+01    5.2026447353e+02    7.1631098600e-01    9.9609375000e-01
       119   -4.5923286497e+01    2.1101861542e+03   -8.0010443630e+01    3.4087157133e+01   -2.1099644450e+01    3.6784639522e+00   -1.1486585051e+01   -5.1102678081e+01   -1.1219132467e+01    5.2111901910e+02    7.9713770500e-01    9.9646113244e-01
       120   -4.5878143003e+01    2.1061283755e+03   -8.0010929667e+01    3.4132786664e+01   -2.1029853416e+01    3.6388679663e+00   -1.1517266136e+01   -5.1102678081e+01   -1.1245891408e+01    5.1894432422e+02    7.1319813900e-01    9.9554431599e-01
       121   -4.5886133589e+01    2.1069232550e+03   -8.0137431890e+01    3.4251298301e+01   -2.1091851462e+01    3.6791880277e+00   -1.1622090374e+01   -5.1102678081e+01   -1.1349847827e+01    5.1791036526e+02    7.4147463000e-01    9.9613899614e-01
       122   -4.5935462894e+01    2.1115673566e+03   -8.0127893732e+01    3.4192430838e+01   -2.1092610234e+01    3.6598895138e+00   -1.1592494930e+01   -5.1102678081e+01   -1.1317329427e+01    5.2204808379e+02    7.3125764200e-01    9.9556992337e-01
       123   -4.5879951396e+01    2.1062798687e+03   -8.0273779002e+01    3.4393827606e+01   -2.1281887251e+01    3.6698319491e+00   -1.1559045619e+01   -5.1102678081e+01   -1.1283492722e+01    5.1900973551e+02    7.2307921800e-01    9.9668834297e-01
       124   -4.5888453553e+01    2.1070232213e+03   -8.0371686323e+01    3.4483232770e+01   -2.1155637559e+01    3.4891222562e+00   -1.1602492939e+01   -5.1102678081e+01   -1.1325512167e+01    5.1990498494e+02    7.1661917100e-01    9.9681490385e-01
       125   -4.5874910844e+01    2.1058779853e+03   -8.0172868335e+01    3.4297957491e+01   -2.1067621777e+01    3.4316781889e+00   -1.1434246666e+01   -5.1102678081e+01   -1.1158115438e+01    5.2188190689e+02    7.2096189400e-01    9.9604885057e-01
       126   -4.5873727355e+01    2.1056608046e+03   -8.0203811677e+01    3.4330084322e+01   -2.0975917735e+01    3.4990877383e+00   -1.1624303600e+01   -5.1102678081e+01   -1.1351506729e+01    5.1783620995e+02    7.1336540000e-01    9.9571669884e-01
       127   -4.5859658775e+01    2.1044664646e+03   -8.0277516132e+01    3.4417857357e+01   -2.0891814927e+01    3.3577162573e+00   -1.1640739381e+01   -5.1102678081e+01   -1.1366940451e+01    5.1881960871e+02    8.1138301500e-01    9.9656791908e-01
       128   -4.5939904710e+01    2.1119582023e+03   -8.0243542916e+01    3.4303638207e+01   -2.1183010854e+01    3.6324187433e+00   -1.1590272724e+01   -5.1102678081e+01   -1.1311536390e+01    5.2199076496e+02    7.0958850600e-01    9.9634818008e-01
       129   -4.5895973672e+01    2.1077571831e+03   -8.0377081969e+01    3.4481108297e+01   -2.1117652091e+01    3.5140095347e+00   -1.1670761332e+01   -5.1102678081e+01   -1.1389176354e+01    5.2406568347e+02    8.3209980200e-01    9.9546755725e-01
       130   -4.5895726867e+01    2.1076829583e+03   -8.0146811916e+01    3.4251085050e+01   -2.1029494963e+01    3.5405353323e+00   -1.1555174204e+01   -5.1102678081e+01   -1.1275119290e+01    5.2588450428e+02    7.2567093400e-01    9.9649477186e-01
       131   -4.5899454882e+01    2.1078726701e+03   -8.0000836337e+01    3.4101381456e+01   -2.0827892798e+01    3.5435261970e+00   -1.1613791655e+01   -5.1102678081e+01   -1.1340465446e+01    5.2691062330e+02    7.2554871300e-01    9.9608633776e-01
       132   -4.5957020264e+01    2.1134832176e+03   -7.9930361696e+01    3.3973341432e+01   -2.0858335344e+01    3.6601491511e+00   -1.1629497422e+01   -5.1102678081e+01   -1.1358017048e+01    5.2704337453e+02    7.4098919700e-01    9.9638282732e-01
       133   -4.6002971786e+01    2.1175386084e+03   -8.0012593531e+01    3.4009621745e+01   -2.0881762052e+01    3.4773830149e+00   -1.1505536412e+01   -5.1102678081e+01   -1.1236533367e+01    5.2731943761e+02    7.3952517900e-01    9.9590844402e-01
       134   -4.5968717183e+01    2.1142338934e+03   -8.0130892421e+01    3.4162175239e+01   -2.0928004713e+01    3.4894626812e+00   -1.1589672308e+01   -5.1102678081e+01   -1.1320261704e+01    5.2633080247e+02    7.5007064200e-01    9.9572243346e-01
       135   -4.5957065880e+01    2.1134466706e+03   -8.0623858638e+01    3.4666792759e+01   -2.1263082082e+01    3.3458769655e+00   -1.1603975441e+01   -5.1102678081e+01   -1.1331772944e+01    5.2423113977e+02    7.4051098200e-01    9.9618320611e-01
       136   -4.5909165394e+01    2.1090513600e+03   -8.0288187718e+01    3.4379022324e+01   -2.1057100560e+01    3.5313487418e+00   -1.1659757819e+01   -5.1102678081e+01   -1.1392437648e+01    5.2408681630e+02    7.3631133300e-01    9.9731631679e-01
       137   -4.5949683513e+01    2.1128209777e+03   -8.0294604887e+01    3.4344921374e+01   -2.1355350190e+01    3.8065004812e+00   -1.1643077097e+01   -5.1102678081e+01   -1.1374250946e+01    5.2405932901e+02    7.3368439900e-01    9.9683921756e-01
       138   -4.5896922814e+01    2.1076946047e+03   -8.0287764179e+01    3.4390841365e+01   -2.1284351332e+01    3.7418272301e+00   -1.1642561996e+01   -5.1102678081e+01   -1.1370537022e+01    5.2305349825e+02    7.2678228000e-01    9.9659416826e-01
       139   -4.5877064577e+01    2.1059841808e+03   -8.0445420104e+01    3.4568355527e+01   -2.1232710140e+01    3.5426069489e+00   -1.1652638832e+01   -5.1102678081e+01   -1.1377668433e+01    5.2585038154e+02    8.2404305100e-01    9.9625712928e-01
       140   -4.5845334237e+01    2.1038093912e+03   -8.0954264059e+01    3.5108929821e+01   -2.1393672921e+01    3.2199450901e+00   -1.1677858146e+01   -5.1102678081e+01   -1.1400753442e+01    5.3169282514e+02    7.3123609600e-01    9.9553571429e-01
       141   -4.5923453957e+01    2.1113965766e+03   -8.0599901822e+01    3.4676447865e+01   -2.1372595685e+01    3.5775844715e+00   -1.1702212527e+01   -5.1102678081e+01   -1.1426111033e+01    5.3271929663e+02    7.3002215300e-01    9.9724437148e-01
       142   -4.5860549022e+01    2.1044252651e+03   -8.0323472488e+01    3.4462923466e+01   -2.1284516491e+01    3.7214619240e+00   -1.1657739840e+01   -5.1102678081e+01   -1.1384795963e+01    5.3068503861e+02    7.3077920300e-01    9.9623352166e-01
       143   -4.5951270724e+01    2.1134083361e+03   -8.0119701240e+01    3.4168430516e+01   -2.1205920827e+01    3.8969177692e+00   -1.1708020101e+01   -5.1102678081e+01   -1.1438682458e+01    5.3076709175e+02    7.2999715500e-01    9.9664548023e-01
       144   -4.6008630146e+01    2.1188604757e+03   -8.0086801158e+01    3.4078171011e+01   -2.1248561189e+01    3.8476143052e+00   -1.1583176193e+01   -5.1102678081e+01   -1.1324659838e+01    5.3207606878e+02    7.2985214100e-01    9.9588815789e-01
       145   -4.5933018915e+01    2.1111176393e+03   -8.0344252509e+01    3.4411233594e+01   -2.1382018861e+01    3.7961350273e+00   -1.1655690595e+01   -5.1102678081e+01   -1.1395884035e+01    5.3711260666e+02    7.8335454600e-01    9.9610102421e-01
       146   -4.5922237259e+01    2.1098924755e+03   -8.0301453666e+01    3.4379216407e+01   -2.1273237879e+01    3.6420398416e+00   -1.1567577547e+01   -5.1102678081e+01   -1.1308473307e+01    5.3790518902e+02    7.5762052400e-01    9.9639869888e-01
       147   -4.5920348077e+01    2.1100260089e+03   -8.0449667060e+01    3.4529318983e+01   -2.1293380554e+01    3.6463257209e+00   -1.1699934146e+01   -5.1102678081e+01   -1.1442393491e+01    5.3790062744e+02    7.5410554000e-01    9.9558550186e-01
       148   -4.5949632339e+01    2.1126861523e+03   -8.0107243036e+01    3.4157610697e+01   -2.1255783043e+01    3.8434326903e+00   -1.1592214601e+01   -5.1102678081e+01   -1.1329462258e+01    5.3893400053e+02    7.5035626600e-01    9.9611549165e-01
       149   -4.5930087819e+01    2.1108975538e+03   -8.0419179150e+01    3.4489091331e+01   -2.1217810211e+01    3.5283374704e+00   -1.1627028329e+01   -5.1102678081e+01   -1.1373090074e+01    5.3995578537e+02    8.5053997200e-01    9.9675925926e-01
       150   -4.5962293954e+01    2.1138687238e+03   -8.0193348608e+01    3.4231054654e+01   -2.1266326456e+01    3.8152450300e+00   -1.1639589100e+01   -5.1102678081e+01   -1.1388191834e+01    5.3901252038e+02    7.6470406300e-01    9.9640538033e-01
       151   -4.5954822582e+01    2.1130616602e+03   -8.0208138515e+01    3.4253315934e+01   -2.1119093620e+01    3.7202295702e+00   -1.1706596385e+01   -5.1102678081e+01   -1.1454990768e+01    5.4006744898e+02    7.6815995000e-01    9.9658564815e-01
       152   -4.5965980715e+01    2.1142564139e+03   -8.0422618755e+01    3.4456638040e+01   -2.1191443524e+01    3.5339195962e+00   -1.1662416746e+01   -5.1102678081e+01   -1.1409610680e+01    5.4106616443e+02    7.6379040000e-01    9.9682301294e-01
       153   -4.5901252941e+01    2.1084093987e+03   -8.0246874039e+01    3.4345621098e+01   -2.1223529926e+01    3.7085674082e+00   -1.1629233440e+01   -5.1102678081e+01   -1.1369192010e+01    5.4191836517e+02    7.5301783400e-01    9.9717481550e-01
       154   -4.5942341935e+01    2.1120317248e+03   -8.0351845595e+01    3.4409503660e+01   -2.1125197748e+01    3.4290001978e+00   -1.1552969964e+01   -5.1102678081e+01   -1.1289643242e+01    5.4181456196e+02    7.5788495600e-01    9.9613699262e-01
       155   -4.5953703915e+01    2.1130967731e+03   -8.0277667077e+01    3.4323963163e+01   -2.1289318751e+01    3.5436810414e+00   -1.1429351287e+01   -5.1102678081e+01   -1.1169791795e+01    5.4297426153e+02    7.6221005100e-01    9.9643186004e-01
       156   -4.5860725450e+01    2.1049970156e+03   -8.0158598232e+01    3.4297872783e+01   -2.1446317484e+01    3.7887510913e+00   -1.1398353758e+01   -5.1102678081e+01   -1.1134032966e+01    5.4170407309e+02    7.5459866600e-01    9.9602167897e-01
       157   -4.5968847771e+01    2.1144076702e+03   -8.0198371804e+01    3.4229524032e+01   -2.1186512676e+01    3.5230390460e+00   -1.1432220092e+01   -5.1102678081e+01   -1.1168337386e+01    5.4077266335e+02    7.5235729600e-01    9.9578327172e-01
       158   -4.5908649121e+01    2.1089638192e+03   -8.0202196274e+01    3.4293547154e+01   -2.1140038017e+01    3.5458818218e+00   -1.1505361998e+01   -5.1102678081e+01   -1.1244268614e+01    5.3896183151e+02    7.3817459400e-01    9.9628942486e-01
       159   -4.5908811822e+01    2.1093451689e+03   -8.0205160229e+01    3.4296348407e+01   -2.1286463020e+01    3.7001466262e+00   -1.1516165754e+01   -5.1102678081e+01   -1.1257174939e+01    5.4075711355e+02    8.5366877400e-01    9.9664972274e-01
       160   -4.5905201448e+01    2.1084700001e+03   -8.0357492922e+01    3.4452291474e+01   -2.1317129206e+01    3.4883077717e+00   -1.1425993406e+01   -5.1102678081e+01   -1.1177563663e+01    5.3376900389e+02    7.4195705600e-01    9.9707397004e-01
       161   -4.5988494083e+01    2.1162891714e+03   -8.0120743164e+01    3.4132249081e+01   -2.1187980754e+01    3.6082109236e+00   -1.1438295252e+01   -5.1102678081e+01   -1.1178779648e+01    5.3205576807e+02    7.2953396900e-01    9.9488956767e-01
       162   -4.5997231655e+01    2.1172783665e+03   -8.0111954322e+01    3.4114722666e+01   -2.1267711458e+01    3.7273405856e+00   -1.1468905368e+01   -5.1102678081e+01   -1.1211388835e+01    5.3331232805e+02    7.3783657700e-01    9.9589587242e-01
       163   -4.6017609684e+01    2.1189260445e+03   -8.0152357875e+01    3.4134748190e+01   -2.1394601172e+01    3.8580797329e+00   -1.1513158355e+01   -5.1102678081e+01   -1.1257495728e+01    5.3642046923e+02    7.4118772700e-01    9.9621035448e-01
       164   -4.5992394330e+01    2.1164639186e+03   -8.0416021892e+01    3.4423627562e+01   -2.1411794397e+01    3.6027912381e+00   -1.1504340652e+01   -5.1102678081e+01   -1.1241751173e+01    5.4030393525e+02    7.4616002800e-01    9.9658564815e-01
       165   -4.5953107568e+01    2.1128807209e+03   -8.0476617582e+01    3.4523510014e+01   -2.1258102062e+01    3.3924090431e+00   -1.1508246482e+01   -5.1102678081e+01   -1.1244640067e+01    5.4310217958e+02    7.4856657500e-01    9.9505064457e-01
       166   -4.5978097831e+01    2.1152022633e+03   -8.0510675754e+01    3.4532577923e+01   -2.1148300270e+01    3.3156027195e+00   -1.1575300123e+01   -5.1102678081e+01   -1.1311476714e+01    5.4402566982e+02    7.4778151500e-01    9.9672564338e-01
       167   -4.5964704888e+01    2.1140495905e+03   -8.0358186253e+01    3.4393481365e+01   -2.1248181692e+01    3.4973038212e+00   -1.1504630301e+01   -5.1102678081e+01   -1.1237226618e+01    5.4403303198e+02    7.4346857600e-01    9.9609375000e-01
       168   -4.5993582982e+01    2.1165383121e+03   -8.0509029388e+01    3.4515446406e+01   -2.1292451590e+01    3.4137000829e+00   -1.1527599799e+01   -5.1102678081e+01   -1.1261299999e+01    5.4607789485e+02    7.6323507800e-01    9.9668040293e-01
       169   -4.5935140125e+01    2.1111219830e+03   -8.0498355791e+01    3.4563215666e+01   -2.1307402372e+01    3.4617162945e+00   -1.1549991632e+01   -5.1102678081e+01   -1.1288486415e+01    5.4698723178e+02    8.6144731900e-01    9.9685786106e-01
       170   -4.5926482858e+01    2.1103473730e+03   -8.0388527697e+01    3.4462044839e+01   -2.1375241785e+01    3.6425357690e+00   -1.1553143600e+01   -5.1102678081e+01   -1.1293616913e+01    5.4679550222e+02    7.7522655100e-01    9.9582952468e-01
       171   -4.5956880732e+01    2.1133905723e+03   -8.0421325880e+01    3.4464445149e+01   -2.1450288549e+01    3.6853641207e+00   -1.1553723371e+01   -5.1102678081e+01   -1.1295869750e+01    5.5085417502e+02    7.7278020600e-01    9.9620009074e-01
       172   -4.5941369537e+01    2.1117500252e+03   -8.0470125716e+01    3.4528756178e+01   -2.1290927864e+01    3.5319350816e+00   -1.1608454852e+01   -5.1102678081e+01   -1.1355128193e+01    5.5387833216e+02    7.9563592400e-01    9.9605144404e-01
       173   -4.5928814961e+01    2.1106492927e+03   -8.0349441626e+01    3.4420626665e+01   -2.1454389708e+01    3.8129011403e+00   -1.1605274978e+01   -5.1102678081e+01   -1.1349337368e+01    5.5575821455e+02    7.8469937200e-01    9.9522257194e-01
       174   -4.5929584514e+01    2.1105589105e+03   -8.0577577890e+01    3.4647993376e+01   -2.1100208612e+01    3.2739422668e+00   -1.1648633464e+01   -5.1102678081e+01   -1.1394989735e+01    5.5170908552e+02    7.5850962800e-01    9.9637681159e-01
       175   -4.5924566075e+01    2.1101143860e+03   -8.0461882337e+01    3.4537316262e+01   -2.1181514517e+01    3.4818692535e+00   -1.1659558992e+01   -5.1102678081e+01   -1.1410152712e+01    5.5270186838e+02    7.8119220700e-01    9.9672242315e-01
       176   -4.5950758965e+01    2.1126727368e+03   -8.0571707840e+01    3.4620948875e+01   -2.1265099452e+01    3.4164033664e+00   -1.1620333674e+01   -5.1102678081e+01   -1.1359264837e+01    5.4877546852e+02    7.5901327700e-01    9.9669854281e-01
       177   -4.5949876413e+01    2.1126832600e+03   -8.0742173413e+01    3.4792296999e+01   -2.1581059559e+01    3.4659290636e+00   -1.1524364836e+01   -5.1102678081e+01   -1.1266293047e+01    5.4987349954e+02    7.7261221300e-01    9.9596590909e-01
       178   -4.6020274254e+01    2.1192438576e+03   -8.0879734006e+01    3.4859459752e+01   -2.1648259110e+01    3.3809007779e+00   -1.1509697593e+01   -5.1102678081e+01   -1.1253153542e+01    5.4904739659e+02    7.6272455400e-01    9.9704007286e-01
       179   -4.5977292757e+01    2.1151742227e+03   -8.0784112199e+01    3.4806819442e+01   -2.1686663577e+01    3.5848754321e+00   -1.1579645974e+01   -5.1102678081e+01   -1.1318948883e+01    5.4611947581e+02    8.5510023900e-01    9.9593635531e-01
       180   -4.5918216641e+01    2.1095903178e+03   -8.0838488563e+01    3.4920271922e+01   -2.1382867945e+01    3.2336017207e+00   -1.1586544258e+01   -5.1102678081e+01   -1.1330694763e+01    5.4989030368e+02    7.7806254300e-01    9.9613636364e-01
       181   -4.5870600943e+01    2.1052360791e+03   -8.1099873844e+01    3.5229272901e+01   -2.1503877337e+01    3.1831190059e+00   -1.1676437432e+01   -5.1102678081e+01   -1.1418257056e+01    5.4753240108e+02    7.7967516400e-01    9.9623631387e-01
       182   -4.5842333147e+01    2.1027624768e+03   -8.0944920123e+01    3.5102586976e+01   -2.1575074399e+01    3.3871490235e+00   -1.1654316667e+01   -5.1102678081e+01   -1.1391418662e+01    5.4834153432e+02    7.5576699900e-01    9.9664162113e-01
       183   -4.5853882579e+01    2.1037155644e+03   -8.0889207837e+01    3.5035325257e+01   -2.1615142024e+01    3.5036106363e+00   -1.1674998368e+01   -5.1102678081e+01   -1.1413788053e+01    5.4730983737e+02    7.5194625000e-01    9.9623631387e-01
       184   -4.5879823535e+01    2.1062562225e+03   -8.1015534928e+01    3.5135711393e+01   -2.1704009075e+01    3.4166254993e+00   -1.1625473271e+01   -5.1102678081e+01   -1.1361514837e+01    5.4642088433e+02    7.8626339400e-01    9.9588665448e-01
       185   -4.5908848434e+01    2.1088337464e+03   -8.0843911528e+01    3.4935063094e+01   -2.1602755670e+01    3.5012599747e+00   -1.1639737751e+01   -5.1102678081e+01   -1.1376475513e+01    5.4460250757e+02    7.6285578200e-01    9.9701834862e-01
       186   -4.5869445350e+01    2.1058308267e+03   -8.1081200419e+01    3.5211755069e+01   -2.1413877749e+01    3.1461534049e+00   -1.1710797994e+01   -5.1102678081e+01   -1.1446529986e+01    5.4553233545e+02    7.4255543200e-01    9.9650869963e-01
       187   -4.5811722856e+01    2.1000717152e+03   -8.0470378402e+01    3.4658655547e+01   -2.1051316456e+01    3.4281329110e+00   -1.1744516777e+01   -5.1102678081e+01   -1.1485231110e+01    5.4229577527e+02    7.4560381600e-01    9.9591390424e-01
       188   -4.5832042258e+01    2.1018068841e+03   -8.0372014692e+01    3.4539972434e+01   -2.0922951334e+01    3.4162903369e+00   -1.1762675614e+01   -5.1102678081e+01   -1.1499342239e+01    5.4324864908e+02    7.3469172500e-01    9.9597886029e-01
       189   -4.5878007845e+01    2.1061538299e+03   -8.0521009301e+01    3.4643001456e+01   -2.0903522361e+01    3.2190211678e+00   -1.1733830027e+01   -5.1102678081e+01   -1.1462254315e+01    5.4440532630e+02    8.4126658100e-01    9.9638761468e-01
       190   -4.5932667246e+01    2.1112975351e+03   -8.0381870221e+01    3.4449202976e+01   -2.0896973179e+01    3.4003441331e+00   -1.1782563094e+01   -5.1102678081e+01   -1.1512295326e+01    5.4366019211e+02    7.4202460100e-01    9.9718520221e-01
       191   -4.5948521370e+01    2.1127500378e+03   -8.0345522516e+01    3.4397001146e+01   -2.0893363597e+01    3.3287540305e+00   -1.1678234868e+01   -5.1102678081e+01   -1.1411798429e+01    5.4384895858e+02    7.4556162700e-01    9.9638097426e-01
       192   -4.5904211490e+01    2.1086162185e+03   -8.0744695775e+01    3.4840484285e+01   -2.1141197472e+01    3.1944883823e+00   -1.1695308603e+01   -5.1102678081e+01   -1.1435524779e+01    5.4178511756e+02    7.3979689600e-01    9.9573339483e-01
       193   -4.5920448412e+01    2.1103617838e+03   -8.1019133451e+01    3.5098685040e+01   -2.1618440279e+01    3.3055974355e+00   -1.1603612526e+01   -5.1102678081e+01   -1.1341594539e+01    5.4271227223e+02    7.4954529100e-01    9.9585635359e-01
       194   -4.5889878481e+01    2.1072546026e+03   -8.0845962454e+01    3.4956083973e+01   -2.1477146181e+01    3.3356302879e+00   -1.1601768479e+01   -5.1102678081e+01   -1.1337149392e+01    5.4067440637e+02    7.5336917100e-01    9.9641866913e-01
       195   -4.5971981935e+01    2.1149610980e+03   -8.0844266494e+01    3.4872284560e+01   -2.1485100171e+01    3.3660685901e+00   -1.1622556832e+01   -5.1102678081e+01   -1.1354535571e+01    5.3784527931e+02    7.9214787900e-01    9.9628252788e-01
       196   -4.5944438417e+01    2.1122953382e+03   -8.0814317103e+01    3.4869878686e+01   -2.1288452010e+01    3.1009905043e+00   -1.1524177517e+01   -5.1102678081e+01   -1.1254182928e+01    5.4106847669e+02    7.6344643500e-01    9.9618761553e-01
       197   -4.5950383308e+01    2.1130236161e+03   -8.0773232023e+01    3.4822848714e+01   -2.1208486675e+01    3.1812376510e+00   -1.1643304918e+01   -5.1102678081e+01   -1.1366470305e+01    5.4291831693e+02    7.4017299100e-01    9.9614410681e-01
       198   -4.5883113389e+01    2.1067892916e+03   -8.0730784502e+01    3.4847671114e+01   -2.0965122617e+01    3.0073622941e+00   -1.1670346098e+01   -5.1102678081e+01   -1.1392775723e+01    5.4274286174e+02    7.3231794700e-01    9.9631675875e-01
       199   -4.5932517258e+01    2.1111639749e+03   -8.0472512537e+01    3.4539995279e+01   -2.0831166533e+01    3.1391696965e+00   -1.1677837619e+01   -5.1102678081e+01   -1.1402729006e+01    5.4268651784e+02    8.4305311300e-01    9.9677716390e-01
       200   -4.5899334867e+01    2.1080027270e+03   -8.0621014685e+01    3.4721679817e+01   -2.0650066306e+01    2.8053347858e+00   -1.1673605083e+01   -5.1102678081e+01   -1.1398666701e+01    5.3974613124e+02    7.3741351800e-01    9.9629629630e-01
       201   -4.5931585895e+01    2.1111445897e+03   -8.0479075510e+01    3.4547489615e+01   -2.0774322362e+01    3.0240899031e+00   -1.1626164970e+01   -5.1102678081e+01   -1.1344443640e+01    5.3677934640e+02    7.2410159400e-01    9.9674115456e-01
       202   -4.5953352686e+01    2.1130518052e+03   -8.0365159766e+01    3.4411807079e+01   -2.0685125548e+01    3.1481251326e+00   -1.1725481269e+01   -5.1102678081e+01   -1.1445951529e+01    5.3791752921e+02    7.1760494500e-01    9.9564358736e-01
       203   -4.5951248221e+01    2.1128334330e+03   -8.0763039839e+01    3.4811791619e+01   -2.0870049507e+01    2.9593896843e+00   -1.1749701936e+01   -5.1102678081e+01   -1.1475201593e+01    5.4300924086e+02    7.2202197900e-01    9.9614410681e-01
       204   -4.5880527197e+01    2.1065197540e+03   -8.0684480089e+01    3.4803952893e+01   -2.0962113770e+01    3.1795870889e+00   -1.1799275327e+01   -5.1102678081e+01   -1.1528191298e+01    5.4371175797e+02    7.2911313000e-01    9.9666819853e-01
       205   -4.5913423022e+01    2.1092886676e+03   -8.0539752021e+01    3.4626329000e+01   -2.0942330236e+01    3.1890303615e+00   -1.1683774065e+01   -5.1102678081e+01   -1.1413138346e+01    5.4163521956e+02    7.2122998600e-01    9.9584870849e-01
       206   -4.5863546573e+01    2.1047618947e+03   -8.0612172647e+01    3.4748626074e+01   -2.0640159843e+01    2.8202957439e+00   -1.1689630466e+01   -5.1102678081e+01   -1.1420972976e+01    5.3958823789e+02    7.2012968800e-01    9.9600694444e-01
       207   -4.5884695369e+01    2.1069971479e+03   -8.0235678069e+01    3.4350982700e+01   -2.0846485886e+01    3.2948955419e+00   -1.1581409644e+01   -5.1102678081e+01   -1.1319036299e+01    5.3954042488e+02    7.1960217800e-01    9.9577546296e-01
       208   -4.5846141677e+01    2.1031572179e+03   -8.0757320017e+01    3.4911178340e+01   -2.1055251800e+01    3.0813028266e+00   -1.1680692963e+01   -5.1102678081e+01   -1.1416266446e+01    5.3547737486e+02    7.1466739400e-01    9.9591884328e-01
       209   -4.5929438181e+01    2.1108899892e+03   -8.1057470270e+01    3.5128032089e+01   -2.1222472859e+01    2.9453570905e+00   -1.1677676421e+01   -5.1102678081e+01   -1.1411420063e+01    5.3665642460e+02    8.0676146200e-01    9.9621741155e-01
       210   -4.5972411828e+01    2.1151314083e+03   -8.1473081109e+01    3.5500669281e+01   -2.1203627649e+01    2.4794711117e+00   -1.1646246491e+01   -5.1102678081e+01   -1.1373019512e+01    5.3403059030e+02    7.0435433800e-01    9.9502574906e-01
       211   -4.5908340687e+01    2.1087185314e+03   -8.1132213529e+01    3.5223872842e+01   -2.1332697675e+01    2.9773535233e+00   -1.1674191295e+01   -5.1102678081e+01   -1.1405397792e+01    5.3296168426e+02    7.1423965900e-01    9.9642354597e-01
       212   -4.5974263980e+01    2.1152563040e+03   -8.0843318325e+01    3.4869054345e+01   -2.1476399166e+01    3.4483043140e+00   -1.1712545392e+01   -5.1102678081e+01   -1.1448322473e+01    5.3494513349e+02    7.0648134800e-01    9.9684579439e-01
       213   -4.5924019967e+01    2.1102700344e+03   -8.1053939953e+01    3.5129919986e+01   -2.1402626941e+01    3.2077158551e+00   -1.1756350785e+01   -5.1102678081e+01   -1.1498705295e+01    5.3693319144e+02    7.2009819500e-01    9.9639199255e-01
       214   -4.5945878017e+01    2.1121811667e+03   -8.0874744019e+01    3.4928866002e+01   -2.1387547590e+01    3.3240818949e+00   -1.1708600242e+01   -5.1102678081e+01   -1.1450871841e+01    5.3591861557e+02    7.0421150100e-01    9.9568563433e-01
       215   -4.5957448860e+01    2.1134740721e+03   -8.0899931332e+01    3.4942482471e+01   -2.1367871079e+01    3.2893171483e+00   -1.1718699320e+01   -5.1102678081e+01   -1.1457847842e+01    5.3600573617e+02    7.1513852700e-01    9.9702658582e-01
       216   -4.5980858753e+01    2.1154101570e+03   -8.0818796013e+01    3.4837937260e+01   -2.1351096950e+01    3.3292129276e+00   -1.1694233909e+01   -5.1102678081e+01   -1.1428544736e+01    5.3410712410e+02    7.1263811600e-01    9.9537687266e-01
       217   -4.5932130470e+01    2.1110189258e+03   -8.1019075326e+01    3.5086944856e+01   -2.1610022647e+01    3.4082495413e+00   -1.1714624139e+01   -5.1102678081e+01   -1.1447415879e+01    5.3203348808e+02    7.0912166100e-01    9.9665178571e-01
       218   -4.5901134768e+01    2.1081794579e+03   -8.0651714729e+01    3.4750579962e+01   -2.1339689722e+01    3.4233585069e+00   -1.1632705433e+01   -5.1102678081e+01   -1.1364693857e+01    5.3182502520e+02    7.0902778800e-01    9.9671052632e-01
       219   -4.5909192484e+01    2.1087893808e+03   -8.0492226381e+01    3.4583033898e+01   -2.1195052160e+01    3.4496508905e+00   -1.1644147031e+01   -5.1102678081e+01   -1.1378816837e+01    5.3383608537e+02    8.0884144600e-01    9.9590355805e-01
       220   -4.5905700756e+01    2.1086990655e+03   -8.0615629829e+01    3.4709929073e+01   -2.1142547303e+01    3.2721003003e+00   -1.1642504745e+01   -5.1102678081e+01   -1.1375557545e+01    5.3377235757e+02    7.1591569800e-01    9.9666432584e-01
       221   -4.5972467555e+01    2.1148852781e+03   -8.0604863737e+01    3.4632396182e+01   -2.1275537556e+01    3.4080959748e+00   -1.1634744074e+01   -5.1102678081e+01   -1.1369487036e+01    5.3292367084e+02    7.0609651400e-01    9.9636491557e-01
       222   -4.5986834897e+01    2.1160524863e+03   -8.0794114472e+01    3.4807279575e+01   -2.1571979974e+01    3.4508087787e+00   -1.1570265196e+01   -5.1102678081e+01   -1.1303089705e+01    5.3518112614e+02    7.1069530100e-01    9.9556074766e-01
       223   -4.5952355911e+01    2.1127720993e+03   -8.0587118125e+01    3.4634762214e+01   -2.1512569376e+01    3.5300188696e+00   -1.1501889537e+01   -5.1102678081e+01   -1.1238679036e+01    5.3809366767e+02    7.3202802400e-01    9.9668912639e-01
       224   -4.5953929666e+01    2.1131533335e+03   -8.0571526155e+01    3.4617596489e+01   -2.1652280483e+01    3.7494421762e+00   -1.1566009766e+01   -5.1102678081e+01   -1.1304142721e+01    5.3899083818e+02    6.9995116900e-01    9.9611549165e-01
       225   -4.5866777384e+01    2.1050334136e+03   -8.0890878435e+01    3.5024101051e+01   -2.1403934072e+01    3.3011390319e+00   -1.1685405313e+01   -5.1102678081e+01   -1.1418558339e+01    5.3674985012e+02    7.2814263600e-01    9.9633379888e-01
       226   -4.5962744847e+01    2.1138245821e+03   -8.0881180062e+01    3.4918435215e+01   -2.1365481557e+01    3.2697361872e+00   -1.1682756612e+01   -5.1102678081e+01   -1.1422403404e+01    5.3482510469e+02    7.0994124800e-01    9.9661214953e-01
       227   -4.5912403807e+01    2.1092393785e+03   -8.0434618046e+01    3.4522214239e+01   -2.1350045812e+01    3.6365291252e+00   -1.1618423278e+01   -5.1102678081e+01   -1.1355965492e+01    5.3092094954e+02    7.0212445700e-01    9.9635122411e-01
       228   -4.5923280446e+01    2.1102069835e+03   -8.0623155795e+01    3.4699875349e+01   -2.1361280652e+01    3.3859977699e+00   -1.1545194832e+01   -5.1102678081e+01   -1.1282418074e+01    5.3085846474e+02    6.9294906900e-01    9.9699858757e-01
       229   -4.5899419401e+01    2.1081729687e+03   -8.0523093724e+01    3.4623674322e+01   -2.1115213153e+01    3.3389290453e+00   -1.1644131535e+01   -5.1102678081e+01   -1.1388765234e+01    5.2981924980e+02    8.4548046300e-01    9.9575471698e-01
       230   -4.5945835949e+01    2.1125281410e+03   -8.0429971143e+01    3.4484135194e+01   -2.1161064585e+01    3.4614733944e+00   -1.1627701871e+01   -5.1102678081e+01   -1.1372573933e+01    5.3191447659e+02    7.1243589500e-01    9.9606437970e-01
       231   -4.5910915348e+01    2.1090912389e+03   -8.0501500756e+01    3.4590585409e+01   -2.1201006000e+01    3.4192849566e+00   -1.1617101632e+01   -5.1102678081e+01   -1.1355596370e+01    5.3388734779e+02    6.9536660500e-01    9.9654728464e-01
       232   -4.5935392290e+01    2.1113116689e+03   -8.0636694271e+01    3.4701301982e+01   -2.1302210937e+01    3.4194046546e+00   -1.1651209908e+01   -5.1102678081e+01   -1.1390219732e+01    5.3488430887e+02    6.9728292600e-01    9.9591121495e-01
       233   -4.5912286209e+01    2.1092122225e+03   -8.0493165660e+01    3.4580879452e+01   -2.1537247806e+01    3.7611411623e+00   -1.1614380935e+01   -5.1102678081e+01   -1.1350922706e+01    5.3085370891e+02    6.8702200400e-01    9.9641007533e-01
       234   -4.5883988408e+01    2.1064969591e+03   -8.0643759642e+01    3.4759771234e+01   -2.1532118113e+01    3.5308194397e+00   -1.1539782888e+01   -5.1102678081e+01   -1.1279004795e+01    5.2876974794e+02    6.8252110300e-01    9.9657372401e-01
       235   -4.5875226412e+01    2.1058818930e+03   -8.0836621985e+01    3.4961395573e+01   -2.1415222392e+01    3.2455096159e+00   -1.1564231127e+01   -5.1102678081e+01   -1.1304494360e+01    5.2467938029e+02    6.8169734500e-01    9.9636904762e-01
       236   -4.5894169625e+01    2.1075882107e+03   -8.0631531954e+01    3.4737362328e+01   -2.1290335147e+01    3.3830528382e+00   -1.1621571564e+01   -5.1102678081e+01   -1.1365947439e+01    5.2276226665e+02    6.7823531400e-01    9.9611615679e-01
       237   -4.5917733206e+01    2.1099114934e+03   -8.0803209283e+01    3.4885476077e+01   -2.1508234182e+01    3.4232221362e+00   -1.1615519156e+01   -5.1102678081e+01   -1.1365933601e+01    5.2389934626e+02    6.8167709400e-01    9.9630248092e-01
       238   -4.5971512182e+01    2.1159358619e+03   -8.0872674252e+01    3.4901162070e+01   -2.1842915393e+01    3.6518885550e+00   -1.1578969333e+01   -5.1102678081e+01   -1.1336769964e+01    5.2093766105e+02    6.6821355600e-01    9.9562140115e-01
       239   -4.5915748185e+01    2.1096067922e+03   -8.0991519592e+01    3.5075771407e+01   -2.1779187798e+01    3.5138076694e+00   -1.1623461382e+01   -5.1102678081e+01   -1.1381866626e+01    5.2399186195e+02    7.7727378200e-01    9.9636211832e-01
       240   -4.6000043877e+01    2.1174150249e+03   -8.0938095620e+01    3.4938051743e+01   -2.1782714906e+01    3.3931883487e+00   -1.1445890982e+01   -5.1102678081e+01   -1.1202070095e+01    5.2415848367e+02    6.7455306700e-01    9.9540791985e-01
       241   -4.5953680489e+01    2.1133081787e+03   -8.1042768518e+01    3.5089088029e+01   -2.1833435049e+01    3.4118229566e+00   -1.1518478345e+01   -5.1102678081e+01   -1.1274372517e+01    5.2324545504e+02    6.7476579600e-01    9.9593690249e-01
       242   -4.6023299175e+01    2.1197578430e+03   -8.0824724891e+01    3.4801425716e+01   -2.1884701787e+01    3.7926013009e+00   -1.1629946323e+01   -5.1102678081e+01   -1.1389552259e+01    5.2431242623e+02    6.7931664800e-01    9.9594465649e-01
       243   -4.5967421792e+01    2.1143642977e+03   -8.1137454238e+01    3.5170032447e+01   -2.1938211751e+01    3.5478558540e+00   -1.1644420260e+01   -5.1102678081e+01   -1.1403428568e+01    5.2534029375e+02    6.8910889900e-01    9.9613095238e-01
       244   -4.5988455157e+01    2.1161724906e+03   -8.0969753066e+01    3.4981297910e+01   -2.1630374496e+01    3.4190048862e+00   -1.1655705375e+01   -5.1102678081e+01   -1.1414993088e+01    5.2421330534e+02    6.7752245000e-01    9.9666030534e-01
       245   -4.6016772221e+01    2.1188587712e+03   -8.0911070361e+01    3.4894298140e+01   -2.1712326605e+01    3.5372756395e+00   -1.1633341314e+01   -5.1102678081e+01   -1.1392816120e+01    5.2238001970e+02    6.5070130700e-01    9.9658764368e-01
       246   -4.5969955525e+01    2.1144412992e+03   -8.0822797974e+01    3.4852842449e+01   -2.1385028779e+01    3.2610493297e+00   -1.1596140444e+01   -5.1102678081e+01   -1.1355383361e+01    5.2330899054e+02    6.6483780500e-01    9.9575764818e-01
       247   -4.5992726150e+01    2.1165512928e+03   -8.0841414537e+01    3.4848688387e+01   -2.1481165865e+01    3.3612197276e+00   -1.1618790318e+01   -5.1102678081e+01   -1.1379737184e+01    5.2124822872e+02    6.6479719900e-01    9.9592130518e-01
       248   -4.5960918065e+01    2.1137306857e+03   -8.0790001741e+01    3.4829083677e+01   -2.1444871535e+01    3.3193984750e+00   -1.1561850600e+01   -5.1102678081e+01   -1.1317623077e+01    5.2525220556e+02    6.6918021900e-01    9.9654761905e-01
       249   -4.5992365752e+01    2.1167165913e+03   -8.0771951165e+01    3.4779585414e+01   -2.1508334182e+01    3.4058857667e+00   -1.1566824669e+01   -5.1102678081e+01   -1.1327529776e+01    5.2518641502e+02    7.7384681800e-01    9.9607142857e-01
       250   -4.5979117774e+01    2.1153513205e+03   -8.0917635596e+01    3.4938517821e+01   -2.1663803992e+01    3.3824096848e+00   -1.1533563207e+01   -5.1102678081e+01   -1.1291712601e+01    5.2426604025e+02    6.6932037400e-01    9.9707776718e-01
       251   -4.6003513508e+01    2.1177371870e+03   -8.0834520694e+01    3.4831007186e+01   -2.1483696566e+01    3.3550131980e+00   -1.1603159245e+01   -5.1102678081e+01   -1.1358582686e+01    5.2129837764e+02    6.6326910500e-01    9.9592130518e-01
       252   -4.5994495198e+01    2.1168001531e+03   -8.0747960241e+01    3.4753465043e+01   -2.1570217570e+01    3.4745124531e+00   -1.1549577043e+01   -5.1102678081e+01   -1.1307687146e+01    5.2235605607e+02    6.7734890200e-01    9.9640804598e-01
       253   -4.6030199427e+01    2.1202045473e+03   -8.0811860394e+01    3.4781660967e+01   -2.1506394236e+01    3.3201434515e+00   -1.1522931528e+01   -5.1102678081e+01   -1.1286999097e+01    5.2139438574e+02    6.6646593600e-01    9.9610124760e-01
       254   -4.6021184158e+01    2.1193415606e+03   -8.0496505649e+01    3.4475321491e+01   -2.1474230339e+01    3.5656187863e+00   -1.1485216015e+01   -5.1102678081e+01   -1.1246607114e+01    5.2251263803e+02    6.9588002200e-01    9.9574952107e-01
       255   -4.5976106418e+01    2.1150132778e+03   -8.0751230700e+01    3.4775124282e+01   -2.1419282720e+01    3.3230161756e+00   -1.1552286075e+01   -5.1102678081e+01   -1.1310149077e+01    5.1735200076e+02    6.5204359300e-01    9.9570841393e-01
       256   -4.5986516382e+01    2.1158913959e+03   -8.1137188845e+01    3.5150672463e+01   -2.1171219016e+01    2.7614754174e+00   -1.1624767165e+01   -5.1102678081e+01   -1.1380645267e+01    5.2031553528e+02    6.5795596500e-01    9.9609375000e-01
       257   -4.6009119511e+01    2.1179914680e+03   -8.1163927198e+01    3.5154807687e+01   -2.1320526368e+01    2.8373346612e+00   -1.1578057411e+01   -5.1102678081e+01   -1.1333958698e+01    5.1936544815e+02    6.5179607900e-01    9.9608622351e-01
       258   -4.6062624776e+01    2.1231146391e+03   -8.0945067015e+01    3.4882442238e+01   -2.1316329602e+01    3.0964648186e+00   -1.1622524150e+01   -5.1102678081e+01   -1.1377680596e+01    5.2054467722e+02    6.5089122000e-01    9.9621394231e-01
       259   -4.6005910377e+01    2.1177703660e+03   -8.0708818875e+01    3.4702908498e+01   -2.1432836232e+01    3.4213738767e+00   -1.1594678439e+01   -5.1102678081e+01   -1.1344575208e+01    5.1853092198e+02    7.4395117100e-01    9.9619932432e-01
       260   -4.6024005883e+01    2.1196578086e+03   -8.0396911591e+01    3.4372905708e+01   -2.1340352509e+01    3.5267087120e+00   -1.1480589713e+01   -5.1102678081e+01   -1.1230208870e+01    5.1741978419e+02    6.4993118200e-01    9.9679642166e-01
       261   -4.5991276877e+01    2.1163943662e+03   -8.0843666537e+01    3.4852389660e+01   -2.1470980120e+01    3.2486286473e+00   -1.1518636983e+01   -5.1102678081e+01   -1.1264326040e+01    5.2039669022e+02    6.6916507000e-01    9.9633413462e-01
       262   -4.5933857683e+01    2.1111976694e+03   -8.0780214532e+01    3.4846356850e+01   -2.1405717852e+01    3.3112583427e+00   -1.1583076942e+01   -5.1102678081e+01   -1.1328060608e+01    5.1913745366e+02    6.5763339600e-01    9.9626685934e-01
       263   -4.5987702448e+01    2.1161378808e+03   -8.0694202739e+01    3.4706500291e+01   -2.1435730910e+01    3.4667032823e+00   -1.1622497031e+01   -5.1102678081e+01   -1.1369183586e+01    5.2018437670e+02    6.5159782400e-01    9.9657451923e-01
       264   -4.5952183203e+01    2.1127633681e+03   -8.0776272356e+01    3.4824089153e+01   -2.1264393870e+01    3.1662348093e+00   -1.1575435214e+01   -5.1102678081e+01   -1.1327797314e+01    5.2323624275e+02    6.5921443600e-01    9.9629541109e-01
       265   -4.5975105168e+01    2.1151013776e+03   -8.0866165300e+01    3.4891060132e+01   -2.1284418820e+01    3.0566172537e+00   -1.1535685653e+01   -5.1102678081e+01   -1.1292542198e+01    5.2211294101e+02    6.5870072300e-01    9.9533045977e-01
       266   -4.5976549283e+01    2.1152818716e+03   -8.0773540561e+01    3.4796991277e+01   -2.1180940280e+01    3.1002873679e+00   -1.1590209567e+01   -5.1102678081e+01   -1.1340875210e+01    5.2520441661e+02    6.6706912200e-01    9.9625000000e-01
       267   -4.5964174559e+01    2.1142959149e+03   -8.0793480902e+01    3.4829306343e+01   -2.0854236333e+01    2.7572353741e+00   -1.1593801862e+01   -5.1102678081e+01   -1.1336753791e+01    5.2510889074e+02    6.7257143400e-01    9.9625000000e-01
       268   -4.5877825703e+01    2.1091283097e+03   -8.1029013923e+01    3.5151188220e+01   -2.0900927696e+01    2.5759912326e+00   -1.1601399378e+01   -5.1102678081e+01   -1.1349529714e+01    5.2386369075e+02    6.6077850700e-01    9.9624284351e-01
       269   -4.5857887405e+01    2.1080069311e+03   -8.1682805317e+01    3.5824917912e+01   -2.1249585702e+01    2.3178544781e+00   -1.1648396012e+01   -5.1102678081e+01   -1.1392961142e+01    5.2255749612e+02    8.0300378300e-01    9.9593690249e-01
       270   -4.5938353572e+01    2.1115280758e+03   -8.0866202529e+01    3.4927848957e+01   -2.1111931090e+01    2.9363173665e+00   -1.1587910725e+01   -5.1102678081e+01   -1.1331201989e+01    5.2272187486e+02    7.2137219700e-01    9.9635516252e-01
       271   -4.5935673852e+01    2.1112973502e+03   -8.0883410669e+01    3.4947736816e+01   -2.1158293350e+01    3.0073500287e+00   -1.1629789266e+01   -5.1102678081e+01   -1.1368132619e+01    5.2300950161e+02    6.6449927200e-01    9.9551864245e-01
       272   -4.5939383893e+01    2.1118037666e+03   -8.1193172595e+01    3.5253788702e+01   -2.1254830325e+01    2.8214777999e+00   -1.1657141989e+01   -5.1102678081e+01   -1.1398053546e+01    5.2198497580e+02    6.6805454000e-01    9.9676724138e-01
       273   -4.5957680287e+01    2.1135310305e+03   -8.1065738919e+01    3.5108058632e+01   -2.1501633694e+01    3.2024086141e+00   -1.1663835758e+01   -5.1102678081e+01   -1.1399158401e+01    5.2406422217e+02    6.5252551000e-01    9.9612356870e-01
       274   -4.5984160831e+01    2.1158456441e+03   -8.0870071428e+01    3.4885910597e+01   -2.1192157762e+01    3.0731994456e+00   -1.1648435031e+01   -5.1102678081e+01   -1.1386047729e+01    5.2216331412e+02    6.4349664100e-01    9.9574952107e-01
       275   -4.5960327738e+01    2.1135328426e+03   -8.0852818157e+01    3.4892490420e+01   -2.1190905741e+01    3.0642937025e+00   -1.1623528038e+01   -5.1102678081e+01   -1.1363451556e+01    5.2215062644e+02    6.4532504400e-01    9.9592911877e-01
       276   -4.5946882692e+01    2.1128912563e+03   -8.0829464889e+01    3.4882582197e+01   -2.1284292260e+01    3.1704565043e+00   -1.1612951052e+01   -5.1102678081e+01   -1.1358175443e+01    5.2107469303e+02    6.6240327500e-01    9.9604126679e-01
       277   -4.5969646539e+01    2.1144378176e+03   -8.0547716219e+01    3.4578069679e+01   -2.1229397272e+01    3.3691728141e+00   -1.1584813680e+01   -5.1102678081e+01   -1.1328356912e+01    5.2309763828e+02    6.4707777400e-01    9.9635516252e-01
       278   -4.5923603507e+01    2.1102326638e+03   -8.0422321157e+01    3.4498717651e+01   -2.1326229044e+01    3.6159598184e+00   -1.1609373851e+01   -5.1102678081e+01   -1.1350957166e+01    5.2303326094e+02    6.5350680000e-01    9.9617590822e-01
       279   -4.5985251288e+01    2.1159770444e+03   -8.0372832694e+01    3.4387581405e+01   -2.1170208133e+01    3.4843507362e+00   -1.1584297216e+01   -5.1102678081e+01   -1.1318756526e+01    5.2406937905e+02    7.6740531700e-01    9.9648139313e-01
       280   -4.5965904271e+01    2.1143453363e+03   -8.0631830998e+01    3.4665926727e+01   -2.1227192015e+01    3.3578049091e+00   -1.1659765811e+01   -5.1102678081e+01   -1.1391708128e+01    5.2316325636e+02    6.5720126600e-01    9.9611615679e-01
       281   -4.5960189946e+01    2.1136366443e+03   -8.0394698327e+01    3.4434508380e+01   -2.1370757973e+01    3.6558469327e+00   -1.1577109205e+01   -5.1102678081e+01   -1.1309534310e+01    5.2611889387e+02    6.7061616600e-01    9.9619771863e-01
       282   -4.5981589348e+01    2.1156500061e+03   -8.0441522662e+01    3.4459933314e+01   -2.1556042870e+01    3.7838371266e+00   -1.1566638837e+01   -5.1102678081e+01   -1.1300069115e+01    5.2612685949e+02    6.6775942900e-01    9.9477186312e-01
       283   -4.5976500191e+01    2.1151345611e+03   -8.0565180610e+01    3.4588680419e+01   -2.1484233933e+01    3.5753369037e+00   -1.1553605499e+01   -5.1102678081e+01   -1.1284651047e+01    5.1922575940e+02    6.4915221700e-01    9.9494219653e-01
       284   -4.5951847055e+01    2.1126724033e+03   -8.0647530797e+01    3.4695683742e+01   -2.1302509775e+01    3.2957372476e+00   -1.1538080188e+01   -5.1102678081e+01   -1.1269094614e+01    5.2315825097e+02    6.4609818500e-01    9.9581739962e-01
       285   -4.5962797653e+01    2.1139156164e+03   -8.0416952321e+01    3.4454154668e+01   -2.1284465956e+01    3.4906086081e+00   -1.1520416891e+01   -5.1102678081e+01   -1.1253125077e+01    5.2107425803e+02    6.5514501800e-01    9.9640115163e-01
       286   -4.5942768970e+01    2.1121037032e+03   -8.0791625127e+01    3.4848856157e+01   -2.1379142554e+01    3.1984644086e+00   -1.1508268901e+01   -5.1102678081e+01   -1.1237917405e+01    5.2306661138e+02    6.7423355000e-01    9.9533938815e-01
       287   -4.5941599772e+01    2.1119391466e+03   -8.0564486812e+01    3.4622887040e+01   -2.1285584889e+01    3.3509999212e+00   -1.1527223764e+01   -5.1102678081e+01   -1.1259829134e+01    5.2198436586e+02    6.4452032300e-01    9.9586925287e-01
       288   -4.6000521162e+01    2.1176421540e+03   -8.0622858740e+01    3.4622337578e+01   -2.1392964348e+01    3.4557255209e+00   -1.1582941832e+01   -5.1102678081e+01   -1.1315575897e+01    5.2014929298e+02    6.4008308000e-01    9.9627403846e-01
       289   -4.6007319085e+01    2.1187202066e+03   -8.0111205541e+01    3.4103886455e+01   -2.1324831256e+01    3.8847604441e+00   -1.1568456647e+01   -5.1102678081e+01   -1.1299634643e+01    5.2318171692e+02    7.4561449900e-01    9.9629541109e-01
       290   -4.5945709244e+01    2.1123352212e+03   -8.0440857455e+01    3.4495148211e+01   -2.1296881593e+01    3.4574201039e+00   -1.1498717885e+01   -5.1102678081e+01   -1.1234993987e+01    5.2010271129e+02    6.3643295700e-01    9.9513221154e-01
       291   -4.5977886190e+01    2.1154628113e+03   -8.1067421281e+01    3.5089535090e+01   -2.1506224038e+01    3.0633381825e+00   -1.1521857344e+01   -5.1102678081e+01   -1.1262201077e+01    5.2112418833e+02    6.5468473100e-01    9.9610124760e-01
       292   -4.6039199712e+01    2.1216715182e+03   -8.0502966187e+01    3.4463766475e+01   -2.1751628390e+01    3.8421013039e+00   -1.1490761020e+01   -5.1102678081e+01   -1.1235593028e+01    5.2231532222e+02    6.6889981300e-01    9.9610871648e-01
       293   -4.6003571476e+01    2.1175549080e+03   -8.0683816940e+01    3.4680245464e+01   -2.1689720441e+01    3.6766260495e+00   -1.1568044468e+01   -5.1102678081e+01   -1.1311066171e+01    5.1836158553e+02    6.4896087600e-01    9.9595801158e-01
       294   -4.6033130864e+01    2.1205930258e+03   -8.0509411392e+01    3.4476280528e+01   -2.1886285755e+01    4.0869410771e+00   -1.1607388632e+01   -5.1102678081e+01   -1.1350434652e+01    5.2147112139e+02    6.5294059600e-01    9.9586132438e-01
       295   -4.5987199857e+01    2.1159974670e+03   -8.0281882745e+01    3.4294682889e+01   -2.1539616975e+01    3.9205144853e+00   -1.1560102175e+01   -5.1102678081e+01   -1.1311725488e+01    5.2235384779e+02    6.6000812000e-01    9.9640804598e-01
       296   -4.6028098952e+01    2.1198662953e+03   -8.0687293484e+01    3.4659194532e+01   -2.1680792858e+01    3.5960289159e+00   -1.1499851461e+01   -5.1102678081e+01   -1.1245819788e+01    5.2231354750e+02    6.5404188300e-01    9.9664750958e-01
       297   -4.6001257332e+01    2.1175909501e+03   -8.0687288000e+01    3.4686030668e+01   -2.1845364419e+01    3.7380893117e+00   -1.1477334811e+01   -5.1102678081e+01   -1.1227810386e+01    5.2336357829e+02    6.4015577000e-01    9.9617590822e-01
       298   -4.5989570987e+01    2.1166019056e+03   -8.0357547584e+01    3.4367976597e+01   -2.1554024723e+01    3.7540012992e+00   -1.1454846080e+01   -5.1102678081e+01   -1.1206383475e+01    5.2326138228e+02    6.4527953800e-01    9.9593690249e-01
       299   -4.6025244146e+01    2.1196532358e+03   -8.0471152251e+01    3.4445908106e+01   -2.1727122892e+01    3.8525530206e+00   -1.1493904298e+01   -5.1102678081e+01   -1.1248893914e+01    5.2132779227e+02    7.5194199200e-01    9.9580134357e-01
