#   index    LocalEnergy         LocalEnergy_sq      LocalPotential      Kinetic             LocalECP            NonLocalECP         ElecElec            IonIon              MPC                 BlockWeight         BlockCPU            AcceptRatio         
         0   -4.5842067650e+01    2.1028536131e+03   -8.1001400156e+01    3.5159332505e+01   -2.1590549723e+01    3.2090620052e+00   -1.1517234357e+01   -5.1102678081e+01   -1.1231115233e+01    5.1200000000e+02    1.0020060540e+00    7.2766113281e-01
         1   -4.5757194875e+01    2.0949730513e+03   -8.1185657133e+01    3.5428462259e+01   -2.1870200560e+01    3.3028778810e+00   -1.1515656374e+01   -5.1102678081e+01   -1.1232228823e+01    5.1200000000e+02    1.0315554420e+00    7.2436523438e-01
         2   -4.5738450489e+01    2.0931343057e+03   -8.0656625027e+01    3.4918174538e+01   -2.1265877871e+01    3.2359907139e+00   -1.1524059789e+01   -5.1102678081e+01   -1.1238095037e+01    5.1200000000e+02    1.0009264480e+00    7.2853597005e-01
         3   -4.5782475680e+01    2.0972560438e+03   -7.9886674380e+01    3.4104198699e+01   -2.0850585201e+01    3.5203974234e+00   -1.1453808521e+01   -5.1102678081e+01   -1.1151458940e+01    5.1200000000e+02    9.8918037800e-01    7.3197428385e-01
         4   -4.5769880022e+01    2.0961027872e+03   -8.0158288912e+01    3.4388408890e+01   -2.0983471955e+01    3.4774503415e+00   -1.1549589218e+01   -5.1102678081e+01   -1.1271848866e+01    5.1200000000e+02    9.8793533800e-01    7.3152669271e-01
         5   -4.5791383714e+01    2.0981861146e+03   -8.0186291915e+01    3.4394908201e+01   -2.1149124941e+01    3.6589182228e+00   -1.1593407116e+01   -5.1102678081e+01   -1.1316980553e+01    5.1200000000e+02    9.8611785200e-01    7.2896321615e-01
         6   -4.5784165864e+01    2.0973294509e+03   -8.0307718064e+01    3.4523552200e+01   -2.1056918842e+01    3.4157055424e+00   -1.1563826683e+01   -5.1102678081e+01   -1.1294551805e+01    5.1200000000e+02    9.9030401800e-01    7.2973632812e-01
         7   -4.5920059714e+01    2.1101491782e+03   -8.0729895054e+01    3.4809835340e+01   -2.1321848307e+01    3.4729466674e+00   -1.1778315333e+01   -5.1102678081e+01   -1.1508725827e+01    5.1200000000e+02    1.0378051810e+00    7.2926839193e-01
         8   -4.5791645294e+01    2.0982056675e+03   -8.0477284858e+01    3.4685639564e+01   -2.1399617640e+01    3.4617663593e+00   -1.1436755496e+01   -5.1102678081e+01   -1.1173506248e+01    5.1200000000e+02    9.8833848100e-01    7.2831217448e-01
         9   -4.5836746448e+01    2.1022698449e+03   -8.0018236582e+01    3.4181490134e+01   -2.0938012939e+01    3.6025969799e+00   -1.1580142542e+01   -5.1102678081e+01   -1.1329872997e+01    5.1200000000e+02    9.9661127300e-01    7.2993977865e-01
        10   -4.5835690972e+01    2.1026768337e+03   -7.9692861528e+01    3.3857170556e+01   -2.0567498664e+01    3.6760927621e+00   -1.1698777545e+01   -5.1102678081e+01   -1.1435540108e+01    5.1200000000e+02    9.8631810600e-01    7.3256429036e-01
        11   -4.5743315848e+01    2.0941361536e+03   -8.0379692202e+01    3.4636376354e+01   -2.1444302105e+01    3.5675719381e+00   -1.1400283953e+01   -5.1102678081e+01   -1.1131809661e+01    5.1200000000e+02    9.8567252500e-01    7.3050944010e-01
        12   -4.5827190479e+01    2.1017795543e+03   -7.9939018276e+01    3.4111827797e+01   -2.0715698323e+01    3.4440721032e+00   -1.1564713975e+01   -5.1102678081e+01   -1.1292270406e+01    5.1200000000e+02    9.9049018500e-01    7.2916666667e-01
        13   -4.5737686442e+01    2.0933339193e+03   -8.0206508759e+01    3.4468822317e+01   -2.0823932562e+01    3.3713142940e+00   -1.1651212410e+01   -5.1102678081e+01   -1.1364289896e+01    5.1200000000e+02    9.8748361000e-01    7.2843424479e-01
        14   -4.5812371794e+01    2.1003008428e+03   -8.0047189402e+01    3.4234817608e+01   -2.0777105463e+01    3.4232487173e+00   -1.1590654575e+01   -5.1102678081e+01   -1.1297480242e+01    5.1200000000e+02    1.0271567380e+00    7.2829182943e-01
        15   -4.5762582626e+01    2.0955140079e+03   -8.0438616510e+01    3.4676033885e+01   -2.0710084777e+01    3.0617042300e+00   -1.1687557882e+01   -5.1102678081e+01   -1.1419506542e+01    5.1200000000e+02    9.8650977900e-01    7.3225911458e-01
        16   -4.5786597503e+01    2.0977266068e+03   -7.9761252626e+01    3.3974655123e+01   -2.0330642174e+01    3.3837417742e+00   -1.1711674145e+01   -5.1102678081e+01   -1.1436858780e+01    5.1200000000e+02    9.8471018400e-01    7.2760009766e-01
        17   -4.5810720001e+01    2.0997894278e+03   -8.0286044625e+01    3.4475324624e+01   -2.0972116026e+01    3.3436118929e+00   -1.1554862412e+01   -5.1102678081e+01   -1.1272397381e+01    5.1200000000e+02    9.9538653100e-01    7.2609456380e-01
        18   -4.5745735580e+01    2.0938348001e+03   -7.9462493398e+01    3.3716757818e+01   -2.0764972807e+01    4.0735218652e+00   -1.1668364375e+01   -5.1102678081e+01   -1.1380632241e+01    5.1200000000e+02    9.8752800600e-01    7.2845458984e-01
        19   -4.5817881135e+01    2.1007486050e+03   -8.0514825619e+01    3.4696944484e+01   -2.0756911321e+01    2.9400408853e+00   -1.1595277102e+01   -5.1102678081e+01   -1.1295079091e+01    5.1200000000e+02    9.8670023900e-01    7.2566731771e-01
        20   -4.5796311455e+01    2.0987349903e+03   -8.0266241247e+01    3.4469929791e+01   -2.0556812758e+01    3.0068444138e+00   -1.1613594822e+01   -5.1102678081e+01   -1.1323184073e+01    5.1200000000e+02    9.7488173500e-01    7.2812906901e-01
        21   -4.5803218836e+01    2.0991690448e+03   -7.9909787456e+01    3.4106568620e+01   -2.0460467454e+01    3.5583748971e+00   -1.1905016818e+01   -5.1102678081e+01   -1.1625794640e+01    5.1200000000e+02    9.7867609200e-01    7.2585042318e-01
        22   -4.5772295085e+01    2.0966132024e+03   -7.9850215743e+01    3.4077920658e+01   -2.0511918039e+01    3.3741408373e+00   -1.1609760460e+01   -5.1102678081e+01   -1.1329359445e+01    5.1200000000e+02    9.7987895100e-01    7.2664388021e-01
        23   -4.5816038212e+01    2.1006912049e+03   -8.0132357722e+01    3.4316319510e+01   -2.0743515008e+01    3.3049051262e+00   -1.1591069759e+01   -5.1102678081e+01   -1.1312196443e+01    5.1200000000e+02    1.0241273820e+00    7.2914632161e-01
        24   -4.5756411572e+01    2.0951524401e+03   -7.9669600295e+01    3.3913188723e+01   -2.0071759425e+01    3.0856878882e+00   -1.1580850677e+01   -5.1102678081e+01   -1.1311064798e+01    5.1200000000e+02    1.0088324680e+00    7.2804768880e-01
        25   -4.5806550482e+01    2.0995432190e+03   -8.0054429151e+01    3.4247878669e+01   -2.0279435244e+01    3.0764173562e+00   -1.1748733182e+01   -5.1102678081e+01   -1.1475631886e+01    5.1200000000e+02    9.8485714300e-01    7.2979736328e-01
        26   -4.5842354533e+01    2.1030218568e+03   -8.0171372407e+01    3.4329017874e+01   -2.0746849521e+01    3.2875612148e+00   -1.1609406019e+01   -5.1102678081e+01   -1.1309122131e+01    5.1200000000e+02    1.0532744630e+00    7.2812906901e-01
        27   -4.5803117755e+01    2.0991380209e+03   -8.0466934122e+01    3.4663816367e+01   -2.0770788770e+01    3.1167358267e+00   -1.1710203098e+01   -5.1102678081e+01   -1.1429052644e+01    5.1200000000e+02    1.0578865500e+00    7.2558593750e-01
        28   -4.5789535522e+01    2.0979633583e+03   -8.0085406098e+01    3.4295870576e+01   -2.0325557319e+01    3.0210353835e+00   -1.1678206082e+01   -5.1102678081e+01   -1.1397587058e+01    5.1200000000e+02    1.0205278660e+00    7.3146565755e-01
        29   -4.5794007636e+01    2.0983026218e+03   -8.0078442751e+01    3.4284435115e+01   -2.0315366069e+01    2.9569071202e+00   -1.1617305721e+01   -5.1102678081e+01   -1.1354551340e+01    5.1200000000e+02    1.0046151800e+00    7.3164876302e-01
        30   -4.5828374626e+01    2.1015650970e+03   -8.0546265181e+01    3.4717890555e+01   -2.0607244782e+01    2.7859364747e+00   -1.1622278792e+01   -5.1102678081e+01   -1.1352592460e+01    5.1200000000e+02    9.8690001600e-01    7.2902425130e-01
        31   -4.5805650019e+01    2.0996562042e+03   -8.0855683483e+01    3.5050033464e+01   -2.1235887818e+01    3.1698801278e+00   -1.1686997711e+01   -5.1102678081e+01   -1.1420574494e+01    5.1200000000e+02    9.8851463300e-01    7.3016357422e-01
        32   -4.5811845724e+01    2.1001280799e+03   -8.0426913366e+01    3.4615067642e+01   -2.0990137604e+01    3.1314111079e+00   -1.1465508789e+01   -5.1102678081e+01   -1.1185448454e+01    5.1200000000e+02    9.8408668600e-01    7.2566731771e-01
        33   -4.5762945686e+01    2.0955738632e+03   -8.0408214385e+01    3.4645268698e+01   -2.1419948667e+01    3.6077531805e+00   -1.1493340817e+01   -5.1102678081e+01   -1.1204467462e+01    5.1200000000e+02    9.9574528000e-01    7.2973632812e-01
        34   -4.5777297335e+01    2.0967437240e+03   -7.9732565659e+01    3.3955268324e+01   -2.0783788911e+01    3.3553059309e+00   -1.1201404597e+01   -5.1102678081e+01   -1.0915389175e+01    5.1200000000e+02    1.0215136580e+00    7.2831217448e-01
        35   -4.5718417405e+01    2.0916058268e+03   -7.9796053610e+01    3.4077636205e+01   -2.1020338918e+01    3.6508375778e+00   -1.1323874188e+01   -5.1102678081e+01   -1.1040727218e+01    5.1200000000e+02    1.0016306780e+00    7.2631835938e-01
        36   -4.5797312223e+01    2.0988289844e+03   -8.0242399226e+01    3.4445087003e+01   -2.0880328694e+01    3.2619477563e+00   -1.1521340207e+01   -5.1102678081e+01   -1.1227634796e+01    5.1200000000e+02    9.9721719700e-01    7.3299153646e-01
        37   -4.5796831638e+01    2.0986822968e+03   -8.0351385603e+01    3.4554553965e+01   -2.0567696576e+01    2.8550928654e+00   -1.1536103811e+01   -5.1102678081e+01   -1.1264014873e+01    5.1200000000e+02    9.9984283500e-01    7.2666422526e-01
        38   -4.5832556766e+01    2.1018599524e+03   -8.0027932978e+01    3.4195376213e+01   -2.1013673107e+01    3.5574880120e+00   -1.1469069802e+01   -5.1102678081e+01   -1.1204680235e+01    5.1200000000e+02    9.9523580600e-01    7.2892252604e-01
        39   -4.5777511463e+01    2.0968864017e+03   -8.0104039221e+01    3.4326527758e+01   -2.0872660565e+01    3.2388982724e+00   -1.1367598847e+01   -5.1102678081e+01   -1.1086577157e+01    5.1200000000e+02    1.0098599360e+00    7.3333740234e-01
        40   -4.5868487650e+01    2.1062111499e+03   -8.0771635939e+01    3.4903148290e+01   -2.1380074525e+01    3.1513223998e+00   -1.1440205733e+01   -5.1102678081e+01   -1.1147185784e+01    5.1200000000e+02    9.8845428500e-01    7.2951253255e-01
        41   -4.5821069654e+01    2.1007778833e+03   -8.0417530168e+01    3.4596460514e+01   -2.1346594570e+01    3.2871757433e+00   -1.1255433260e+01   -5.1102678081e+01   -1.0969856419e+01    5.1200000000e+02    9.9613306900e-01    7.2509765625e-01
        42   -4.5840465197e+01    2.1028318573e+03   -8.0859636581e+01    3.5019171384e+01   -2.1488956274e+01    3.1340960216e+00   -1.1402098248e+01   -5.1102678081e+01   -1.1115623113e+01    5.1200000000e+02    1.0002717500e+00    7.2943115234e-01
        43   -4.5796959151e+01    2.0989978099e+03   -8.0451186811e+01    3.4654227660e+01   -2.1494684664e+01    3.5640899528e+00   -1.1417914018e+01   -5.1102678081e+01   -1.1142505598e+01    5.1200000000e+02    1.0194278670e+00    7.2987874349e-01
        44   -4.5826176627e+01    2.1014673518e+03   -8.0182442963e+01    3.4356266335e+01   -2.1328212773e+01    3.8020090124e+00   -1.1553561121e+01   -5.1102678081e+01   -1.1272965579e+01    5.1200000000e+02    1.0244813520e+00    7.3132324219e-01
        45   -4.5807652252e+01    2.0995821984e+03   -8.0025558582e+01    3.4217906330e+01   -2.0740160752e+01    3.2587902397e+00   -1.1441509988e+01   -5.1102678081e+01   -1.1161259983e+01    5.1200000000e+02    1.0263007970e+00    7.2713216146e-01
        46   -4.5829157445e+01    2.1014486040e+03   -7.9342693922e+01    3.3513536477e+01   -2.0021502299e+01    3.4601111418e+00   -1.1678624683e+01   -5.1102678081e+01   -1.1401659341e+01    5.1200000000e+02    1.0389198140e+00    7.3347981771e-01
        47   -4.5797674284e+01    2.0985889536e+03   -7.9789552916e+01    3.3991878632e+01   -2.0383850988e+01    3.2402791179e+00   -1.1543302965e+01   -5.1102678081e+01   -1.1288029069e+01    5.1200000000e+02    1.0485565050e+00    7.2985839844e-01
        48   -4.5834495570e+01    2.1022900838e+03   -7.9977919777e+01    3.4143424208e+01   -2.0639585304e+01    3.2183671260e+00   -1.1454023518e+01   -5.1102678081e+01   -1.1189244449e+01    5.1200000000e+02    1.0223060830e+00    7.2975667318e-01
        49   -4.5870252709e+01    2.1054607044e+03   -7.9964614663e+01    3.4094361953e+01   -2.0832025706e+01    3.5796500235e+00   -1.1609560899e+01   -5.1102678081e+01   -1.1348742040e+01    5.1200000000e+02    1.0457395640e+00    7.2605387370e-01
        50   -4.5787900455e+01    2.0980354686e+03   -7.9830636489e+01    3.4042736034e+01   -2.0776613296e+01    3.5854186551e+00   -1.1536763767e+01   -5.1102678081e+01   -1.1262802003e+01    5.1200000000e+02    1.0039905780e+00    7.2662353516e-01
        51   -4.5784359340e+01    2.0975924045e+03   -7.9957076782e+01    3.4172717442e+01   -2.0543719952e+01    3.1882601398e+00   -1.1498938888e+01   -5.1102678081e+01   -1.1225207936e+01    5.1200000000e+02    9.9442435800e-01    7.3236083984e-01
        52   -4.5821810525e+01    2.1010512276e+03   -8.0175786109e+01    3.4353975584e+01   -2.0371351986e+01    2.7859771365e+00   -1.1487733179e+01   -5.1102678081e+01   -1.1198075834e+01    5.1200000000e+02    9.9022873400e-01    7.3077392578e-01
        53   -4.5700055589e+01    2.0896585294e+03   -8.0019895104e+01    3.4319839516e+01   -2.0610150229e+01    3.2702137211e+00   -1.1577280516e+01   -5.1102678081e+01   -1.1304784758e+01    5.1200000000e+02    9.8953845900e-01    7.2572835286e-01
        54   -4.5659023361e+01    2.0861336009e+03   -7.9832788132e+01    3.4173764771e+01   -2.0314939448e+01    3.3665304971e+00   -1.1781701100e+01   -5.1102678081e+01   -1.1507549130e+01    5.1200000000e+02    9.8393745400e-01    7.3052978516e-01
        55   -4.5766063910e+01    2.0957333892e+03   -7.9989374395e+01    3.4223310485e+01   -2.0328595540e+01    3.0169696991e+00   -1.1575070473e+01   -5.1102678081e+01   -1.1303825672e+01    5.1200000000e+02    9.9973456400e-01    7.2684733073e-01
        56   -4.5793727887e+01    2.0982386609e+03   -8.0166997950e+01    3.4373270063e+01   -2.0609886838e+01    3.1283923459e+00   -1.1582825377e+01   -5.1102678081e+01   -1.1311493185e+01    5.1200000000e+02    9.8739910500e-01    7.2981770833e-01
        57   -4.5722955354e+01    2.0919079004e+03   -8.0464020912e+01    3.4741065558e+01   -2.0741656330e+01    3.0114123581e+00   -1.1631098858e+01   -5.1102678081e+01   -1.1347297150e+01    5.1200000000e+02    9.9382986600e-01    7.2977701823e-01
        58   -4.5731477161e+01    2.0928000542e+03   -8.0144293396e+01    3.4412816235e+01   -2.1593326889e+01    4.0727637366e+00   -1.1521052162e+01   -5.1102678081e+01   -1.1233401699e+01    5.1200000000e+02    9.9105106400e-01    7.2979736328e-01
        59   -4.5808264083e+01    2.0997316937e+03   -8.0402610324e+01    3.4594346241e+01   -2.1598981338e+01    3.8244730511e+00   -1.1525423956e+01   -5.1102678081e+01   -1.1249425645e+01    5.1200000000e+02    9.9623359100e-01    7.2774251302e-01
        60   -4.5813622840e+01    2.1000737092e+03   -8.0436218035e+01    3.4622595195e+01   -2.1267796704e+01    3.4291103853e+00   -1.1494853636e+01   -5.1102678081e+01   -1.1222180268e+01    5.1200000000e+02    9.8520669100e-01    7.2812906901e-01
        61   -4.5888572222e+01    2.1071442655e+03   -8.0337422480e+01    3.4448850258e+01   -2.1070431227e+01    3.3319739995e+00   -1.1496287171e+01   -5.1102678081e+01   -1.1219328711e+01    5.1200000000e+02    9.8685619100e-01    7.2967529297e-01
        62   -4.5831024604e+01    2.1020290209e+03   -8.0357288772e+01    3.4526264168e+01   -2.1005000074e+01    3.3872211227e+00   -1.1636831740e+01   -5.1102678081e+01   -1.1343150286e+01    5.1200000000e+02    9.9129203400e-01    7.3026529948e-01
        63   -4.5832699113e+01    2.1018756413e+03   -8.0452728357e+01    3.4620029244e+01   -2.0619575017e+01    2.8687917110e+00   -1.1599266970e+01   -5.1102678081e+01   -1.1294965384e+01    5.1200000000e+02    9.9485236700e-01    7.2599283854e-01
        64   -4.5824595017e+01    2.1010750860e+03   -8.0250156658e+01    3.4425561640e+01   -2.0805351312e+01    3.2045183052e+00   -1.1546645570e+01   -5.1102678081e+01   -1.1274060017e+01    5.1200000000e+02    9.9323069900e-01    7.3134358724e-01
        65   -4.5794820130e+01    2.0984159616e+03   -7.9899200985e+01    3.4104380856e+01   -2.0619582857e+01    3.3742118892e+00   -1.1551151936e+01   -5.1102678081e+01   -1.1265397101e+01    5.1200000000e+02    9.8894983000e-01    7.2450764974e-01
        66   -4.5735703770e+01    2.0931309820e+03   -7.9965974833e+01    3.4230271063e+01   -2.1145536886e+01    3.8518620886e+00   -1.1569621954e+01   -5.1102678081e+01   -1.1271842864e+01    5.1200000000e+02    9.8671257100e-01    7.2928873698e-01
        67   -4.5812830278e+01    2.1000096465e+03   -8.0351399060e+01    3.4538568781e+01   -2.1567866077e+01    3.7022481288e+00   -1.1383103030e+01   -5.1102678081e+01   -1.1106214640e+01    5.1200000000e+02    1.0017801050e+00    7.2766113281e-01
        68   -4.5776366751e+01    2.0969437131e+03   -8.0387664431e+01    3.4611297680e+01   -2.1361832097e+01    3.5332291413e+00   -1.1456383394e+01   -5.1102678081e+01   -1.1170610148e+01    5.1200000000e+02    9.8822088100e-01    7.3329671224e-01
        69   -4.5792052130e+01    2.0983481040e+03   -8.0643904930e+01    3.4851852801e+01   -2.1314316703e+01    3.2866327379e+00   -1.1513542884e+01   -5.1102678081e+01   -1.1215868725e+01    5.1200000000e+02    1.0373947390e+00    7.3085530599e-01
        70   -4.5845010844e+01    2.1031586131e+03   -8.0578767340e+01    3.4733756495e+01   -2.1271772712e+01    3.3549438963e+00   -1.1559260443e+01   -5.1102678081e+01   -1.1255816354e+01    5.1200000000e+02    9.9067505800e-01    7.3057047526e-01
        71   -4.5882656385e+01    2.1067217133e+03   -8.0560913945e+01    3.4678257560e+01   -2.1789949240e+01    3.9009267172e+00   -1.1569213341e+01   -5.1102678081e+01   -1.1299436912e+01    5.1200000000e+02    9.8589342400e-01    7.3417154948e-01
        72   -4.5822244560e+01    2.1010922627e+03   -8.0022479516e+01    3.4200234956e+01   -2.1458011865e+01    4.0419919714e+00   -1.1503781542e+01   -5.1102678081e+01   -1.1235096507e+01    5.1200000000e+02    9.8866370600e-01    7.2951253255e-01
        73   -4.5902925735e+01    2.1084506593e+03   -8.0275783403e+01    3.4372857668e+01   -2.0745647626e+01    2.9277714010e+00   -1.1355229097e+01   -5.1102678081e+01   -1.1092844999e+01    5.1200000000e+02    9.8251461500e-01    7.2745768229e-01
        74   -4.5890223957e+01    2.1071871464e+03   -7.9973944061e+01    3.4083720104e+01   -2.1004374429e+01    3.6659039259e+00   -1.1532795477e+01   -5.1102678081e+01   -1.1251093694e+01    5.1200000000e+02    9.8055038800e-01    7.3067220052e-01
        75   -4.5870979156e+01    2.1055019726e+03   -8.0934799142e+01    3.5063819987e+01   -2.1772322391e+01    3.1953958812e+00   -1.1255194551e+01   -5.1102678081e+01   -1.0976907958e+01    5.1200000000e+02    9.8541660600e-01    7.2867838542e-01
        76   -4.5820700261e+01    2.1007260174e+03   -8.0456895219e+01    3.4636194958e+01   -2.1183786681e+01    3.3294374476e+00   -1.1499867905e+01   -5.1102678081e+01   -1.1219930199e+01    5.1200000000e+02    9.8912866500e-01    7.2949218750e-01
        77   -4.5795250177e+01    2.0984958288e+03   -8.0677574786e+01    3.4882324609e+01   -2.1241075201e+01    3.3059438575e+00   -1.1639765361e+01   -5.1102678081e+01   -1.1354714900e+01    5.1200000000e+02    9.9734150100e-01    7.3288981120e-01
        78   -4.5840419777e+01    2.1026661324e+03   -8.0977409634e+01    3.5136989857e+01   -2.1282688314e+01    3.0062119167e+00   -1.1598255156e+01   -5.1102678081e+01   -1.1310387921e+01    5.1200000000e+02    1.0003645180e+00    7.2566731771e-01
        79   -4.5838277020e+01    2.1029990532e+03   -8.0651768999e+01    3.4813491978e+01   -2.1379087650e+01    3.3106777407e+00   -1.1480681009e+01   -5.1102678081e+01   -1.1184405751e+01    5.1200000000e+02    1.0066695490e+00    7.2587076823e-01
        80   -4.5759664845e+01    2.0952286820e+03   -8.0369164422e+01    3.4609499576e+01   -2.1240481898e+01    3.4181789585e+00   -1.1444183401e+01   -5.1102678081e+01   -1.1184082404e+01    5.1200000000e+02    1.0007345660e+00    7.3000081380e-01
        81   -4.5779919290e+01    2.0970569164e+03   -8.0696532111e+01    3.4916612821e+01   -2.1643843630e+01    3.5331834874e+00   -1.1483193888e+01   -5.1102678081e+01   -1.1204564825e+01    5.1200000000e+02    9.9880837600e-01    7.3240152995e-01
        82   -4.5787009575e+01    2.0977473087e+03   -8.0473793554e+01    3.4686783979e+01   -2.1769852714e+01    3.6587569058e+00   -1.1260019665e+01   -5.1102678081e+01   -1.0968537480e+01    5.1200000000e+02    1.0157471580e+00    7.2937011719e-01
        83   -4.5918611970e+01    2.1099356583e+03   -8.0337801484e+01    3.4419189514e+01   -2.1263708355e+01    3.6643192279e+00   -1.1635734276e+01   -5.1102678081e+01   -1.1340133961e+01    5.1200000000e+02    1.0191554560e+00    7.2479248047e-01
        84   -4.5793078623e+01    2.0983564636e+03   -8.0199175960e+01    3.4406097337e+01   -2.0954157724e+01    3.4074854155e+00   -1.1549825571e+01   -5.1102678081e+01   -1.1267675496e+01    5.1200000000e+02    1.0079156010e+00    7.3103841146e-01
        85   -4.5841663640e+01    2.1029220119e+03   -8.0731160252e+01    3.4889496612e+01   -2.1612619960e+01    3.5374234061e+00   -1.1553285617e+01   -5.1102678081e+01   -1.1281898556e+01    5.1200000000e+02    1.0055463850e+00    7.3138427734e-01
        86   -4.5733720164e+01    2.0930072295e+03   -7.9543472942e+01    3.3809752777e+01   -2.1195551984e+01    4.2007585860e+00   -1.1446001462e+01   -5.1102678081e+01   -1.1175715877e+01    5.1200000000e+02    1.0057892940e+00    7.2788492839e-01
        87   -4.5766100263e+01    2.0959387008e+03   -7.9858903412e+01    3.4092803149e+01   -2.1034210461e+01    3.8963292458e+00   -1.1618344116e+01   -5.1102678081e+01   -1.1374030740e+01    5.1200000000e+02    1.0095793020e+00    7.3030598958e-01
        88   -4.5840961836e+01    2.1026953937e+03   -8.0385327834e+01    3.4544365998e+01   -2.1469884108e+01    3.6990000962e+00   -1.1511765741e+01   -5.1102678081e+01   -1.1255151857e+01    5.1200000000e+02    1.0022658620e+00    7.2983805339e-01
        89   -4.5874888221e+01    2.1056982138e+03   -8.0231160109e+01    3.4356271888e+01   -2.1403164074e+01    3.8358439057e+00   -1.1561161860e+01   -5.1102678081e+01   -1.1309862273e+01    5.1200000000e+02    1.0165346360e+00    7.3034667969e-01
        90   -4.5865031763e+01    2.1048961221e+03   -8.0638641823e+01    3.4773610060e+01   -2.1695668151e+01    3.5603283425e+00   -1.1400623933e+01   -5.1102678081e+01   -1.1113662189e+01    5.1200000000e+02    1.0049250990e+00    7.2772216797e-01
        91   -4.5772529966e+01    2.0972852089e+03   -8.0781495104e+01    3.5008965138e+01   -2.1554284475e+01    3.3437213713e+00   -1.1468253920e+01   -5.1102678081e+01   -1.1186030648e+01    5.1200000000e+02    1.0030993500e+00    7.2782389323e-01
        92   -4.5721117904e+01    2.0921599905e+03   -7.9944905491e+01    3.4223787587e+01   -2.1372509263e+01    3.9574481119e+00   -1.1427166259e+01   -5.1102678081e+01   -1.1140848275e+01    5.1200000000e+02    1.0120520340e+00    7.2873942057e-01
        93   -4.5859833734e+01    2.1046010602e+03   -8.0666340289e+01    3.4806506555e+01   -2.1290513672e+01    3.1833776534e+00   -1.1456526189e+01   -5.1102678081e+01   -1.1188843385e+01    5.1200000000e+02    1.0072776200e+00    7.2945149740e-01
        94   -4.5776996299e+01    2.0969357144e+03   -8.0974766237e+01    3.5197769937e+01   -2.1591218505e+01    3.1634874770e+00   -1.1444357128e+01   -5.1102678081e+01   -1.1160246311e+01    5.1200000000e+02    1.0025320720e+00    7.2782389323e-01
        95   -4.5788819812e+01    2.0979421169e+03   -8.0383935884e+01    3.4595116073e+01   -2.1053473214e+01    3.2661162716e+00   -1.1493900860e+01   -5.1102678081e+01   -1.1211048523e+01    5.1200000000e+02    1.0519492130e+00    7.2611490885e-01
        96   -4.5795319969e+01    2.0986825114e+03   -8.0692574800e+01    3.4897254832e+01   -2.1298523182e+01    3.2791121622e+00   -1.1570485700e+01   -5.1102678081e+01   -1.1284884515e+01    5.1200000000e+02    1.0141285420e+00    7.3148600260e-01
        97   -4.5748265982e+01    2.0942361131e+03   -8.0983264907e+01    3.5234998924e+01   -2.1673811161e+01    3.2255560769e+00   -1.1432331742e+01   -5.1102678081e+01   -1.1154656967e+01    5.1200000000e+02    1.0116619310e+00    7.2861735026e-01
        98   -4.5839080068e+01    2.1025688233e+03   -8.1215725053e+01    3.5376644985e+01   -2.1806442266e+01    3.1424584393e+00   -1.1449063145e+01   -5.1102678081e+01   -1.1186652787e+01    5.1200000000e+02    1.0422651040e+00    7.2841389974e-01
        99   -4.5794329960e+01    2.0984631157e+03   -8.0726457781e+01    3.4932127821e+01   -2.1627616887e+01    3.5239017827e+00   -1.1520064596e+01   -5.1102678081e+01   -1.1243270279e+01    5.1200000000e+02    1.0620503440e+00    7.2733561198e-01
       100   -4.5780787200e+01    2.0973210751e+03   -8.0326383537e+01    3.4545596337e+01   -2.0985546338e+01    3.3109702339e+00   -1.1549129352e+01   -5.1102678081e+01   -1.1246095518e+01    5.1200000000e+02    9.9104581900e-01    7.3140462240e-01
       101   -4.5736665921e+01    2.0931576635e+03   -8.0301909036e+01    3.4565243114e+01   -2.1395720802e+01    3.7653825979e+00   -1.1568892751e+01   -5.1102678081e+01   -1.1266062781e+01    5.1200000000e+02    9.9458313400e-01    7.2644042969e-01
       102   -4.5770221261e+01    2.0962194348e+03   -8.1080087399e+01    3.5309866138e+01   -2.1721214836e+01    3.2892782008e+00   -1.1545472683e+01   -5.1102678081e+01   -1.1257825227e+01    5.1200000000e+02    9.8682084300e-01    7.2684733073e-01
       103   -4.5841433568e+01    2.1027070412e+03   -8.0612448996e+01    3.4771015429e+01   -2.1485774293e+01    3.3465121626e+00   -1.1370508784e+01   -5.1102678081e+01   -1.1091560306e+01    5.1200000000e+02    9.9684504000e-01    7.2880045573e-01
       104   -4.5755898792e+01    2.0947424829e+03   -8.0068171268e+01    3.4312272476e+01   -2.0765787558e+01    3.3745190503e+00   -1.1574224679e+01   -5.1102678081e+01   -1.1299777148e+01    5.1200000000e+02    9.9547990400e-01    7.2955322266e-01
       105   -4.5841315693e+01    2.1027232270e+03   -8.0334338541e+01    3.4493022848e+01   -2.1285214975e+01    3.7433466480e+00   -1.1689792133e+01   -5.1102678081e+01   -1.1410060053e+01    5.1200000000e+02    9.9517241100e-01    7.2939046224e-01
       106   -4.5766930947e+01    2.0959036859e+03   -8.0187825029e+01    3.4420894082e+01   -2.0626708383e+01    3.1071627403e+00   -1.1565601305e+01   -5.1102678081e+01   -1.1282230126e+01    5.1200000000e+02    9.9585524200e-01    7.3126220703e-01
       107   -4.5768759000e+01    2.0961865719e+03   -7.9986057033e+01    3.4217298033e+01   -2.1039704383e+01    3.6662204310e+00   -1.1509894999e+01   -5.1102678081e+01   -1.1224296371e+01    5.1200000000e+02    1.0235278780e+00    7.2837320964e-01
       108   -4.5727160288e+01    2.0923162838e+03   -8.0500021849e+01    3.4772861561e+01   -2.1022789807e+01    3.2113882382e+00   -1.1585942199e+01   -5.1102678081e+01   -1.1299420458e+01    5.1200000000e+02    9.9028402800e-01    7.2739664714e-01
       109   -4.5738805645e+01    2.0935068740e+03   -8.0066881623e+01    3.4328075978e+01   -2.0803693301e+01    3.2855970726e+00   -1.1446107313e+01   -5.1102678081e+01   -1.1171030722e+01    5.1200000000e+02    1.0010814350e+00    7.2794596354e-01
       110   -4.5772849262e+01    2.0966314593e+03   -8.0418294619e+01    3.4645445357e+01   -2.0985622651e+01    3.1789561768e+00   -1.1508950063e+01   -5.1102678081e+01   -1.1215985555e+01    5.1200000000e+02    9.8649879400e-01    7.3077392578e-01
       111   -4.5748253221e+01    2.0941633802e+03   -8.0411030180e+01    3.4662776959e+01   -2.0844929597e+01    3.1616132580e+00   -1.1625035760e+01   -5.1102678081e+01   -1.1350639210e+01    5.1200000000e+02    9.8811902600e-01    7.3111979167e-01
       112   -4.5740845242e+01    2.0933897954e+03   -8.0848120270e+01    3.5107275028e+01   -2.1309994037e+01    3.2388217231e+00   -1.1674269875e+01   -5.1102678081e+01   -1.1369618589e+01    5.1200000000e+02    9.7296516600e-01    7.2485351562e-01
       113   -4.5703563185e+01    2.0901361080e+03   -7.9845427740e+01    3.4141864555e+01   -2.0162931853e+01    3.0947649129e+00   -1.1674582719e+01   -5.1102678081e+01   -1.1384225790e+01    5.1200000000e+02    9.9526555400e-01    7.2776285807e-01
       114   -4.5834638578e+01    2.1023580767e+03   -7.9758478647e+01    3.3923840069e+01   -2.0686461762e+01    3.4664000668e+00   -1.1435738871e+01   -5.1102678081e+01   -1.1171719464e+01    5.1200000000e+02    9.8809775700e-01    7.2741699219e-01
       115   -4.5701001025e+01    2.0901281635e+03   -8.0356236500e+01    3.4655235475e+01   -2.1415545496e+01    3.6557961698e+00   -1.1493809093e+01   -5.1102678081e+01   -1.1222873994e+01    5.1200000000e+02    1.0298489750e+00    7.2469075521e-01
       116   -4.5869957575e+01    2.1051980501e+03   -7.9343995527e+01    3.3474037952e+01   -2.0130578638e+01    3.4699811398e+00   -1.1580719947e+01   -5.1102678081e+01   -1.1313990397e+01    5.1200000000e+02    1.0526421020e+00    7.2953287760e-01
       117   -4.5786112250e+01    2.0979273426e+03   -8.0031528713e+01    3.4245416463e+01   -2.0743769422e+01    3.4136042483e+00   -1.1598685458e+01   -5.1102678081e+01   -1.1326926146e+01    5.1200000000e+02    1.0188897650e+00    7.3284912109e-01
       118   -4.5836940386e+01    2.1022702438e+03   -8.0028495802e+01    3.4191555416e+01   -2.0811469565e+01    3.5636431495e+00   -1.1677991305e+01   -5.1102678081e+01   -1.1407369246e+01    5.1200000000e+02    9.8096734500e-01    7.3126220703e-01
       119   -4.5803843471e+01    2.0992772008e+03   -8.0088612593e+01    3.4284769122e+01   -2.0805109963e+01    3.4002522036e+00   -1.1581076752e+01   -5.1102678081e+01   -1.1326588382e+01    5.1200000000e+02    9.9854548200e-01    7.3120117188e-01
       120   -4.5769291390e+01    2.0963208815e+03   -8.0408477138e+01    3.4639185748e+01   -2.1577693200e+01    3.7513367063e+00   -1.1479442563e+01   -5.1102678081e+01   -1.1199229945e+01    5.1200000000e+02    9.8226159000e-01    7.3085530599e-01
       121   -4.5705532360e+01    2.0903578492e+03   -8.0520696943e+01    3.4815164584e+01   -2.1307069962e+01    3.3246150477e+00   -1.1435563948e+01   -5.1102678081e+01   -1.1164757380e+01    5.1200000000e+02    9.8151069600e-01    7.2609456380e-01
       122   -4.5823260214e+01    2.1011477838e+03   -8.0241117325e+01    3.4417857111e+01   -2.1317719532e+01    3.6113958684e+00   -1.1432115581e+01   -5.1102678081e+01   -1.1178357763e+01    5.1200000000e+02    9.7940753500e-01    7.2823079427e-01
       123   -4.5876068693e+01    2.1067308194e+03   -8.1090686133e+01    3.5214617440e+01   -2.1787712076e+01    3.5013476465e+00   -1.1701643622e+01   -5.1102678081e+01   -1.1427231219e+01    5.1200000000e+02    9.8948368600e-01    7.2698974609e-01
       124   -4.5803646198e+01    2.0992319955e+03   -8.0908313229e+01    3.5104667031e+01   -2.1192486271e+01    3.0028186610e+00   -1.1615967538e+01   -5.1102678081e+01   -1.1330684841e+01    5.1200000000e+02    9.8819721000e-01    7.2873942057e-01
       125   -4.5814904008e+01    2.1002504440e+03   -8.0460504486e+01    3.4645600478e+01   -2.1161604885e+01    3.2714036023e+00   -1.1467625122e+01   -5.1102678081e+01   -1.1192759331e+01    5.1200000000e+02    1.0302744880e+00    7.2574869792e-01
       126   -4.5799225622e+01    2.0987347849e+03   -8.0373287077e+01    3.4574061455e+01   -2.1034779832e+01    3.3030975884e+00   -1.1538926752e+01   -5.1102678081e+01   -1.1274491716e+01    5.1200000000e+02    9.9368303500e-01    7.3116048177e-01
       127   -4.5724092444e+01    2.0920515932e+03   -7.9697319252e+01    3.3973226809e+01   -2.0393400712e+01    3.1803337530e+00   -1.1381574213e+01   -5.1102678081e+01   -1.1096548131e+01    5.1200000000e+02    9.9882344200e-01    7.2998046875e-01
       128   -4.5782249182e+01    2.0972577049e+03   -8.0032396202e+01    3.4250147020e+01   -2.0538107351e+01    3.2226853552e+00   -1.1614296125e+01   -5.1102678081e+01   -1.1338776508e+01    5.1200000000e+02    9.9620248400e-01    7.2969563802e-01
       129   -4.5942676194e+01    2.1118653924e+03   -8.0347561040e+01    3.4404884846e+01   -2.0778716605e+01    3.1516077615e+00   -1.1617774116e+01   -5.1102678081e+01   -1.1324196444e+01    5.1200000000e+02    1.0168366370e+00    7.2619628906e-01
       130   -4.5824221596e+01    2.1013038617e+03   -8.0017793980e+01    3.4193572385e+01   -2.0710640775e+01    3.3597384007e+00   -1.1564213525e+01   -5.1102678081e+01   -1.1285449246e+01    5.1200000000e+02    1.0090745160e+00    7.2810872396e-01
       131   -4.5737194604e+01    2.0932469201e+03   -8.0306478825e+01    3.4569284221e+01   -2.0868402043e+01    3.1170825721e+00   -1.1452481274e+01   -5.1102678081e+01   -1.1166685104e+01    5.1200000000e+02    1.0164920280e+00    7.2865804036e-01
       132   -4.5786885973e+01    2.0977488481e+03   -8.0814840757e+01    3.5027954784e+01   -2.1539228956e+01    3.4159619120e+00   -1.1588895632e+01   -5.1102678081e+01   -1.1313109935e+01    5.1200000000e+02    1.0100011490e+00    7.2924804688e-01
       133   -4.5832916651e+01    2.1020705667e+03   -7.9846725074e+01    3.4013808423e+01   -2.0929596810e+01    3.5759230331e+00   -1.1390373215e+01   -5.1102678081e+01   -1.1094821339e+01    5.1200000000e+02    1.0098801650e+00    7.2552490234e-01
       134   -4.5755962529e+01    2.0948614764e+03   -8.0269287481e+01    3.4513324952e+01   -2.1229381719e+01    3.6379892675e+00   -1.1575216948e+01   -5.1102678081e+01   -1.1282893250e+01    5.1200000000e+02    1.0038195880e+00    7.2886149089e-01
       135   -4.5785512409e+01    2.0975314201e+03   -8.0316239295e+01    3.4530726886e+01   -2.0826489444e+01    3.2767242122e+00   -1.1663795982e+01   -5.1102678081e+01   -1.1390363135e+01    5.1200000000e+02    1.0015535630e+00    7.2902425130e-01
       136   -4.5696836102e+01    2.0895764031e+03   -8.0962664156e+01    3.5265828054e+01   -2.1644526247e+01    3.2924292693e+00   -1.1507889097e+01   -5.1102678081e+01   -1.1231933243e+01    5.1200000000e+02    1.0038451520e+00    7.2806803385e-01
       137   -4.5767641982e+01    2.0959161306e+03   -8.0304562490e+01    3.4536920508e+01   -2.1081709885e+01    3.5386174427e+00   -1.1658791966e+01   -5.1102678081e+01   -1.1374327353e+01    5.1200000000e+02    9.9952068300e-01    7.2975667318e-01
       138   -4.5680436818e+01    2.0879445803e+03   -7.9901838598e+01    3.4221401779e+01   -2.0400576825e+01    3.2228029668e+00   -1.1621386658e+01   -5.1102678081e+01   -1.1353596157e+01    5.1200000000e+02    9.9508221800e-01    7.3266601562e-01
       139   -4.5845673450e+01    2.1033377558e+03   -8.0243066050e+01    3.4397392600e+01   -2.0657541890e+01    3.2708739924e+00   -1.1753720072e+01   -5.1102678081e+01   -1.1480461623e+01    5.1200000000e+02    1.0019309140e+00    7.3114013672e-01
       140   -4.5818682000e+01    2.1010803994e+03   -8.0136836719e+01    3.4318154719e+01   -2.0724005726e+01    3.3410428200e+00   -1.1651195732e+01   -5.1102678081e+01   -1.1364284732e+01    5.1200000000e+02    9.8211967400e-01    7.2625732422e-01
       141   -4.5828403828e+01    2.1017781250e+03   -8.0514967729e+01    3.4686563900e+01   -2.0746464515e+01    2.9189172236e+00   -1.1584742356e+01   -5.1102678081e+01   -1.1280022979e+01    5.1200000000e+02    9.8639769200e-01    7.2692871094e-01
       142   -4.5760212068e+01    2.0952301277e+03   -8.0230940524e+01    3.4470728455e+01   -2.1288659665e+01    3.5475169275e+00   -1.1387119705e+01   -5.1102678081e+01   -1.1073880917e+01    5.1200000000e+02    9.8196132000e-01    7.2672526042e-01
       143   -4.5800700020e+01    2.0993145671e+03   -8.0297276182e+01    3.4496576162e+01   -2.0915290833e+01    3.2140682281e+00   -1.1493375497e+01   -5.1102678081e+01   -1.1197273633e+01    5.1200000000e+02    9.8866426900e-01    7.2418212891e-01
       144   -4.5854277028e+01    2.1039886461e+03   -8.0370889052e+01    3.4516612024e+01   -2.1197852338e+01    3.5600308881e+00   -1.1630389521e+01   -5.1102678081e+01   -1.1338383535e+01    5.1200000000e+02    9.8594274400e-01    7.2568766276e-01
       145   -4.5795704749e+01    2.0986381586e+03   -7.9764788934e+01    3.3969084185e+01   -2.0942252347e+01    3.8052423145e+00   -1.1525100821e+01   -5.1102678081e+01   -1.1238171054e+01    5.1200000000e+02    9.8823861300e-01    7.3303222656e-01
       146   -4.5764006889e+01    2.0957959717e+03   -7.9625156073e+01    3.3861149184e+01   -2.0560870279e+01    3.5770471959e+00   -1.1538654909e+01   -5.1102678081e+01   -1.1253088391e+01    5.1200000000e+02    1.0113464010e+00    7.2880045573e-01
       147   -4.5843977956e+01    2.1028814712e+03   -7.9866334316e+01    3.4022356360e+01   -2.0437937036e+01    3.3695920399e+00   -1.1695311238e+01   -5.1102678081e+01   -1.1420801858e+01    5.1200000000e+02    9.8892944200e-01    7.2965494792e-01
       148   -4.5854597141e+01    2.1040972091e+03   -7.9748410082e+01    3.3893812941e+01   -2.0381334945e+01    3.2403587481e+00   -1.1504755804e+01   -5.1102678081e+01   -1.1231045443e+01    5.1200000000e+02    1.0011568120e+00    7.2973632812e-01
       149   -4.5819499118e+01    2.1006160917e+03   -8.0109486864e+01    3.4289987747e+01   -2.0934740514e+01    3.5954406607e+00   -1.1667508930e+01   -5.1102678081e+01   -1.1384372146e+01    5.1200000000e+02    1.0059163470e+00    7.2904459635e-01
       150   -4.5824888844e+01    2.1011685119e+03   -8.0797718221e+01    3.4972829377e+01   -2.1871897251e+01    3.6384552446e+00   -1.1461598133e+01   -5.1102678081e+01   -1.1201337817e+01    5.1200000000e+02    1.0048490490e+00    7.3050944010e-01
       151   -4.5851907907e+01    2.1035677710e+03   -8.0475187906e+01    3.4623279999e+01   -2.1567017349e+01    3.8048332678e+00   -1.1610325743e+01   -5.1102678081e+01   -1.1332996407e+01    5.1200000000e+02    9.9673287200e-01    7.2819010417e-01
       152   -4.5789986531e+01    2.0979514758e+03   -8.0943710878e+01    3.5153724347e+01   -2.1346511912e+01    2.9967428802e+00   -1.1491263765e+01   -5.1102678081e+01   -1.1197095331e+01    5.1200000000e+02    9.9956142200e-01    7.2969563802e-01
       153   -4.5803166169e+01    2.0992641796e+03   -8.0176144124e+01    3.4372977955e+01   -2.0787587012e+01    3.3055800406e+00   -1.1591459072e+01   -5.1102678081e+01   -1.1285581841e+01    5.1200000000e+02    9.8261503300e-01    7.2542317708e-01
       154   -4.5848548818e+01    2.1033782524e+03   -7.9794709313e+01    3.3946160495e+01   -2.0530291048e+01    3.2841916645e+00   -1.1445931848e+01   -5.1102678081e+01   -1.1129549888e+01    5.1200000000e+02    9.7860513200e-01    7.2290039062e-01
       155   -4.5817564644e+01    2.1007434003e+03   -7.9879262803e+01    3.4061698159e+01   -2.0813791712e+01    3.5061655351e+00   -1.1468958545e+01   -5.1102678081e+01   -1.1159769182e+01    5.1200000000e+02    1.0172469270e+00    7.3099772135e-01
       156   -4.5679853089e+01    2.0879062304e+03   -8.0613712998e+01    3.4933859909e+01   -2.1302703832e+01    3.2982959912e+00   -1.1506627076e+01   -5.1102678081e+01   -1.1223222701e+01    5.1200000000e+02    9.7728340100e-01    7.2694905599e-01
       157   -4.5749572205e+01    2.0945477715e+03   -8.0674702833e+01    3.4925130628e+01   -2.0958928852e+01    2.9217471518e+00   -1.1534843052e+01   -5.1102678081e+01   -1.1244465038e+01    5.1200000000e+02    9.8665879900e-01    7.2816975911e-01
       158   -4.5749969297e+01    2.0944780238e+03   -8.0622582505e+01    3.4872613209e+01   -2.1294747485e+01    3.2576699397e+00   -1.1482826878e+01   -5.1102678081e+01   -1.1184905215e+01    5.1200000000e+02    9.8212251500e-01    7.2729492188e-01
       159   -4.5785636835e+01    2.0977457180e+03   -8.0997254651e+01    3.5211617816e+01   -2.1199692911e+01    3.0386609747e+00   -1.1733544633e+01   -5.1102678081e+01   -1.1465337322e+01    5.1200000000e+02    9.9852407900e-01    7.2814941406e-01
       160   -4.5803656141e+01    2.0991548920e+03   -8.0487415382e+01    3.4683759241e+01   -2.1056580925e+01    3.1667270657e+00   -1.1494883442e+01   -5.1102678081e+01   -1.1226608031e+01    5.1200000000e+02    9.8117186100e-01    7.2703043620e-01
       161   -4.5756903940e+01    2.0947696904e+03   -7.9832912342e+01    3.4076008402e+01   -2.0277601940e+01    3.1054476446e+00   -1.1558079965e+01   -5.1102678081e+01   -1.1282097612e+01    5.1200000000e+02    9.8285973900e-01    7.2613525391e-01
       162   -4.5693645866e+01    2.0890369785e+03   -8.0081165207e+01    3.4387519341e+01   -2.0756875354e+01    3.3640606881e+00   -1.1585672460e+01   -5.1102678081e+01   -1.1288100363e+01    5.1200000000e+02    9.7952702000e-01    7.2922770182e-01
       163   -4.5692576242e+01    2.0888989387e+03   -7.9701175728e+01    3.4008599486e+01   -2.0346972941e+01    3.3404337025e+00   -1.1591958408e+01   -5.1102678081e+01   -1.1318280096e+01    5.1200000000e+02    9.8023826300e-01    7.2957356771e-01
       164   -4.5773758189e+01    2.0981680329e+03   -7.9947500827e+01    3.4173742639e+01   -2.0602692480e+01    3.3111000121e+00   -1.1553230279e+01   -5.1102678081e+01   -1.1262560236e+01    5.1200000000e+02    9.7886878300e-01    7.2849527995e-01
       165   -4.5845639372e+01    2.1034123230e+03   -8.0435652640e+01    3.4590013267e+01   -2.1029377566e+01    3.3416332101e+00   -1.1645230203e+01   -5.1102678081e+01   -1.1359061379e+01    5.1200000000e+02    9.8752057000e-01    7.2735595703e-01
       166   -4.5705607402e+01    2.0903879734e+03   -8.0118648657e+01    3.4413041254e+01   -2.1019884921e+01    3.4363005209e+00   -1.1432386175e+01   -5.1102678081e+01   -1.1157255027e+01    5.1200000000e+02    1.0013937680e+00    7.2823079427e-01
       167   -4.5782230849e+01    2.0973000706e+03   -8.0411767101e+01    3.4629536253e+01   -2.0957566134e+01    3.0310373163e+00   -1.1382560202e+01   -5.1102678081e+01   -1.1090085934e+01    5.1200000000e+02    1.0069893870e+00    7.2562662760e-01
       168   -4.5741170501e+01    2.0935755081e+03   -7.9951106131e+01    3.4209935629e+01   -2.0825945521e+01    3.4032306124e+00   -1.1425713141e+01   -5.1102678081e+01   -1.1138489318e+01    5.1200000000e+02    1.0075289900e+00    7.3083496094e-01
       169   -4.5827805081e+01    2.1015786430e+03   -8.0552079869e+01    3.4724274788e+01   -2.1003869321e+01    3.0966847979e+00   -1.1542217264e+01   -5.1102678081e+01   -1.1266063000e+01    5.1200000000e+02    1.0103080260e+00    7.3016357422e-01
       170   -4.5872322149e+01    2.1055099911e+03   -8.0132138414e+01    3.4259816265e+01   -2.0626398201e+01    3.1264517467e+00   -1.1529513879e+01   -5.1102678081e+01   -1.1248366475e+01    5.1200000000e+02    9.9231148900e-01    7.2772216797e-01
       171   -4.5806134033e+01    2.0994904653e+03   -8.0920688259e+01    3.5114554226e+01   -2.1368909449e+01    3.1976043067e+00   -1.1646705036e+01   -5.1102678081e+01   -1.1383556603e+01    5.1200000000e+02    9.9579194500e-01    7.2985839844e-01
       172   -4.5813110724e+01    2.1001876240e+03   -8.0348996873e+01    3.4535886149e+01   -2.0666568286e+01    2.9818711256e+00   -1.1561621631e+01   -5.1102678081e+01   -1.1302826008e+01    5.1200000000e+02    1.0000973780e+00    7.2711181641e-01
       173   -4.5719329765e+01    2.0912971173e+03   -8.0456330376e+01    3.4737000611e+01   -2.1374925913e+01    3.6093254795e+00   -1.1588051861e+01   -5.1102678081e+01   -1.1321860442e+01    5.1200000000e+02    1.0062110440e+00    7.2788492839e-01
       174   -4.5791535809e+01    2.0981709791e+03   -8.0486843161e+01    3.4695307352e+01   -2.1108889862e+01    3.0966795551e+00   -1.1371954773e+01   -5.1102678081e+01   -1.1097627497e+01    5.1200000000e+02    1.0070033350e+00    7.2916666667e-01
       175   -4.5816819442e+01    2.1005567876e+03   -8.0970608572e+01    3.5153789130e+01   -2.1573625373e+01    3.3103970799e+00   -1.1604702198e+01   -5.1102678081e+01   -1.1336076367e+01    5.1200000000e+02    1.0125101360e+00    7.2745768229e-01
       176   -4.5788118759e+01    2.0977373288e+03   -8.0919549791e+01    3.5131431033e+01   -2.1311632936e+01    3.1089692554e+00   -1.1614208030e+01   -5.1102678081e+01   -1.1335485951e+01    5.1200000000e+02    1.0002891250e+00    7.2723388672e-01
       177   -4.5721037446e+01    2.0919221933e+03   -8.0285074808e+01    3.4564037363e+01   -2.1188130010e+01    3.4949226283e+00   -1.1489189345e+01   -5.1102678081e+01   -1.1212200633e+01    5.1200000000e+02    1.0131505490e+00    7.2973632812e-01
       178   -4.5789237233e+01    2.0979518629e+03   -8.0261944022e+01    3.4472706790e+01   -2.0992823014e+01    3.3700070183e+00   -1.1536449945e+01   -5.1102678081e+01   -1.1267354151e+01    5.1200000000e+02    9.9861675600e-01    7.2644042969e-01
       179   -4.5751062284e+01    2.0943490848e+03   -8.0587645452e+01    3.4836583168e+01   -2.1389065611e+01    3.5048972619e+00   -1.1600799021e+01   -5.1102678081e+01   -1.1309447887e+01    5.1200000000e+02    1.0188206000e+00    7.2947184245e-01
       180   -4.5836558211e+01    2.1024924825e+03   -8.0894039335e+01    3.5057481124e+01   -2.1384366480e+01    3.2259771611e+00   -1.1632971935e+01   -5.1102678081e+01   -1.1355725691e+01    5.1200000000e+02    1.0047534230e+00    7.2823079427e-01
       181   -4.5842511086e+01    2.1034526883e+03   -8.0836378441e+01    3.4993867356e+01   -2.1828193661e+01    3.7593801659e+00   -1.1664886865e+01   -5.1102678081e+01   -1.1413005888e+01    5.1200000000e+02    1.0052528800e+00    7.3063151042e-01
       182   -4.5776647079e+01    2.0968886700e+03   -8.0258097387e+01    3.4481450307e+01   -2.1553845823e+01    4.0017199245e+00   -1.1603293408e+01   -5.1102678081e+01   -1.1333955901e+01    5.1200000000e+02    9.9184636200e-01    7.3000081380e-01
       183   -4.5820205890e+01    2.1010538187e+03   -8.0151641139e+01    3.4331435249e+01   -2.1357486067e+01    3.8091207836e+00   -1.1500597774e+01   -5.1102678081e+01   -1.1223552565e+01    5.1200000000e+02    1.0078059360e+00    7.2631835938e-01
       184   -4.5777512957e+01    2.0970017044e+03   -8.0547834002e+01    3.4770321045e+01   -2.1435533850e+01    3.4217517279e+00   -1.1431373798e+01   -5.1102678081e+01   -1.1165456702e+01    5.1200000000e+02    1.0062836530e+00    7.2410074870e-01
       185   -4.5752623278e+01    2.0947354626e+03   -8.0517645682e+01    3.4765022404e+01   -2.1288350258e+01    3.3368123047e+00   -1.1463429647e+01   -5.1102678081e+01   -1.1188545798e+01    5.1200000000e+02    1.0493692210e+00    7.3046875000e-01
       186   -4.5708012637e+01    2.0905588730e+03   -8.0543188402e+01    3.4835175765e+01   -2.1290113246e+01    3.4186983259e+00   -1.1569095401e+01   -5.1102678081e+01   -1.1289027622e+01    5.1200000000e+02    1.0038173900e+00    7.2713216146e-01
       187   -4.5798092855e+01    2.0986566757e+03   -8.0771305071e+01    3.4973212216e+01   -2.1180071970e+01    3.1796420513e+00   -1.1668197070e+01   -5.1102678081e+01   -1.1387730455e+01    5.1200000000e+02    1.0019934270e+00    7.2621663411e-01
       188   -4.5859544361e+01    2.1044100892e+03   -8.0203563997e+01    3.4344019636e+01   -2.0699332723e+01    3.2112503841e+00   -1.1612803577e+01   -5.1102678081e+01   -1.1326817490e+01    5.1200000000e+02    9.8661950800e-01    7.2882080078e-01
       189   -4.5736760702e+01    2.0933070803e+03   -8.0324118379e+01    3.4587357677e+01   -2.1086570090e+01    3.4365803680e+00   -1.1571450576e+01   -5.1102678081e+01   -1.1264732954e+01    5.1200000000e+02    1.0058460210e+00    7.2973632812e-01
       190   -4.5786653702e+01    2.0976304948e+03   -7.9686958208e+01    3.3900304506e+01   -2.0330525852e+01    3.3529665411e+00   -1.1606720816e+01   -5.1102678081e+01   -1.1316363266e+01    5.1200000000e+02    9.8981564300e-01    7.2605387370e-01
       191   -4.5886281579e+01    2.1066920042e+03   -7.9905558781e+01    3.4019277203e+01   -2.0603092900e+01    3.4434530677e+00   -1.1643240868e+01   -5.1102678081e+01   -1.1375186202e+01    5.1200000000e+02    9.9657818200e-01    7.3000081380e-01
       192   -4.5834588403e+01    2.1019281466e+03   -8.0067072743e+01    3.4232484340e+01   -2.0439532090e+01    3.1266379034e+00   -1.1651500476e+01   -5.1102678081e+01   -1.1365969554e+01    5.1200000000e+02    9.9402309000e-01    7.2851562500e-01
       193   -4.5842580021e+01    2.1032073466e+03   -8.0425941701e+01    3.4583361680e+01   -2.1169277707e+01    3.3483716679e+00   -1.1502357581e+01   -5.1102678081e+01   -1.1224875303e+01    5.1200000000e+02    9.9528336500e-01    7.2703043620e-01
       194   -4.5846289752e+01    2.1032038572e+03   -8.0098531414e+01    3.4252241662e+01   -2.1285728220e+01    3.6448520083e+00   -1.1354977121e+01   -5.1102678081e+01   -1.1080879599e+01    5.1200000000e+02    9.9554757200e-01    7.2611490885e-01
       195   -4.5852174997e+01    2.1040879728e+03   -8.0241272896e+01    3.4389097899e+01   -2.0774681440e+01    3.2514762136e+00   -1.1615389588e+01   -5.1102678081e+01   -1.1337253345e+01    5.1200000000e+02    9.9633617100e-01    7.2890218099e-01
       196   -4.5803614607e+01    2.0992053417e+03   -8.0283727370e+01    3.4480112762e+01   -2.1371227247e+01    3.7422711578e+00   -1.1552093199e+01   -5.1102678081e+01   -1.1263627258e+01    5.1200000000e+02    9.9518530400e-01    7.2367350260e-01
       197   -4.5789556441e+01    2.0980921552e+03   -8.1018024135e+01    3.5228467695e+01   -2.1860252336e+01    3.5055222346e+00   -1.1560615953e+01   -5.1102678081e+01   -1.1296027188e+01    5.1200000000e+02    9.9868528200e-01    7.3024495443e-01
       198   -4.5754127254e+01    2.0947266298e+03   -8.0903480097e+01    3.5149352842e+01   -2.1004422440e+01    2.9612809788e+00   -1.1757660554e+01   -5.1102678081e+01   -1.1476740630e+01    5.1200000000e+02    9.9065907100e-01    7.2538248698e-01
       199   -4.5784122140e+01    2.0976059813e+03   -8.0423161605e+01    3.4639039465e+01   -2.1190662010e+01    3.5332610509e+00   -1.1663082565e+01   -5.1102678081e+01   -1.1377543096e+01    5.1200000000e+02    9.9515037000e-01    7.2682698568e-01
