#   index    LocalEnergy         LocalEnergy_sq      LocalPotential      Kinetic             LocalECP            NonLocalECP         ElecElec            IonIon              MPC                 BlockWeight         BlockCPU            AcceptRatio         
         0   -4.5090008103e+01    2.0345588663e+03   -8.2473824182e+01    3.7383816079e+01   -2.3266248802e+01    3.0781841509e+00   -1.1183081449e+01   -5.1102678081e+01   -1.0895509832e+01    5.1215526196e+02    7.1774550300e-01    9.9597167969e-01
         1   -4.5079709443e+01    2.0335021667e+03   -8.2808502072e+01    3.7728792629e+01   -2.3392754948e+01    2.9228974063e+00   -1.1235966449e+01   -5.1102678081e+01   -1.0952942826e+01    5.1197551412e+02    7.3602627800e-01    9.9694824219e-01
         2   -4.5058767013e+01    2.0315389340e+03   -8.2462675225e+01    3.7403908212e+01   -2.3045574493e+01    2.8174772880e+00   -1.1131899940e+01   -5.1102678081e+01   -1.0848783488e+01    5.1196073431e+02    7.0745175800e-01    9.9609375000e-01
         3   -4.5104852780e+01    2.0359162125e+03   -8.2364248785e+01    3.7259396005e+01   -2.3081196881e+01    2.9647716491e+00   -1.1145145472e+01   -5.1102678081e+01   -1.0863398938e+01    5.1415723910e+02    7.0766169800e-01    9.9586575875e-01
         4   -4.5109725317e+01    2.0362002679e+03   -8.2633971574e+01    3.7524246257e+01   -2.3150151509e+01    2.7996221372e+00   -1.1180764121e+01   -5.1102678081e+01   -1.0911153851e+01    5.1688678354e+02    7.1493504000e-01    9.9614643545e-01
         5   -4.5065198165e+01    2.0321924511e+03   -8.2546554552e+01    3.7481356387e+01   -2.3303829819e+01    3.0079693079e+00   -1.1148015959e+01   -5.1102678081e+01   -1.0877819195e+01    5.1002603670e+02    7.0424113300e-01    9.9623786408e-01
         6   -4.5108996497e+01    2.0362752571e+03   -8.2306109218e+01    3.7197112720e+01   -2.3331621499e+01    3.2819106001e+00   -1.1153720238e+01   -5.1102678081e+01   -1.0882784016e+01    5.1204656687e+02    7.1534536400e-01    9.9632352941e-01
         7   -4.5104938829e+01    2.0359921691e+03   -8.2413323448e+01    3.7308384619e+01   -2.3365911084e+01    3.2046990042e+00   -1.1149433287e+01   -5.1102678081e+01   -1.0884392526e+01    5.1192913542e+02    7.2988388000e-01    9.9603271484e-01
         8   -4.5080632261e+01    2.0336695030e+03   -8.2517835367e+01    3.7437203105e+01   -2.3193799538e+01    2.9548823110e+00   -1.1176240059e+01   -5.1102678081e+01   -1.0908867418e+01    5.1401811820e+02    7.4715471500e-01    9.9537937743e-01
         9   -4.5066513541e+01    2.0324810258e+03   -8.2252139857e+01    3.7185626316e+01   -2.3089466003e+01    3.0602254820e+00   -1.1120221255e+01   -5.1102678081e+01   -1.0854597520e+01    5.1398314889e+02    8.3373590100e-01    9.9660852713e-01
        10   -4.5072828799e+01    2.0329746390e+03   -8.2020460108e+01    3.6947631309e+01   -2.2989862342e+01    3.1134527345e+00   -1.1041372419e+01   -5.1102678081e+01   -1.0775665564e+01    5.1008035466e+02    7.1959692200e-01    9.9627685547e-01
        11   -4.5181900537e+01    2.0429360360e+03   -8.1849480555e+01    3.6667580018e+01   -2.3043434203e+01    3.3109034168e+00   -1.1014271688e+01   -5.1102678081e+01   -1.0743519603e+01    5.1421875837e+02    7.1740614700e-01    9.9639892578e-01
        12   -4.5186478271e+01    2.0432517972e+03   -8.1972738935e+01    3.6786260663e+01   -2.3128995477e+01    3.1999193338e+00   -1.0940984710e+01   -5.1102678081e+01   -1.0667981139e+01    5.1382690225e+02    7.2548900600e-01    9.9636627907e-01
        13   -4.5247465564e+01    2.0487667989e+03   -8.2085098721e+01    3.6837633157e+01   -2.3196586905e+01    3.1916814329e+00   -1.0977515168e+01   -5.1102678081e+01   -1.0709568962e+01    5.1332611108e+02    7.4514674400e-01    9.9587378641e-01
        14   -4.5165761923e+01    2.0411531308e+03   -8.2118966397e+01    3.6953204473e+01   -2.2835808263e+01    2.8788510246e+00   -1.1059331077e+01   -5.1102678081e+01   -1.0787264279e+01    5.1145883558e+02    7.4851283500e-01    9.9622319688e-01
        15   -4.5132175330e+01    2.0382418050e+03   -8.1797307222e+01    3.6665131892e+01   -2.2474442399e+01    2.9333364556e+00   -1.1153523198e+01   -5.1102678081e+01   -1.0877531059e+01    5.1446773574e+02    7.4482569500e-01    9.9610894942e-01
        16   -4.5134110441e+01    2.0383755843e+03   -8.2021744260e+01    3.6887633819e+01   -2.2604374320e+01    2.8858241728e+00   -1.1200516033e+01   -5.1102678081e+01   -1.0927384533e+01    5.0957027817e+02    7.3956844100e-01    9.9560546875e-01
        17   -4.5116714331e+01    2.0370280274e+03   -8.2014764266e+01    3.6898049935e+01   -2.2561646888e+01    2.8525546545e+00   -1.1202993952e+01   -5.1102678081e+01   -1.0934329073e+01    5.1135380332e+02    7.3888471100e-01    9.9650049116e-01
        18   -4.5081743622e+01    2.0337465230e+03   -8.2027145688e+01    3.6945402066e+01   -2.2323769641e+01    2.6901895155e+00   -1.1290887481e+01   -5.1102678081e+01   -1.1023210081e+01    5.1258881483e+02    7.3834948600e-01    9.9591064453e-01
        19   -4.5112731335e+01    2.0364622039e+03   -8.2142371793e+01    3.7029640458e+01   -2.2382722688e+01    2.6318873913e+00   -1.1288858416e+01   -5.1102678081e+01   -1.1026910387e+01    5.1650875863e+02    8.6807036900e-01    9.9595019342e-01
        20   -4.5162167919e+01    2.0411230202e+03   -8.1990335605e+01    3.6828167686e+01   -2.2514340446e+01    2.8394880361e+00   -1.1212805114e+01   -5.1102678081e+01   -1.0948758215e+01    5.1165716053e+02    7.4486534000e-01    9.9594234496e-01
        21   -4.5154363358e+01    2.0402757975e+03   -8.1877875462e+01    3.6723512103e+01   -2.2405200780e+01    2.8417165612e+00   -1.1211713162e+01   -5.1102678081e+01   -1.0945561629e+01    5.0997389861e+02    7.2530324500e-01    9.9595588235e-01
        22   -4.5156022715e+01    2.0405099916e+03   -8.2151436049e+01    3.6995413334e+01   -2.2729481786e+01    2.8837455958e+00   -1.1203021777e+01   -5.1102678081e+01   -1.0938024580e+01    5.0798065799e+02    7.1973492700e-01    9.9587844488e-01
        23   -4.5131080656e+01    2.0383251863e+03   -8.2377403178e+01    3.7246322522e+01   -2.2751915592e+01    2.7898122649e+00   -1.1312621769e+01   -5.1102678081e+01   -1.1048392072e+01    5.1096328520e+02    7.1749456200e-01    9.9639187867e-01
        24   -4.5169707803e+01    2.0418816258e+03   -8.2342673562e+01    3.7172965759e+01   -2.2727601091e+01    2.8058810381e+00   -1.1318275428e+01   -5.1102678081e+01   -1.1055369172e+01    5.1198123684e+02    7.1933505300e-01    9.9615478516e-01
        25   -4.5134799251e+01    2.0385880579e+03   -8.2306583464e+01    3.7171784213e+01   -2.2833445705e+01    2.8553188568e+00   -1.1225778535e+01   -5.1102678081e+01   -1.0967123539e+01    5.1098000384e+02    7.1675660100e-01    9.9596379648e-01
        26   -4.5134837249e+01    2.0390688722e+03   -8.2492637382e+01    3.7357800133e+01   -2.3058010832e+01    2.9921819357e+00   -1.1324130405e+01   -5.1102678081e+01   -1.1067445615e+01    5.1288752139e+02    7.1989527500e-01    9.9628411306e-01
        27   -4.5067116175e+01    2.0322685814e+03   -8.2409646630e+01    3.7342530455e+01   -2.2814034728e+01    2.7116581256e+00   -1.1204591947e+01   -5.1102678081e+01   -1.0937327016e+01    5.1075234241e+02    7.1250467900e-01    9.9620841487e-01
        28   -4.5122423904e+01    2.0374169262e+03   -8.2400965461e+01    3.7278541557e+01   -2.2818590866e+01    2.7643911444e+00   -1.1244087658e+01   -5.1102678081e+01   -1.0981856507e+01    5.1179602105e+02    7.2414871500e-01    9.9639892578e-01
        29   -4.5109011802e+01    2.0361749860e+03   -8.2265558226e+01    3.7156546424e+01   -2.2723799712e+01    2.7694575669e+00   -1.1208538000e+01   -5.1102678081e+01   -1.0945501748e+01    5.1188486795e+02    8.1093100800e-01    9.9603271484e-01
        30   -4.5119538295e+01    2.0370919653e+03   -8.2131014169e+01    3.7011475873e+01   -2.2556222694e+01    2.7570812648e+00   -1.1229194658e+01   -5.1102678081e+01   -1.0962738299e+01    5.1487696087e+02    7.1218477600e-01    9.9526699029e-01
        31   -4.5103996035e+01    2.0358717299e+03   -8.2029197130e+01    3.6925201096e+01   -2.2624973485e+01    2.9143365340e+00   -1.1215882098e+01   -5.1102678081e+01   -1.0947198615e+01    5.1284440470e+02    7.0739146700e-01    9.9634502924e-01
        32   -4.5156803242e+01    2.0406322348e+03   -8.1889678637e+01    3.6732875396e+01   -2.2804176775e+01    3.2566406687e+00   -1.1239464450e+01   -5.1102678081e+01   -1.0975941794e+01    5.1101457296e+02    6.9328207100e-01    9.9516878669e-01
        33   -4.5138565299e+01    2.0387181172e+03   -8.2026136887e+01    3.6887571588e+01   -2.2770670650e+01    3.0614271098e+00   -1.1214215265e+01   -5.1102678081e+01   -1.0948555279e+01    5.1007630761e+02    7.0492074300e-01    9.9571078431e-01
        34   -4.5152829147e+01    2.0401931992e+03   -8.2243089633e+01    3.7090260486e+01   -2.3061878837e+01    3.1062695981e+00   -1.1184802312e+01   -5.1102678081e+01   -1.0926857287e+01    5.0708336735e+02    6.9968705600e-01    9.9587031558e-01
        35   -4.5096846678e+01    2.0351806904e+03   -8.2297258641e+01    3.7200411963e+01   -2.3134499881e+01    3.0375274093e+00   -1.1097608088e+01   -5.1102678081e+01   -1.0832796857e+01    5.0499819504e+02    7.1280508000e-01    9.9634900990e-01
        36   -4.5148601530e+01    2.0403673724e+03   -8.2563141364e+01    3.7414539834e+01   -2.3508753504e+01    3.2046157443e+00   -1.1156325523e+01   -5.1102678081e+01   -1.0890275077e+01    5.0702669639e+02    7.1064942000e-01    9.9605522682e-01
        37   -4.5133790434e+01    2.0382632412e+03   -8.2986226697e+01    3.7852436263e+01   -2.3954142330e+01    3.2485023999e+00   -1.1177908686e+01   -5.1102678081e+01   -1.0912776350e+01    5.0807262489e+02    7.3255942900e-01    9.9575541339e-01
        38   -4.5146329677e+01    2.0396873725e+03   -8.2788844400e+01    3.7642514723e+01   -2.3916063751e+01    3.0960074087e+00   -1.0866109976e+01   -5.1102678081e+01   -1.0600907294e+01    5.0707645933e+02    7.2914144100e-01    9.9624013807e-01
        39   -4.5113796326e+01    2.0367143680e+03   -8.2758934289e+01    3.7645137964e+01   -2.3753082874e+01    3.1969654942e+00   -1.1100138828e+01   -5.1102678081e+01   -1.0838171887e+01    5.0900900084e+02    8.3400899300e-01    9.9619351670e-01
        40   -4.5097739368e+01    2.0351629456e+03   -8.2697809305e+01    3.7600069937e+01   -2.3453948020e+01    3.0099398010e+00   -1.1151123004e+01   -5.1102678081e+01   -1.0887187739e+01    5.0787344830e+02    7.4931220200e-01    9.9624753937e-01
        41   -4.5133677582e+01    2.0384261090e+03   -8.2504415594e+01    3.7370738011e+01   -2.3251642749e+01    3.0797322557e+00   -1.1229827019e+01   -5.1102678081e+01   -1.0975254836e+01    5.0994036291e+02    7.4034039700e-01    9.9607843137e-01
        42   -4.5172303002e+01    2.0421043780e+03   -8.2629656977e+01    3.7457353975e+01   -2.3508139156e+01    3.1624252427e+00   -1.1181264983e+01   -5.1102678081e+01   -1.0932564908e+01    5.0811594715e+02    7.5524023800e-01    9.9649360236e-01
        43   -4.5185747712e+01    2.0432094487e+03   -8.2815355012e+01    3.7629607300e+01   -2.3465263521e+01    2.9134877411e+00   -1.1160901152e+01   -5.1102678081e+01   -1.0903745556e+01    5.1025988923e+02    7.3471874800e-01    9.9583333333e-01
        44   -4.5165701469e+01    2.0414478772e+03   -8.2707136287e+01    3.7541434818e+01   -2.3570792604e+01    3.0596749763e+00   -1.1093340577e+01   -5.1102678081e+01   -1.0836773078e+01    5.1224015676e+02    7.3233545800e-01    9.9554443359e-01
        45   -4.5144130407e+01    2.0393682834e+03   -8.3058813425e+01    3.7914683018e+01   -2.3668420198e+01    2.8736816097e+00   -1.1161396756e+01   -5.1102678081e+01   -1.0898001930e+01    5.1306089746e+02    7.3459687900e-01    9.9640594542e-01
        46   -4.5210044586e+01    2.0455523578e+03   -8.2939645809e+01    3.7729601223e+01   -2.3787942231e+01    3.0673350131e+00   -1.1116360510e+01   -5.1102678081e+01   -1.0855015667e+01    5.1520250419e+02    7.3431564300e-01    9.9544902913e-01
        47   -4.5241716208e+01    2.0488244011e+03   -8.2699932054e+01    3.7458215846e+01   -2.3834246968e+01    3.2111653487e+00   -1.0974172354e+01   -5.1102678081e+01   -1.0712472558e+01    5.1539936363e+02    7.3494502900e-01    9.9557038835e-01
        48   -4.5180741938e+01    2.0429155965e+03   -8.3116325317e+01    3.7935583379e+01   -2.3673554486e+01    2.8265554432e+00   -1.1166648193e+01   -5.1102678081e+01   -1.0909103775e+01    5.1738315241e+02    7.2043109600e-01    9.9673597679e-01
        49   -4.5109027196e+01    2.0360710265e+03   -8.2882060815e+01    3.7773033619e+01   -2.3353101738e+01    2.7965053999e+00   -1.1222786395e+01   -5.1102678081e+01   -1.0955842778e+01    5.1594283010e+02    8.3659298100e-01    9.9612403101e-01
        50   -4.5115189492e+01    2.0366805352e+03   -8.2905339071e+01    3.7790149579e+01   -2.3285850283e+01    2.6635184985e+00   -1.1180329206e+01   -5.1102678081e+01   -1.0913512511e+01    5.1380983348e+02    7.2192785000e-01    9.9659533074e-01
        51   -4.5106543943e+01    2.0359024779e+03   -8.2825698645e+01    3.7719154701e+01   -2.3508096364e+01    2.8748352882e+00   -1.1089759488e+01   -5.1102678081e+01   -1.0826384607e+01    5.1182897244e+02    7.2280650400e-01    9.9603271484e-01
        52   -4.5127934530e+01    2.0379760197e+03   -8.2919301320e+01    3.7791366790e+01   -2.3460764342e+01    2.7064900402e+00   -1.1062348937e+01   -5.1102678081e+01   -1.0794823567e+01    5.1285801480e+02    7.3186879700e-01    9.9640594542e-01
        53   -4.5139344852e+01    2.0388143554e+03   -8.2776170417e+01    3.7636825565e+01   -2.3463871854e+01    2.8584096228e+00   -1.1068030105e+01   -5.1102678081e+01   -1.0797085375e+01    5.1292901324e+02    7.3286697800e-01    9.9664961014e-01
        54   -4.5221583540e+01    2.0464669840e+03   -8.2818702473e+01    3.7597118933e+01   -2.3584879065e+01    2.9353269130e+00   -1.1066472240e+01   -5.1102678081e+01   -1.0796087486e+01    5.1420684782e+02    7.4209710100e-01    9.9677772374e-01
        55   -4.5201085682e+01    2.0446143610e+03   -8.2913013113e+01    3.7711927431e+01   -2.3504798660e+01    2.7696084736e+00   -1.1075144845e+01   -5.1102678081e+01   -1.0810075985e+01    5.1737539961e+02    7.6789080900e-01    9.9613152805e-01
        56   -4.5221160274e+01    2.0464215777e+03   -8.2502097015e+01    3.7280936741e+01   -2.3477407733e+01    3.0906735174e+00   -1.1012684718e+01   -5.1102678081e+01   -1.0750756603e+01    5.1926768732e+02    7.4401462200e-01    9.9668834297e-01
        57   -4.5145731721e+01    2.0397114926e+03   -8.2535241538e+01    3.7389509816e+01   -2.3402767998e+01    2.9771283770e+00   -1.1006923836e+01   -5.1102678081e+01   -1.0747887507e+01    5.1911483701e+02    7.3904044500e-01    9.9602601156e-01
        58   -4.5159553463e+01    2.0408944161e+03   -8.2410371210e+01    3.7250817747e+01   -2.3318145981e+01    3.0481175336e+00   -1.1037664681e+01   -5.1102678081e+01   -1.0774378399e+01    5.1796005777e+02    7.3413173100e-01    9.9656129344e-01
        59   -4.5170338923e+01    2.0417942865e+03   -8.2497699036e+01    3.7327360113e+01   -2.3351777524e+01    3.0766818363e+00   -1.1119925267e+01   -5.1102678081e+01   -1.0854905292e+01    5.1801449855e+02    7.8965229300e-01    9.9631998069e-01
        60   -4.5286963155e+01    2.0525049102e+03   -8.2330247226e+01    3.7043284072e+01   -2.3273656999e+01    3.1150660639e+00   -1.1068978210e+01   -5.1102678081e+01   -1.0801114806e+01    5.2339167656e+02    8.0391138500e-01    9.9599665392e-01
        61   -4.5208638970e+01    2.0453597097e+03   -8.2358165202e+01    3.7149526232e+01   -2.3089418904e+01    2.9607064014e+00   -1.1126774618e+01   -5.1102678081e+01   -1.0859712623e+01    5.2135783291e+02    7.6094722400e-01    9.9598128599e-01
        62   -4.5117313500e+01    2.0367511922e+03   -8.2560960125e+01    3.7443646625e+01   -2.3104414483e+01    2.7461484280e+00   -1.1100015989e+01   -5.1102678081e+01   -1.0829313216e+01    5.1994511965e+02    7.7761241000e-01    9.9639423077e-01
        63   -4.5082477026e+01    2.0337040192e+03   -8.2659051163e+01    3.7576574137e+01   -2.3083906386e+01    2.6653735252e+00   -1.1137840221e+01   -5.1102678081e+01   -1.0869654362e+01    5.1963609532e+02    7.7574454700e-01    9.9717548077e-01
        64   -4.5123940111e+01    2.0373766299e+03   -8.2358768158e+01    3.7234828047e+01   -2.2685556035e+01    2.5562862291e+00   -1.1126820271e+01   -5.1102678081e+01   -1.0862326517e+01    5.2367099017e+02    7.8596693100e-01    9.9612356870e-01
        65   -4.5155141515e+01    2.0404202555e+03   -8.2739488161e+01    3.7584346645e+01   -2.3018997252e+01    2.5190988875e+00   -1.1136911714e+01   -5.1102678081e+01   -1.0868676305e+01    5.2183198463e+02    7.6997767300e-01    9.9634818008e-01
        66   -4.5131203345e+01    2.0383125419e+03   -8.2492345724e+01    3.7361142378e+01   -2.2945922607e+01    2.7141152584e+00   -1.1157860294e+01   -5.1102678081e+01   -1.0889004016e+01    5.1786208245e+02    7.4109960600e-01    9.9565637066e-01
        67   -4.5163222166e+01    2.0411071968e+03   -8.2293275410e+01    3.7130053244e+01   -2.2824286366e+01    2.8192499763e+00   -1.1185560939e+01   -5.1102678081e+01   -1.0914681510e+01    5.2192348632e+02    7.4828215300e-01    9.9634818008e-01
        68   -4.5120129073e+01    2.0371740624e+03   -8.2044295569e+01    3.6924166496e+01   -2.2467463395e+01    2.7172153845e+00   -1.1191369478e+01   -5.1102678081e+01   -1.0916464669e+01    5.2184735787e+02    7.3384321800e-01    9.9628831418e-01
        69   -4.5168226869e+01    2.0417106577e+03   -8.2360198230e+01    3.7191971360e+01   -2.2798359163e+01    2.7672028474e+00   -1.1226363833e+01   -5.1102678081e+01   -1.0961370921e+01    5.2290472197e+02    8.4513641000e-01    9.9533938815e-01
        70   -4.5161174075e+01    2.0410059715e+03   -8.2147356279e+01    3.6986182204e+01   -2.2765758843e+01    2.9666103393e+00   -1.1245529694e+01   -5.1102678081e+01   -1.0987689353e+01    5.1800074523e+02    7.2294592200e-01    9.9601833977e-01
        71   -4.5118828432e+01    2.0371706222e+03   -8.2249553248e+01    3.7130724816e+01   -2.2948262488e+01    2.9977862236e+00   -1.1196398903e+01   -5.1102678081e+01   -1.0934516099e+01    5.2291319352e+02    7.3874282100e-01    9.9653441683e-01
        72   -4.5214288456e+01    2.0456581143e+03   -8.2409377731e+01    3.7195089274e+01   -2.3212343543e+01    3.1625696856e+00   -1.1256925792e+01   -5.1102678081e+01   -1.1000139905e+01    5.2497960857e+02    7.5016608200e-01    9.9577380952e-01
        73   -4.5170270954e+01    2.0415380677e+03   -8.3217601418e+01    3.8047330464e+01   -2.3444380181e+01    2.6032506142e+00   -1.1273793770e+01   -5.1102678081e+01   -1.1015992638e+01    5.2406750820e+02    7.6681578200e-01    9.9618320611e-01
        74   -4.5183775962e+01    2.0428531170e+03   -8.3152046313e+01    3.7968270351e+01   -2.3529180240e+01    2.7344283288e+00   -1.1254616321e+01   -5.1102678081e+01   -1.0998217631e+01    5.2603529752e+02    7.6327468100e-01    9.9625712928e-01
        75   -4.5176215518e+01    2.0422201677e+03   -8.2684388051e+01    3.7508172534e+01   -2.3332263148e+01    2.9628908278e+00   -1.1212337650e+01   -5.1102678081e+01   -1.0950645836e+01    5.2600008800e+02    7.7617101700e-01    9.9596007605e-01
        76   -4.5169553559e+01    2.0416276820e+03   -8.2419025255e+01    3.7249471695e+01   -2.3313276734e+01    3.0823496404e+00   -1.1085420079e+01   -5.1102678081e+01   -1.0819964456e+01    5.2398925209e+02    7.3227874800e-01    9.9660066794e-01
        77   -4.5142139755e+01    2.0390737199e+03   -8.2717311444e+01    3.7575171690e+01   -2.3335529183e+01    2.9470897617e+00   -1.1226193942e+01   -5.1102678081e+01   -1.0959446130e+01    5.2191661422e+02    7.4068287500e-01    9.9622844828e-01
        78   -4.5063283921e+01    2.0319170324e+03   -8.2811632931e+01    3.7748349010e+01   -2.3290197091e+01    2.8241085959e+00   -1.1242866355e+01   -5.1102678081e+01   -1.0974515367e+01    5.1962546073e+02    7.2283957700e-01    9.9609375000e-01
        79   -4.5144392599e+01    2.0391134880e+03   -8.2722755257e+01    3.7578362658e+01   -2.3135369514e+01    2.7612801378e+00   -1.1245987800e+01   -5.1102678081e+01   -1.0976316450e+01    5.1670335252e+02    8.1715793900e-01    9.9631286267e-01
        80   -4.5110890503e+01    2.0361960736e+03   -8.2990465500e+01    3.7879574996e+01   -2.3097306621e+01    2.4732516082e+00   -1.1263732406e+01   -5.1102678081e+01   -1.0986620224e+01    5.1682280195e+02    7.2440996900e-01    9.9625241779e-01
        81   -4.5150535757e+01    2.0403685006e+03   -8.2444007096e+01    3.7293471339e+01   -2.2975333194e+01    2.8537018149e+00   -1.1219697636e+01   -5.1102678081e+01   -1.0944955169e+01    5.1984109374e+02    7.3446790700e-01    9.9603365385e-01
        82   -4.5118688529e+01    2.0368638141e+03   -8.2486292633e+01    3.7367604104e+01   -2.2804430968e+01    2.7602962448e+00   -1.1339479829e+01   -5.1102678081e+01   -1.1068896914e+01    5.1885813681e+02    7.6430781700e-01    9.9554431599e-01
        83   -4.5174157694e+01    2.0419286557e+03   -8.2540982775e+01    3.7366825081e+01   -2.2937078941e+01    2.8404485922e+00   -1.1341674346e+01   -5.1102678081e+01   -1.1075801389e+01    5.1392722077e+02    7.5648648800e-01    9.9525778210e-01
        84   -4.5211250492e+01    2.0453448058e+03   -8.2545834386e+01    3.7334583894e+01   -2.2900600583e+01    2.8417504544e+00   -1.1384306176e+01   -5.1102678081e+01   -1.1116519818e+01    5.1220959552e+02    7.4585698000e-01    9.9554443359e-01
        85   -4.5200389564e+01    2.0444569879e+03   -8.2648180323e+01    3.7447790759e+01   -2.3072014945e+01    2.7565525708e+00   -1.1230039868e+01   -5.1102678081e+01   -1.0961750652e+01    5.1228656637e+02    7.4489878100e-01    9.9591064453e-01
        86   -4.5178022904e+01    2.0423096181e+03   -8.2596039156e+01    3.7418016253e+01   -2.3125226185e+01    2.9246447409e+00   -1.1292779631e+01   -5.1102678081e+01   -1.1018218428e+01    5.1218003039e+02    7.3102438500e-01    9.9597167969e-01
        87   -4.5138978556e+01    2.0390157893e+03   -8.2567774982e+01    3.7428796426e+01   -2.3164739695e+01    3.0408944577e+00   -1.1341251663e+01   -5.1102678081e+01   -1.1069369817e+01    5.1101883666e+02    7.4762027300e-01    9.9535225049e-01
        88   -4.5159103478e+01    2.0407422777e+03   -8.2906183370e+01    3.7747079892e+01   -2.3342731950e+01    2.9003978639e+00   -1.1361171203e+01   -5.1102678081e+01   -1.1093548015e+01    5.1198157900e+02    7.3366613500e-01    9.9572753906e-01
        89   -4.5137069758e+01    2.0386488315e+03   -8.2928481141e+01    3.7791411383e+01   -2.3115757127e+01    2.7643697501e+00   -1.1474415683e+01   -5.1102678081e+01   -1.1216084745e+01    5.1398040306e+02    8.4290813100e-01    9.9653453307e-01
        90   -4.5098574630e+01    2.0352756655e+03   -8.2916955278e+01    3.7818380648e+01   -2.3192676638e+01    2.8252604653e+00   -1.1446861024e+01   -5.1102678081e+01   -1.1184700051e+01    5.1678997171e+02    7.3157811900e-01    9.9576885880e-01
        91   -4.5083427776e+01    2.0337564287e+03   -8.3012944815e+01    3.7929517039e+01   -2.3106808819e+01    2.6498375183e+00   -1.1453295433e+01   -5.1102678081e+01   -1.1183532082e+01    5.1463924867e+02    7.3406278600e-01    9.9654126214e-01
        92   -4.5092215224e+01    2.0346731111e+03   -8.2987336506e+01    3.7895121282e+01   -2.3167259687e+01    2.7072913186e+00   -1.1424690056e+01   -5.1102678081e+01   -1.1153305160e+01    5.1464489344e+02    7.5160617000e-01    9.9648058252e-01
        93   -4.5144911850e+01    2.0392122504e+03   -8.3143228574e+01    3.7998316724e+01   -2.3272755474e+01    2.6788994946e+00   -1.1446694514e+01   -5.1102678081e+01   -1.1184266551e+01    5.1479851254e+02    7.3925645100e-01    9.9629854369e-01
        94   -4.5138775451e+01    2.0386104141e+03   -8.3365903636e+01    3.8227128185e+01   -2.3481436099e+01    2.5979472323e+00   -1.1379736688e+01   -5.1102678081e+01   -1.1123202586e+01    5.1396216848e+02    7.3537158100e-01    9.9635214008e-01
        95   -4.5090871761e+01    2.0344084678e+03   -8.3178635000e+01    3.8087763239e+01   -2.3223426048e+01    2.5188061177e+00   -1.1371336989e+01   -5.1102678081e+01   -1.1119293754e+01    5.1482399618e+02    7.3907813100e-01    9.9563106796e-01
        96   -4.5093341902e+01    2.0345389388e+03   -8.3169288268e+01    3.8075946366e+01   -2.3333688058e+01    2.6374599475e+00   -1.1370382076e+01   -5.1102678081e+01   -1.1118426155e+01    5.1871574114e+02    7.4464642500e-01    9.9560452794e-01
        97   -4.5110852702e+01    2.0362325041e+03   -8.3233337941e+01    3.8122485239e+01   -2.3504724364e+01    2.7122004345e+00   -1.1338135930e+01   -5.1102678081e+01   -1.1091885791e+01    5.1972043201e+02    7.4521316900e-01    9.9663461538e-01
        98   -4.5150905800e+01    2.0403369034e+03   -8.2932157629e+01    3.7781251829e+01   -2.3534366355e+01    3.0483029003e+00   -1.1343416093e+01   -5.1102678081e+01   -1.1097871205e+01    5.2181355316e+02    7.4017878400e-01    9.9515086207e-01
        99   -4.5102332957e+01    2.0356568668e+03   -8.3066998857e+01    3.7964665900e+01   -2.3630919758e+01    2.9820852070e+00   -1.1315486225e+01   -5.1102678081e+01   -1.1070451611e+01    5.2177114001e+02    8.4426552400e-01    9.9634818008e-01
       100   -4.5173952674e+01    2.0423272510e+03   -8.3182377347e+01    3.8008424672e+01   -2.3696523246e+01    2.8770274987e+00   -1.1260203518e+01   -5.1102678081e+01   -1.1013567707e+01    5.2487997627e+02    8.0766471200e-01    9.9559523810e-01
       101   -4.5156035210e+01    2.0402886684e+03   -8.3121236735e+01    3.7965201526e+01   -2.3498353001e+01    2.6746662703e+00   -1.1194871923e+01   -5.1102678081e+01   -1.0953779002e+01    5.2297247964e+02    7.7004765700e-01    9.9611615679e-01
       102   -4.5027424506e+01    2.0287322967e+03   -8.3378872550e+01    3.8351448044e+01   -2.3360872586e+01    2.3675114353e+00   -1.1282833318e+01   -5.1102678081e+01   -1.1035733636e+01    5.1959513321e+02    7.6588770100e-01    9.9615384615e-01
       103   -4.5113425004e+01    2.0364132799e+03   -8.3492751306e+01    3.8379326302e+01   -2.3570055312e+01    2.5334207263e+00   -1.1353438639e+01   -5.1102678081e+01   -1.1104487632e+01    5.2053337687e+02    7.5049159300e-01    9.9616122841e-01
       104   -4.5127883487e+01    2.0376561271e+03   -8.3477931002e+01    3.8350047515e+01   -2.3721719621e+01    2.6714237768e+00   -1.1324957077e+01   -5.1102678081e+01   -1.1085825373e+01    5.1881107752e+02    7.2603897700e-01    9.9644749518e-01
       105   -4.5180061191e+01    2.0424852362e+03   -8.3140933526e+01    3.7960872335e+01   -2.3392706561e+01    2.6396852486e+00   -1.1285234133e+01   -5.1102678081e+01   -1.1049122536e+01    5.1896513091e+02    7.4828583600e-01    9.9668834297e-01
       106   -4.5196655511e+01    2.0441070388e+03   -8.3230928418e+01    3.8034272907e+01   -2.3660250188e+01    2.7793696291e+00   -1.1247369777e+01   -5.1102678081e+01   -1.1004281946e+01    5.1914307527e+02    7.5567607700e-01    9.9704961464e-01
       107   -4.5198510549e+01    2.0442860796e+03   -8.2977281272e+01    3.7778770723e+01   -2.3550915429e+01    2.9005820876e+00   -1.1224269850e+01   -5.1102678081e+01   -1.0979642874e+01    5.1719544015e+02    7.4994337700e-01    9.9474129594e-01
       108   -4.5180114452e+01    2.0424018674e+03   -8.3305250792e+01    3.8125136340e+01   -2.3566473682e+01    2.7244467594e+00   -1.1360545789e+01   -5.1102678081e+01   -1.1111968257e+01    5.2118787621e+02    7.5916220300e-01    9.9586132438e-01
       109   -4.5204046041e+01    2.0445961993e+03   -8.3165212472e+01    3.7961166431e+01   -2.3633268465e+01    2.9441566135e+00   -1.1373422539e+01   -5.1102678081e+01   -1.1125686732e+01    5.2113660604e+02    8.8174939100e-01    9.9610124760e-01
       110   -4.5153134458e+01    2.0402229372e+03   -8.3021303253e+01    3.7868168794e+01   -2.3588964867e+01    2.9533662104e+00   -1.1283026515e+01   -5.1102678081e+01   -1.1031964315e+01    5.2306169569e+02    7.8800781900e-01    9.9593690249e-01
       111   -4.5145040158e+01    2.0394483009e+03   -8.2730240184e+01    3.7585200026e+01   -2.3348779090e+01    3.0604764004e+00   -1.1339259413e+01   -5.1102678081e+01   -1.1090425578e+01    5.2590791678e+02    8.4143427200e-01    9.9637595057e-01
       112   -4.5156102453e+01    2.0403423586e+03   -8.2935257884e+01    3.7779155432e+01   -2.3578779514e+01    3.1453287960e+00   -1.1399129085e+01   -5.1102678081e+01   -1.1150059937e+01    5.2791201996e+02    7.8719364800e-01    9.9597537879e-01
       113   -4.5262446529e+01    2.0503878829e+03   -8.2965059021e+01    3.7702612493e+01   -2.3701336336e+01    3.0741704656e+00   -1.1235215070e+01   -5.1102678081e+01   -1.0981134328e+01    5.2820562040e+02    7.4253090200e-01    9.9609375000e-01
       114   -4.5251046097e+01    2.0491282852e+03   -8.2611343672e+01    3.7360297575e+01   -2.3511312613e+01    3.2177086990e+00   -1.1215061677e+01   -5.1102678081e+01   -1.0962041750e+01    5.2341050794e+02    7.4554416600e-01    9.9569789675e-01
       115   -4.5233581848e+01    2.0474255478e+03   -8.2508958808e+01    3.7275376960e+01   -2.3288317473e+01    3.1380229702e+00   -1.1255986224e+01   -5.1102678081e+01   -1.1005558068e+01    5.2538727105e+02    7.4650620300e-01    9.9553571429e-01
       116   -4.5184405709e+01    2.0430941843e+03   -8.2831435379e+01    3.7647029670e+01   -2.3471667918e+01    2.9671357855e+00   -1.1224225166e+01   -5.1102678081e+01   -1.0972768341e+01    5.2718150641e+02    7.4686205600e-01    9.9673861480e-01
       117   -4.5189108248e+01    2.0434166910e+03   -8.3139024151e+01    3.7949915903e+01   -2.3686896047e+01    2.9359728092e+00   -1.1285422833e+01   -5.1102678081e+01   -1.1033128955e+01    5.2501747652e+02    7.4320466800e-01    9.9559523810e-01
       118   -4.5205789248e+01    2.0449214105e+03   -8.3215370631e+01    3.8009581383e+01   -2.3790145374e+01    2.9138949895e+00   -1.1236442166e+01   -5.1102678081e+01   -1.0976890638e+01    5.2308828571e+02    7.4918087300e-01    9.9599665392e-01
       119   -4.5184853045e+01    2.0430913843e+03   -8.3347044916e+01    3.8162191871e+01   -2.3811911273e+01    2.8422199971e+00   -1.1274675559e+01   -5.1102678081e+01   -1.1020220382e+01    5.2311100919e+02    8.5851437100e-01    9.9635516252e-01
       120   -4.5224114169e+01    2.0465945993e+03   -8.3173808941e+01    3.7949694772e+01   -2.3862640004e+01    3.0013560996e+00   -1.1209846955e+01   -5.1102678081e+01   -1.0954668431e+01    5.2116062162e+02    7.3368065800e-01    9.9592130518e-01
       121   -4.5188830723e+01    2.0435393685e+03   -8.3014822138e+01    3.7825991415e+01   -2.3633571664e+01    2.9178907216e+00   -1.1196463115e+01   -5.1102678081e+01   -1.0948367618e+01    5.2119437831e+02    7.2492226000e-01    9.9628119002e-01
       122   -4.5202981626e+01    2.0446372611e+03   -8.3175130601e+01    3.7972148975e+01   -2.3569393747e+01    2.8012572277e+00   -1.1304316001e+01   -5.1102678081e+01   -1.1056164874e+01    5.2413232586e+02    7.6442914500e-01    9.9576574427e-01
       123   -4.5207184378e+01    2.0452592922e+03   -8.3255932619e+01    3.8048748241e+01   -2.3458439409e+01    2.6267554807e+00   -1.1321570610e+01   -5.1102678081e+01   -1.1070142807e+01    5.2919416663e+02    7.5638647000e-01    9.9509688091e-01
       124   -4.5127422179e+01    2.0378141266e+03   -8.3324662208e+01    3.8197240029e+01   -2.3450291162e+01    2.5546877749e+00   -1.1326380739e+01   -5.1102678081e+01   -1.1076159082e+01    5.2889807838e+02    7.6035099800e-01    9.9521502836e-01
       125   -4.5116813260e+01    2.0367993641e+03   -8.3506102395e+01    3.8389289135e+01   -2.3745855800e+01    2.6427249853e+00   -1.1300293500e+01   -5.1102678081e+01   -1.1050738386e+01    5.2964954922e+02    7.7257450500e-01    9.9622641509e-01
       126   -4.5156040284e+01    2.0403073248e+03   -8.3301654887e+01    3.8145614603e+01   -2.3645198320e+01    2.8360656014e+00   -1.1389844088e+01   -5.1102678081e+01   -1.1136755438e+01    5.3272978416e+02    7.6650698500e-01    9.9654080675e-01
       127   -4.5226763118e+01    2.0467759015e+03   -8.2955740590e+01    3.7728977472e+01   -2.3570300773e+01    3.0532199514e+00   -1.1335981687e+01   -5.1102678081e+01   -1.1086160352e+01    5.3097465647e+02    7.4824911500e-01    9.9570386064e-01
       128   -4.5233447249e+01    2.0475130155e+03   -8.3070467288e+01    3.7837020040e+01   -2.3468618743e+01    2.7990424676e+00   -1.1298212931e+01   -5.1102678081e+01   -1.1050238353e+01    5.3419675133e+02    7.7614749200e-01    9.9584503745e-01
       129   -4.5293344965e+01    2.0528403497e+03   -8.3137926185e+01    3.7844581220e+01   -2.3435225455e+01    2.8280146955e+00   -1.1428037344e+01   -5.1102678081e+01   -1.1180863186e+01    5.3436586656e+02    8.9533174600e-01    9.9584503745e-01
       130   -4.5263644852e+01    2.0501204139e+03   -8.3406076823e+01    3.8142431971e+01   -2.3722905106e+01    2.7826056878e+00   -1.1363099324e+01   -5.1102678081e+01   -1.1117293427e+01    5.3440899490e+02    7.9501069300e-01    9.9713249064e-01
       131   -4.5253583385e+01    2.0493200360e+03   -8.3397788336e+01    3.8144204951e+01   -2.3843751200e+01    2.9157614510e+00   -1.1367120506e+01   -5.1102678081e+01   -1.1112957431e+01    5.3229760107e+02    7.9840897400e-01    9.9624060150e-01
       132   -4.5183160732e+01    2.0429924664e+03   -8.3238153181e+01    3.8054992449e+01   -2.3768019201e+01    2.9751077161e+00   -1.1342563615e+01   -5.1102678081e+01   -1.1079660501e+01    5.3309832307e+02    7.8981041100e-01    9.9583724203e-01
       133   -4.5208591043e+01    2.0452619074e+03   -8.3085489257e+01    3.7876898215e+01   -2.3859759784e+01    3.1599961925e+00   -1.1283047585e+01   -5.1102678081e+01   -1.1023738434e+01    5.3500563902e+02    7.8264680400e-01    9.9643691589e-01
       134   -4.5190274795e+01    2.0435562658e+03   -8.3097190908e+01    3.7906916114e+01   -2.3933205750e+01    3.2203575440e+00   -1.1281664621e+01   -5.1102678081e+01   -1.1016517163e+01    5.3395419136e+02    7.6218229100e-01    9.9619616105e-01
       135   -4.5166087282e+01    2.0413440226e+03   -8.3031802844e+01    3.7865715563e+01   -2.3816573825e+01    3.1836852831e+00   -1.1296236222e+01   -5.1102678081e+01   -1.1025874271e+01    5.3486348733e+02    7.8920157500e-01    9.9480140187e-01
       136   -4.5102343466e+01    2.0354947160e+03   -8.3241003167e+01    3.8138659701e+01   -2.3691310529e+01    2.8825056204e+00   -1.1329520177e+01   -5.1102678081e+01   -1.1064091406e+01    5.3562975331e+02    7.9039334400e-01    9.9556902985e-01
       137   -4.5127106188e+01    2.0376499018e+03   -8.3056852739e+01    3.7929746551e+01   -2.3562429573e+01    2.9379772302e+00   -1.1329722315e+01   -5.1102678081e+01   -1.1069722743e+01    5.3653304772e+02    7.7747316700e-01    9.9633379888e-01
       138   -4.5132441870e+01    2.0382998970e+03   -8.3174803301e+01    3.8042361431e+01   -2.3659758380e+01    2.9265878555e+00   -1.1338954696e+01   -5.1102678081e+01   -1.1079368265e+01    5.3460124718e+02    7.6347080500e-01    9.9538551402e-01
       139   -4.5132416008e+01    2.0384044278e+03   -8.3179855982e+01    3.8047439974e+01   -2.3817063159e+01    2.9068699115e+00   -1.1166984654e+01   -5.1102678081e+01   -1.0907366245e+01    5.3461539681e+02    9.0219510100e-01    9.9614485981e-01
       140   -4.5150709141e+01    2.0400852622e+03   -8.3326195515e+01    3.8175486374e+01   -2.3621460101e+01    2.6644944376e+00   -1.1266551770e+01   -5.1102678081e+01   -1.1004630385e+01    5.3267206792e+02    7.4291016000e-01    9.9472326454e-01
       141   -4.5133703466e+01    2.0385019971e+03   -8.2838331403e+01    3.7704627937e+01   -2.3363761992e+01    2.8960296234e+00   -1.1267920953e+01   -5.1102678081e+01   -1.1010463739e+01    5.2870935316e+02    7.7426060000e-01    9.9562854442e-01
       142   -4.5141488181e+01    2.0389925120e+03   -8.2797542503e+01    3.7656054323e+01   -2.3398290424e+01    3.0728454656e+00   -1.1369419464e+01   -5.1102678081e+01   -1.1113991197e+01    5.3072232836e+02    7.6178273500e-01    9.9540960452e-01
       143   -4.5226529839e+01    2.0467640608e+03   -8.2529031512e+01    3.7302501673e+01   -2.3443142041e+01    3.3391485928e+00   -1.1322359983e+01   -5.1102678081e+01   -1.1064786127e+01    5.3195356266e+02    7.6554377600e-01    9.9571193609e-01
       144   -4.5257180026e+01    2.0496467773e+03   -8.2654022538e+01    3.7396842511e+01   -2.3478186705e+01    3.2445557341e+00   -1.1317713486e+01   -5.1102678081e+01   -1.1063869741e+01    5.3324668672e+02    7.4485958300e-01    9.9489915572e-01
       145   -4.5210113684e+01    2.0453215087e+03   -8.2556767834e+01    3.7346654150e+01   -2.3301446172e+01    3.1553755505e+00   -1.1308019131e+01   -5.1102678081e+01   -1.1057538034e+01    5.3317503367e+02    7.5322989300e-01    9.9536819887e-01
       146   -4.5193349973e+01    2.0437696606e+03   -8.2380579557e+01    3.7187229584e+01   -2.3269690316e+01    3.2478197656e+00   -1.1256030925e+01   -5.1102678081e+01   -1.1008045855e+01    5.3299042596e+02    7.6121006600e-01    9.9513367730e-01
       147   -4.5213614419e+01    2.0455255828e+03   -8.2346483740e+01    3.7132869321e+01   -2.3211289616e+01    3.2397372736e+00   -1.1272253317e+01   -5.1102678081e+01   -1.1024644760e+01    5.3199809268e+02    7.7436478600e-01    9.9559445489e-01
       148   -4.5190017217e+01    2.0434727167e+03   -8.2610424496e+01    3.7420407279e+01   -2.3184869032e+01    3.1178707999e+00   -1.1440748183e+01   -5.1102678081e+01   -1.1197618619e+01    5.3001440552e+02    7.9436266900e-01    9.9528301887e-01
       149   -4.5205876811e+01    2.0448884876e+03   -8.2381589217e+01    3.7175712406e+01   -2.3107394868e+01    3.2238025605e+00   -1.1395318829e+01   -5.1102678081e+01   -1.1153918034e+01    5.3502220825e+02    8.6919952600e-01    9.9591121495e-01
       150   -4.5189802724e+01    2.0435359600e+03   -8.2454455721e+01    3.7264652998e+01   -2.3273915174e+01    3.3338066475e+00   -1.1411669114e+01   -5.1102678081e+01   -1.1170276793e+01    5.3696816051e+02    7.6165915200e-01    9.9621741155e-01
       151   -4.5203414883e+01    2.0444907548e+03   -8.2743980947e+01    3.7540566064e+01   -2.3268423109e+01    3.0370479230e+00   -1.1409927680e+01   -5.1102678081e+01   -1.1164391052e+01    5.3791757823e+02    7.9280951900e-01    9.9657295539e-01
       152   -4.5229531622e+01    2.0471144854e+03   -8.2552801624e+01    3.7323270002e+01   -2.3195226980e+01    3.1239768926e+00   -1.1378873456e+01   -5.1102678081e+01   -1.1124764845e+01    5.3902013673e+02    7.9756248500e-01    9.9611549165e-01
       153   -4.5207532458e+01    2.0450038258e+03   -8.2522286823e+01    3.7314754365e+01   -2.3438580368e+01    3.2702051348e+00   -1.1251233509e+01   -5.1102678081e+01   -1.0992323788e+01    5.4003500450e+02    8.1235321200e-01    9.9629629630e-01
       154   -4.5213163725e+01    2.0454450759e+03   -8.2610361289e+01    3.7397197564e+01   -2.3229349944e+01    3.0955625641e+00   -1.1373895828e+01   -5.1102678081e+01   -1.1115142318e+01    5.4096314992e+02    8.2222879400e-01    9.9607208872e-01
       155   -4.5145055854e+01    2.0393022484e+03   -8.2653952947e+01    3.7508897093e+01   -2.3088723398e+01    2.9184615234e+00   -1.1381012991e+01   -5.1102678081e+01   -1.1124690637e+01    5.4281416302e+02    7.8832091800e-01    9.9637430939e-01
       156   -4.5185823852e+01    2.0430852243e+03   -8.2880422834e+01    3.7694598981e+01   -2.3309150659e+01    2.8832782374e+00   -1.1351872331e+01   -5.1102678081e+01   -1.1089666440e+01    5.4072470272e+02    7.7372672500e-01    9.9578327172e-01
       157   -4.5218737110e+01    2.0460062954e+03   -8.2449447148e+01    3.7230710038e+01   -2.3004375449e+01    3.0275807080e+00   -1.1369974326e+01   -5.1102678081e+01   -1.1117665893e+01    5.3890720006e+02    7.6500860500e-01    9.9652133581e-01
       158   -4.5148571894e+01    2.0397872649e+03   -8.2325633800e+01    3.7177061906e+01   -2.3253889197e+01    3.3162024903e+00   -1.1285269012e+01   -5.1102678081e+01   -1.1032088531e+01    5.3882046367e+02    7.7306650800e-01    9.9541975881e-01
       159   -4.5207681868e+01    2.0453298924e+03   -8.2471583744e+01    3.7263901876e+01   -2.2969232045e+01    3.0156002147e+00   -1.1415273832e+01   -5.1102678081e+01   -1.1167417545e+01    5.3778031619e+02    8.8613720200e-01    9.9639869888e-01
       160   -4.5226982317e+01    2.0472595727e+03   -8.2459243851e+01    3.7232261535e+01   -2.2997069021e+01    3.0326893009e+00   -1.1392186051e+01   -5.1102678081e+01   -1.1143473293e+01    5.3702020496e+02    7.9050049900e-01    9.9557728119e-01
       161   -4.5206209467e+01    2.0448685883e+03   -8.2722107984e+01    3.7515898517e+01   -2.3189916979e+01    2.9787826176e+00   -1.1408295542e+01   -5.1102678081e+01   -1.1157852262e+01    5.3802628798e+02    7.5696596000e-01    9.9581784387e-01
       162   -4.5157251667e+01    2.0404275507e+03   -8.2803735001e+01    3.7646483333e+01   -2.3242847870e+01    2.9433742560e+00   -1.1401583305e+01   -5.1102678081e+01   -1.1147496880e+01    5.3485045240e+02    7.5691716100e-01    9.9585280374e-01
       163   -4.5193593495e+01    2.0439460468e+03   -8.2988574475e+01    3.7794980981e+01   -2.3410370393e+01    2.7774353328e+00   -1.1252961334e+01   -5.1102678081e+01   -1.1002864936e+01    5.3380220166e+02    7.6267750200e-01    9.9607911985e-01
       164   -4.5206501421e+01    2.0447991882e+03   -8.2940967225e+01    3.7734465804e+01   -2.3284426469e+01    2.7551151939e+00   -1.1308977868e+01   -5.1102678081e+01   -1.1061519374e+01    5.3195332325e+02    7.6618608200e-01    9.9582941729e-01
       165   -4.5193811495e+01    2.0436620550e+03   -8.2716047002e+01    3.7522235507e+01   -2.3208241130e+01    2.8498494276e+00   -1.1254977218e+01   -5.1102678081e+01   -1.1008818233e+01    5.3196362535e+02    7.5004341200e-01    9.9577067669e-01
       166   -4.5239756775e+01    2.0478978186e+03   -8.2921808955e+01    3.7682052179e+01   -2.3363900335e+01    2.8341348558e+00   -1.1289365395e+01   -5.1102678081e+01   -1.1040152628e+01    5.3206720917e+02    7.5774451100e-01    9.9612312030e-01
       167   -4.5220916223e+01    2.0461308829e+03   -8.2773193395e+01    3.7552277172e+01   -2.3409247733e+01    3.0137881080e+00   -1.1275055688e+01   -5.1102678081e+01   -1.1034906700e+01    5.3112329179e+02    7.6787019400e-01    9.9529190207e-01
       168   -4.5230659632e+01    2.0470400875e+03   -8.2762132446e+01    3.7531472815e+01   -2.3472478864e+01    2.9692445934e+00   -1.1156220095e+01   -5.1102678081e+01   -1.0907514044e+01    5.3113356671e+02    7.5827756000e-01    9.9570386064e-01
       169   -4.5241339970e+01    2.0482133330e+03   -8.2849446158e+01    3.7608106188e+01   -2.3147401949e+01    2.6787292635e+00   -1.1278095392e+01   -5.1102678081e+01   -1.1032873489e+01    5.3218950028e+02    8.6575303300e-01    9.9682800752e-01
       170   -4.5263772976e+01    2.0503704388e+03   -8.2620155266e+01    3.7356382290e+01   -2.3122161291e+01    2.9623641505e+00   -1.1357680044e+01   -5.1102678081e+01   -1.1121393736e+01    5.3425445342e+02    7.7312589700e-01    9.9607911985e-01
       171   -4.5244971752e+01    2.0484615414e+03   -8.2619574070e+01    3.7374602318e+01   -2.3428292670e+01    3.2477698809e+00   -1.1336373200e+01   -5.1102678081e+01   -1.1096525610e+01    5.3323509438e+02    7.6525192100e-01    9.9618902439e-01
       172   -4.5150119503e+01    2.0399700006e+03   -8.2687734528e+01    3.7537615025e+01   -2.3429055216e+01    3.1893472836e+00   -1.1345348515e+01   -5.1102678081e+01   -1.1109158531e+01    5.3495094875e+02    7.4560937200e-01    9.9544392523e-01
       173   -4.5136810787e+01    2.0387024842e+03   -8.2863266829e+01    3.7726456042e+01   -2.3786510637e+01    3.2792835425e+00   -1.1253361654e+01   -5.1102678081e+01   -1.1011661719e+01    5.3665083479e+02    7.9205924600e-01    9.9674115456e-01
       174   -4.5190130342e+01    2.0434650285e+03   -8.3130817139e+01    3.7940686797e+01   -2.4012062311e+01    3.2991415162e+00   -1.1315218263e+01   -5.1102678081e+01   -1.1076260649e+01    5.3671449160e+02    7.9550616900e-01    9.9604283054e-01
       175   -4.5252267105e+01    2.0494529331e+03   -8.3086150607e+01    3.7833883503e+01   -2.3844567964e+01    3.1323808712e+00   -1.1271285433e+01   -5.1102678081e+01   -1.1026793822e+01    5.3703498609e+02    8.1135859600e-01    9.9604283054e-01
       176   -4.5323262944e+01    2.0555687682e+03   -8.2909172241e+01    3.7585909297e+01   -2.3783343825e+01    3.1943295219e+00   -1.1217479857e+01   -5.1102678081e+01   -1.0975762766e+01    5.3941256750e+02    8.0942518100e-01    9.9599953618e-01
       177   -4.5305762749e+01    2.0540381900e+03   -8.2681995743e+01    3.7376232994e+01   -2.3564885615e+01    3.2069220866e+00   -1.1221354134e+01   -5.1102678081e+01   -1.0983167140e+01    5.3451824374e+02    8.1980691900e-01    9.9648876404e-01
       178   -4.5307159948e+01    2.0540246221e+03   -8.2603996469e+01    3.7296836520e+01   -2.3446618637e+01    3.1630756304e+00   -1.1217775381e+01   -5.1102678081e+01   -1.0979352469e+01    5.3349254347e+02    7.5148510500e-01    9.9583724203e-01
       179   -4.5211325495e+01    2.0455819205e+03   -8.2559772189e+01    3.7348446693e+01   -2.3277786221e+01    3.0602701686e+00   -1.1239578055e+01   -5.1102678081e+01   -1.0992362734e+01    5.3324558785e+02    8.7703175000e-01    9.9671669794e-01
       180   -4.5174841051e+01    2.0422196133e+03   -8.2405639386e+01    3.7230798335e+01   -2.3267738956e+01    3.1649568147e+00   -1.1200179164e+01   -5.1102678081e+01   -1.0945034073e+01    5.3592588301e+02    7.5872494200e-01    9.9661847015e-01
       181   -4.5195703414e+01    2.0441058262e+03   -8.2556202318e+01    3.7360498904e+01   -2.3448397568e+01    3.2289645892e+00   -1.1234091257e+01   -5.1102678081e+01   -1.0979977468e+01    5.3182518741e+02    7.2835270100e-01    9.9559445489e-01
       182   -4.5146200064e+01    2.0395579521e+03   -8.2538185813e+01    3.7391985749e+01   -2.3232286967e+01    3.0577844802e+00   -1.1261005245e+01   -5.1102678081e+01   -1.1010620763e+01    5.2978750270e+02    7.4373370800e-01    9.9569575472e-01
       183   -4.5162139601e+01    2.0410183393e+03   -8.2557577242e+01    3.7395437640e+01   -2.3208370210e+01    3.0705007328e+00   -1.1317029684e+01   -5.1102678081e+01   -1.1066769259e+01    5.2872949554e+02    7.4937257000e-01    9.9574669187e-01
       184   -4.5101078879e+01    2.0354062555e+03   -8.2343239036e+01    3.7242160158e+01   -2.3145716358e+01    3.1727454597e+00   -1.1267590057e+01   -5.1102678081e+01   -1.1017922597e+01    5.2762452990e+02    7.4975636700e-01    9.9656723485e-01
       185   -4.5128572674e+01    2.0378566547e+03   -8.2923260017e+01    3.7794687344e+01   -2.3220282376e+01    2.6080878279e+00   -1.1208387388e+01   -5.1102678081e+01   -1.0954110523e+01    5.2853246419e+02    7.6776817900e-01    9.9663279773e-01
       186   -4.5234221340e+01    2.0475049292e+03   -8.2612239817e+01    3.7378018477e+01   -2.3136208469e+01    2.7756137714e+00   -1.1148967038e+01   -5.1102678081e+01   -1.0893984409e+01    5.2687453500e+02    7.7195786700e-01    9.9644212524e-01
       187   -4.5171379798e+01    2.0419339430e+03   -8.2860802802e+01    3.7689423003e+01   -2.3407079262e+01    2.8761137798e+00   -1.1227159238e+01   -5.1102678081e+01   -1.0971913862e+01    5.3105081052e+02    7.4625232100e-01    9.9599811676e-01
       188   -4.5229565024e+01    2.0469520879e+03   -8.2416955332e+01    3.7187390308e+01   -2.3169943883e+01    3.1121802540e+00   -1.1256513622e+01   -5.1102678081e+01   -1.1000067296e+01    5.2897892751e+02    7.4598215600e-01    9.9568761815e-01
       189   -4.5247843419e+01    2.0487731108e+03   -8.2554166330e+01    3.7306322911e+01   -2.3167487732e+01    2.9036721204e+00   -1.1187672637e+01   -5.1102678081e+01   -1.0931642318e+01    5.2917017517e+02    8.5054037900e-01    9.9621928166e-01
       190   -4.5258899853e+01    2.0498795359e+03   -8.2432005614e+01    3.7173105761e+01   -2.3211525025e+01    3.0363585087e+00   -1.1154161016e+01   -5.1102678081e+01   -1.0902957339e+01    5.2825573781e+02    7.7411441800e-01    9.9550189394e-01
       191   -4.5201463029e+01    2.0445918003e+03   -8.2478902675e+01    3.7277439646e+01   -2.3115912810e+01    2.9226728976e+00   -1.1182984682e+01   -5.1102678081e+01   -1.0924394744e+01    5.3015326933e+02    7.6480501100e-01    9.9492924528e-01
       192   -4.5178486559e+01    2.0424971378e+03   -8.2739203190e+01    3.7560716630e+01   -2.3145065827e+01    2.6503040551e+00   -1.1141763337e+01   -5.1102678081e+01   -1.0882832255e+01    5.2991292466e+02    7.5259940400e-01    9.9604952830e-01
       193   -4.5127903638e+01    2.0378677361e+03   -8.2728839414e+01    3.7600935776e+01   -2.3150636833e+01    2.6999858971e+00   -1.1175510397e+01   -5.1102678081e+01   -1.0916470572e+01    5.3071389431e+02    7.6809044300e-01    9.9617467043e-01
       194   -4.5175965026e+01    2.0422494816e+03   -8.3179647084e+01    3.8003682058e+01   -2.3470547775e+01    2.6900439119e+00   -1.1296465139e+01   -5.1102678081e+01   -1.1040863977e+01    5.3169769784e+02    7.5039075300e-01    9.9582941729e-01
       195   -4.5213400378e+01    2.0459112650e+03   -8.2770841918e+01    3.7557441540e+01   -2.3396756644e+01    2.9531053789e+00   -1.1224512572e+01   -5.1102678081e+01   -1.0968756538e+01    5.3094286705e+02    7.5943591900e-01    9.9623352166e-01
       196   -4.5168658820e+01    2.0416784567e+03   -8.2631665798e+01    3.7463006978e+01   -2.3371616162e+01    2.9515343341e+00   -1.1108905889e+01   -5.1102678081e+01   -1.0849427878e+01    5.3092250450e+02    7.9117016800e-01    9.9558615819e-01
       197   -4.5134928449e+01    2.0387287781e+03   -8.2385183712e+01    3.7250255263e+01   -2.3225919768e+01    3.0836950485e+00   -1.1140280912e+01   -5.1102678081e+01   -1.0876005225e+01    5.3070502199e+02    7.8416174600e-01    9.9558615819e-01
       198   -4.5152522059e+01    2.0403234334e+03   -8.2334606425e+01    3.7182084367e+01   -2.3104328647e+01    2.9800549692e+00   -1.1107654667e+01   -5.1102678081e+01   -1.0845540733e+01    5.2568481494e+02    7.6009559400e-01    9.9518773764e-01
       199   -4.5134759143e+01    2.0385207954e+03   -8.2132593512e+01    3.6997834370e+01   -2.2816789436e+01    2.8995725749e+00   -1.1112698570e+01   -5.1102678081e+01   -1.0850851670e+01    5.2471262550e+02    8.7749462600e-01    9.9690476190e-01
       200   -4.5181882537e+01    2.0427938274e+03   -8.1910260052e+01    3.6728377515e+01   -2.2743820469e+01    3.1314836866e+00   -1.1195245189e+01   -5.1102678081e+01   -1.0938266687e+01    5.2180530598e+02    7.6381239500e-01    9.9652777778e-01
       201   -4.5255929978e+01    2.0495042930e+03   -8.1866436812e+01    3.6610506834e+01   -2.2752780196e+01    3.1426244796e+00   -1.1153603015e+01   -5.1102678081e+01   -1.0894511310e+01    5.2414394016e+02    7.5476977200e-01    9.9648139313e-01
       202   -4.5298458624e+01    2.0534775731e+03   -8.1848423639e+01    3.6549965015e+01   -2.2767039759e+01    3.0731686756e+00   -1.1051874475e+01   -5.1102678081e+01   -1.0800417927e+01    5.2539824535e+02    7.6923201500e-01    9.9571428571e-01
       203   -4.5221889035e+01    2.0465297783e+03   -8.1938581851e+01    3.6716692816e+01   -2.2716694770e+01    2.9283317423e+00   -1.1047540742e+01   -5.1102678081e+01   -1.0793156623e+01    5.2634755282e+02    7.5743804100e-01    9.9643536122e-01
       204   -4.5247848596e+01    2.0489160884e+03   -8.1945605591e+01    3.6697756995e+01   -2.2719557030e+01    2.9257650512e+00   -1.1049135531e+01   -5.1102678081e+01   -1.0795776869e+01    5.2519069402e+02    7.5219692600e-01    9.9607142857e-01
       205   -4.5228645808e+01    2.0471543401e+03   -8.2134883352e+01    3.6906237544e+01   -2.2888920515e+01    2.9328467830e+00   -1.1076131538e+01   -5.1102678081e+01   -1.0823919685e+01    5.2619746220e+02    7.3151015400e-01    9.9655418251e-01
       206   -4.5205749386e+01    2.0450769776e+03   -8.2140788111e+01    3.6935038725e+01   -2.2922768801e+01    3.0127527954e+00   -1.1128094024e+01   -5.1102678081e+01   -1.0878947313e+01    5.2709270865e+02    7.5835689600e-01    9.9567125237e-01
       207   -4.5202950223e+01    2.0447362555e+03   -8.1948829535e+01    3.6745879312e+01   -2.2625340838e+01    2.9617952317e+00   -1.1182605848e+01   -5.1102678081e+01   -1.0932390827e+01    5.2699014345e+02    7.4479861900e-01    9.9608633776e-01
       208   -4.5208985997e+01    2.0449991488e+03   -8.1752012689e+01    3.6543026692e+01   -2.2393105420e+01    2.7798699624e+00   -1.1036099150e+01   -5.1102678081e+01   -1.0778285085e+01    5.2799941341e+02    7.4911350500e-01    9.9638967803e-01
       209   -4.5246044175e+01    2.0484875426e+03   -8.1990760568e+01    3.6744716393e+01   -2.2548229196e+01    2.7771717728e+00   -1.1117025063e+01   -5.1102678081e+01   -1.0860606725e+01    5.2810572953e+02    9.0140064400e-01    9.9579782197e-01
       210   -4.5234329567e+01    2.0474497845e+03   -8.2051644078e+01    3.6817314511e+01   -2.2545070368e+01    2.7559460377e+00   -1.1159841667e+01   -5.1102678081e+01   -1.0904889156e+01    5.2817793608e+02    8.1220872000e-01    9.9532433712e-01
       211   -4.5311895340e+01    2.0546619971e+03   -8.1874934017e+01    3.6563038677e+01   -2.2417126123e+01    2.8472657431e+00   -1.1202395556e+01   -5.1102678081e+01   -1.0948857382e+01    5.2933235472e+02    7.8036217500e-01    9.9604206049e-01
       212   -4.5258901814e+01    2.0497697974e+03   -8.2261158380e+01    3.7002256566e+01   -2.2732546706e+01    2.8434293792e+00   -1.1269362972e+01   -5.1102678081e+01   -1.1021947042e+01    5.2740569859e+02    7.6441386200e-01    9.9662001898e-01
       213   -4.5242476628e+01    2.0482975015e+03   -8.2026362124e+01    3.6783885496e+01   -2.2833604089e+01    3.1780059792e+00   -1.1268085933e+01   -5.1102678081e+01   -1.1018522589e+01    5.2723583613e+02    7.4883959900e-01    9.9590844402e-01
       214   -4.5150221931e+01    2.0398318950e+03   -8.2068009840e+01    3.6917787909e+01   -2.2714002880e+01    3.0576992686e+00   -1.1309028147e+01   -5.1102678081e+01   -1.1059062753e+01    5.2795411553e+02    7.5632925600e-01    9.9461410985e-01
       215   -4.5185657712e+01    2.0429810219e+03   -8.2057762490e+01    3.6872104778e+01   -2.2479007362e+01    2.8329990562e+00   -1.1309076104e+01   -5.1102678081e+01   -1.1059515652e+01    5.2778498152e+02    7.7058650600e-01    9.9621212121e-01
       216   -4.5185384534e+01    2.0434596129e+03   -8.1933315349e+01    3.6747930816e+01   -2.2617796499e+01    3.0381320027e+00   -1.1250972772e+01   -5.1102678081e+01   -1.0999298567e+01    5.2483783145e+02    7.6578637500e-01    9.9636904762e-01
       217   -4.5146052688e+01    2.0393423904e+03   -8.2141722381e+01    3.6995669693e+01   -2.2681477399e+01    2.8237135045e+00   -1.1181280405e+01   -5.1102678081e+01   -1.0926522236e+01    5.2375400993e+02    7.5604258900e-01    9.9618320611e-01
       218   -4.5145246710e+01    2.0394514995e+03   -8.2320563817e+01    3.7175317107e+01   -2.2691606264e+01    2.7578838691e+00   -1.1284163341e+01   -5.1102678081e+01   -1.1030166421e+01    5.2274882342e+02    7.5313274500e-01    9.9677342256e-01
       219   -4.5188941804e+01    2.0435823289e+03   -8.2114068007e+01    3.6925126203e+01   -2.2816140661e+01    2.9893206578e+00   -1.1184569923e+01   -5.1102678081e+01   -1.0929600207e+01    5.2385411284e+02    8.7997743100e-01    9.9582538168e-01
       220   -4.5130647932e+01    2.0380344263e+03   -8.2091699724e+01    3.6961051792e+01   -2.2639506032e+01    2.7666682880e+00   -1.1116183899e+01   -5.1102678081e+01   -1.0851981174e+01    5.2379236970e+02    7.6632986700e-01    9.9528864504e-01
       221   -4.5161009202e+01    2.0408602548e+03   -8.2076906804e+01    3.6915897602e+01   -2.2608280666e+01    2.8044243747e+00   -1.1170372432e+01   -5.1102678081e+01   -1.0906518022e+01    5.2177195484e+02    7.7780540800e-01    9.9610871648e-01
       222   -4.5147093887e+01    2.0395373753e+03   -8.2101006908e+01    3.6953913021e+01   -2.2658800505e+01    2.8386553326e+00   -1.1178183655e+01   -5.1102678081e+01   -1.0917416522e+01    5.1980683955e+02    7.6635492600e-01    9.9579326923e-01
       223   -4.5144861348e+01    2.0394503649e+03   -8.2108425740e+01    3.6963564392e+01   -2.2569298855e+01    2.8107129860e+00   -1.1247161790e+01   -5.1102678081e+01   -1.0996909590e+01    5.1975387467e+02    7.6708306000e-01    9.9651442308e-01
       224   -4.5096697150e+01    2.0349922819e+03   -8.2114970987e+01    3.7018273836e+01   -2.2419746840e+01    2.6826799667e+00   -1.1275226032e+01   -5.1102678081e+01   -1.1025998446e+01    5.1962841396e+02    7.3305726200e-01    9.9663461538e-01
       225   -4.5107498833e+01    2.0359477255e+03   -8.2315218405e+01    3.7207719572e+01   -2.2694965465e+01    2.7397679458e+00   -1.1257342805e+01   -5.1102678081e+01   -1.1005029702e+01    5.1952338660e+02    7.4877549700e-01    9.9627403846e-01
       226   -4.5167829441e+01    2.0414231559e+03   -8.2457963419e+01    3.7290133978e+01   -2.3031178629e+01    2.8660605083e+00   -1.1190167218e+01   -5.1102678081e+01   -1.0934375322e+01    5.1973009023e+02    7.3729272800e-01    9.9573317308e-01
       227   -4.5276779003e+01    2.0513123581e+03   -8.2439026191e+01    3.7162247188e+01   -2.3039876366e+01    2.8788657596e+00   -1.1175337503e+01   -5.1102678081e+01   -1.0918589349e+01    5.2017542897e+02    7.3504475200e-01    9.9639423077e-01
       228   -4.5277247511e+01    2.0512797144e+03   -8.2111821475e+01    3.6834573964e+01   -2.2773565189e+01    2.9310890115e+00   -1.1166667217e+01   -5.1102678081e+01   -1.0909405490e+01    5.2242680818e+02    7.4011497300e-01    9.9670737548e-01
       229   -4.5274474685e+01    2.0512304281e+03   -8.2059749078e+01    3.6785274393e+01   -2.2506879599e+01    2.6438554707e+00   -1.1094046869e+01   -5.1102678081e+01   -1.0834763422e+01    5.2143595217e+02    8.6807919500e-01    9.9580134357e-01
       230   -4.5249457632e+01    2.0489503246e+03   -8.1816463842e+01    3.6567006210e+01   -2.2440222395e+01    2.9813348587e+00   -1.1254898224e+01   -5.1102678081e+01   -1.0996231224e+01    5.1739992435e+02    7.4161120600e-01    9.9570841393e-01
       231   -4.5247107822e+01    2.0489496097e+03   -8.1664295338e+01    3.6417187516e+01   -2.2512456186e+01    3.1999365384e+00   -1.1249097609e+01   -5.1102678081e+01   -1.0981406485e+01    5.1731957583e+02    7.1964212200e-01    9.9534574468e-01
       232   -4.5181854867e+01    2.0425737302e+03   -8.1869573899e+01    3.6687719032e+01   -2.2700997047e+01    3.1255538026e+00   -1.1191452574e+01   -5.1102678081e+01   -1.0924882741e+01    5.1913434683e+02    7.4399450100e-01    9.9620664740e-01
       233   -4.5208942751e+01    2.0453456745e+03   -8.1988896428e+01    3.6779953677e+01   -2.2942882207e+01    3.2662371445e+00   -1.1209573284e+01   -5.1102678081e+01   -1.0954589036e+01    5.1905101572e+02    7.2953536800e-01    9.9608622351e-01
       234   -4.5235233695e+01    2.0476805365e+03   -8.2055303420e+01    3.6820069724e+01   -2.3057476109e+01    3.3586411090e+00   -1.1253790339e+01   -5.1102678081e+01   -1.0998817940e+01    5.1715326898e+02    7.3029921400e-01    9.9613152805e-01
       235   -4.5247664975e+01    2.0488333110e+03   -8.2274537944e+01    3.7026872969e+01   -2.3073983121e+01    3.1352014514e+00   -1.1233078194e+01   -5.1102678081e+01   -1.0986050726e+01    5.1726710812e+02    7.3492936700e-01    9.9643375242e-01
       236   -4.5171493766e+01    2.0417952239e+03   -8.2446753822e+01    3.7275260056e+01   -2.3023413331e+01    2.9196657533e+00   -1.1240328163e+01   -5.1102678081e+01   -1.0987869247e+01    5.1708553996e+02    7.4709322200e-01    9.9588974855e-01
       237   -4.5159211915e+01    2.0408103892e+03   -8.2280630968e+01    3.7121419052e+01   -2.2891475419e+01    2.9238829275e+00   -1.1210360395e+01   -5.1102678081e+01   -1.0960994168e+01    5.1685664766e+02    7.3654565100e-01    9.9564796905e-01
       238   -4.5154182104e+01    2.0404943990e+03   -8.2467245623e+01    3.7313063519e+01   -2.3028548086e+01    2.8915776256e+00   -1.1227597082e+01   -5.1102678081e+01   -1.0969929165e+01    5.1781954342e+02    7.2982686900e-01    9.9692326255e-01
       239   -4.5181499693e+01    2.0428695122e+03   -8.2583287071e+01    3.7401787378e+01   -2.3191052397e+01    2.8691632444e+00   -1.1158719838e+01   -5.1102678081e+01   -1.0895885232e+01    5.1890606104e+02    8.5035227800e-01    9.9584537572e-01
       240   -4.5187497287e+01    2.0435414243e+03   -8.2616110957e+01    3.7428613670e+01   -2.3290769439e+01    3.0102684017e+00   -1.1232931838e+01   -5.1102678081e+01   -1.0974444404e+01    5.1798507525e+02    7.4229023900e-01    9.9625965251e-01
       241   -4.5224944056e+01    2.0468807583e+03   -8.2479373464e+01    3.7254429408e+01   -2.3215323326e+01    3.0812783357e+00   -1.1242650393e+01   -5.1102678081e+01   -1.0988527069e+01    5.1908882455e+02    7.4964241100e-01    9.9596579961e-01
       242   -4.5205176848e+01    2.0453363503e+03   -8.2404076347e+01    3.7198899499e+01   -2.3015160128e+01    2.8154958595e+00   -1.1101733998e+01   -5.1102678081e+01   -1.0842152751e+01    5.1813755845e+02    7.6413291000e-01    9.9656129344e-01
       243   -4.5218848852e+01    2.0462149083e+03   -8.2423646731e+01    3.7204797879e+01   -2.3174930548e+01    2.9983781211e+00   -1.1144416223e+01   -5.1102678081e+01   -1.0884181672e+01    5.2219154349e+02    7.6827240700e-01    9.9616858238e-01
       244   -4.5222759188e+01    2.0464325474e+03   -8.2203845635e+01    3.6981086446e+01   -2.3328632006e+01    3.3737149822e+00   -1.1146250530e+01   -5.1102678081e+01   -1.0888229243e+01    5.1812403785e+02    7.4777565700e-01    9.9511341699e-01
       245   -4.5260626365e+01    2.0497711844e+03   -8.2048541209e+01    3.6787914843e+01   -2.3206020918e+01    3.4629133303e+00   -1.1202755540e+01   -5.1102678081e+01   -1.0945126533e+01    5.1827667561e+02    7.6937188600e-01    9.9650096525e-01
       246   -4.5216794240e+01    2.0459924698e+03   -8.1759061385e+01    3.6542267145e+01   -2.3144077681e+01    3.6732230864e+00   -1.1185528710e+01   -5.1102678081e+01   -1.0927296898e+01    5.2125859615e+02    8.2665066400e-01    9.9604126679e-01
       247   -4.5254012543e+01    2.0493163133e+03   -8.2217558510e+01    3.6963545967e+01   -2.3302673263e+01    3.3012980994e+00   -1.1113505265e+01   -5.1102678081e+01   -1.0850780270e+01    5.2221055890e+02    7.8617746900e-01    9.9622844828e-01
       248   -4.5279212839e+01    2.0517843528e+03   -8.2353622612e+01    3.7074409773e+01   -2.3471270401e+01    3.3578118752e+00   -1.1137486005e+01   -5.1102678081e+01   -1.0881233779e+01    5.2332957275e+02    7.5202244900e-01    9.9557839388e-01
       249   -4.5244217665e+01    2.0484843115e+03   -8.2666714526e+01    3.7422496861e+01   -2.3608100581e+01    3.2472786552e+00   -1.1203214519e+01   -5.1102678081e+01   -1.0944361784e+01    5.2329663311e+02    8.2825161500e-01    9.9599665392e-01
       250   -4.5197715413e+01    2.0444233334e+03   -8.2200312012e+01    3.7002596600e+01   -2.3377361979e+01    3.3982845869e+00   -1.1118556539e+01   -5.1102678081e+01   -1.0869137675e+01    5.2912656812e+02    7.4788029300e-01    9.9574669187e-01
       251   -4.5245892492e+01    2.0487671340e+03   -8.2736936634e+01    3.7491044142e+01   -2.3656363738e+01    3.2388830885e+00   -1.1216777903e+01   -5.1102678081e+01   -1.0965533560e+01    5.3004974497e+02    7.7034881400e-01    9.9551886792e-01
       252   -4.5242769446e+01    2.0483169848e+03   -8.2668201062e+01    3.7425431616e+01   -2.3635003536e+01    3.4074578188e+00   -1.1337977264e+01   -5.1102678081e+01   -1.1085551851e+01    5.3017638851e+02    7.8646474000e-01    9.9658018868e-01
       253   -4.5184512049e+01    2.0428739683e+03   -8.2733679527e+01    3.7549167479e+01   -2.3817154097e+01    3.4819751071e+00   -1.1295822456e+01   -5.1102678081e+01   -1.1049769659e+01    5.2900320394e+02    7.4341234500e-01    9.9574669187e-01
       254   -4.5151577997e+01    2.0400506054e+03   -8.2341239736e+01    3.7189661739e+01   -2.3620087676e+01    3.5230292953e+00   -1.1141503274e+01   -5.1102678081e+01   -1.0889199980e+01    5.2975373206e+02    7.6022056800e-01    9.9622641509e-01
       255   -4.5220370685e+01    2.0463891876e+03   -8.2614791031e+01    3.7394420346e+01   -2.3687865161e+01    3.3749007371e+00   -1.1199148526e+01   -5.1102678081e+01   -1.0938329128e+01    5.2387878877e+02    7.9996582400e-01    9.9612356870e-01
       256   -4.5219154398e+01    2.0461095530e+03   -8.2416748269e+01    3.7197593870e+01   -2.3424166849e+01    3.2427468545e+00   -1.1132650193e+01   -5.1102678081e+01   -1.0872768696e+01    5.2009472462e+02    7.6550009500e-01    9.9567307692e-01
       257   -4.5198640252e+01    2.0443230142e+03   -8.2670857109e+01    3.7472216856e+01   -2.3576471894e+01    3.1526836584e+00   -1.1144390792e+01   -5.1102678081e+01   -1.0883492706e+01    5.2005839098e+02    7.2565497400e-01    9.9573317308e-01
       258   -4.5167020217e+01    2.0414855063e+03   -8.2931993509e+01    3.7764973292e+01   -2.3458503582e+01    2.8486943747e+00   -1.1219506221e+01   -5.1102678081e+01   -1.0966140570e+01    5.2293159517e+02    7.6034587900e-01    9.9629541109e-01
       259   -4.5182051817e+01    2.0428013622e+03   -8.3297362092e+01    3.8115310275e+01   -2.3779872184e+01    2.6846504424e+00   -1.1099462270e+01   -5.1102678081e+01   -1.0839868794e+01    5.2088379936e+02    8.4403912900e-01    9.9454174664e-01
       260   -4.5218134243e+01    2.0463094624e+03   -8.3548443332e+01    3.8330309088e+01   -2.3772248922e+01    2.4671100033e+00   -1.1140626332e+01   -5.1102678081e+01   -1.0871569493e+01    5.2200535231e+02    7.5140975900e-01    9.9586925287e-01
       261   -4.5273215890e+01    2.0524196567e+03   -8.3642743570e+01    3.8369527680e+01   -2.3695519812e+01    2.3324578960e+00   -1.1177003573e+01   -5.1102678081e+01   -1.0902989278e+01    5.2919247141e+02    7.4874163400e-01    9.9604206049e-01
       262   -4.5214820539e+01    2.0458797433e+03   -8.3075747641e+01    3.7860927102e+01   -2.3218344574e+01    2.3413301606e+00   -1.1096055147e+01   -5.1102678081e+01   -1.0819859907e+01    5.2501387194e+02    7.4890666600e-01    9.9553571429e-01
       263   -4.5207826659e+01    2.0451621910e+03   -8.2655972814e+01    3.7448146155e+01   -2.2847984629e+01    2.4746945489e+00   -1.1180004653e+01   -5.1102678081e+01   -1.0904542036e+01    5.2602830612e+02    7.4407980900e-01    9.9643536122e-01
       264   -4.5211977857e+01    2.0456377775e+03   -8.3042110554e+01    3.7830132697e+01   -2.3203242788e+01    2.4889189208e+00   -1.1225108606e+01   -5.1102678081e+01   -1.0958990818e+01    5.3002202302e+02    7.8713112000e-01    9.9610849057e-01
       265   -4.5212337565e+01    2.0457517153e+03   -8.2984696362e+01    3.7772358796e+01   -2.3284054272e+01    2.5512201202e+00   -1.1149184128e+01   -5.1102678081e+01   -1.0889274289e+01    5.3195412899e+02    8.0748491900e-01    9.9565319549e-01
       266   -4.5196141422e+01    2.0440270113e+03   -8.3230361947e+01    3.8034220524e+01   -2.3290812170e+01    2.3373746956e+00   -1.1174246391e+01   -5.1102678081e+01   -1.0910561818e+01    5.3188320439e+02    7.4543476800e-01    9.9512453008e-01
       267   -4.5181715206e+01    2.0427524785e+03   -8.3174756024e+01    3.7993040818e+01   -2.3426285288e+01    2.3769146566e+00   -1.1022707312e+01   -5.1102678081e+01   -1.0757904922e+01    5.2983325799e+02    6.4919086400e-01    9.9551886792e-01
       268   -4.5170469970e+01    2.0419234890e+03   -8.2884785059e+01    3.7714315089e+01   -2.3336523141e+01    2.6164304890e+00   -1.1062014325e+01   -5.1102678081e+01   -1.0797627742e+01    5.2980511235e+02    6.5175046400e-01    9.9545990566e-01
       269   -4.5165935644e+01    2.0412297747e+03   -8.3095667532e+01    3.7929731888e+01   -2.3566748154e+01    2.6588480953e+00   -1.1085089393e+01   -5.1102678081e+01   -1.0818496697e+01    5.2674424008e+02    7.5019458300e-01    9.9596774194e-01
       270   -4.5121863645e+01    2.0373414323e+03   -8.2881708721e+01    3.7759845076e+01   -2.3272883302e+01    2.6315136255e+00   -1.1137660963e+01   -5.1102678081e+01   -1.0870530885e+01    5.3065674947e+02    6.0942198200e-01    9.9646892655e-01
       271   -4.5255595342e+01    2.0495617570e+03   -8.3003901529e+01    3.7748306186e+01   -2.3433970336e+01    2.6635631939e+00   -1.1130816305e+01   -5.1102678081e+01   -1.0863013669e+01    5.3284749740e+02    6.1919069700e-01    9.9636491557e-01
       272   -4.5187293917e+01    2.0433844826e+03   -8.3263595730e+01    3.8076301813e+01   -2.3686615848e+01    2.6656358427e+00   -1.1139937643e+01   -5.1102678081e+01   -1.0869775711e+01    5.3302116999e+02    6.4194813000e-01    9.9542682927e-01
       273   -4.5145877283e+01    2.0396176759e+03   -8.3454825045e+01    3.8308947762e+01   -2.3953502645e+01    2.8563079291e+00   -1.1254952248e+01   -5.1102678081e+01   -1.0987094648e+01    5.3269810376e+02    6.1549073900e-01    9.9542682927e-01
       274   -4.5168806938e+01    2.0418290428e+03   -8.3036093529e+01    3.7867286592e+01   -2.3589281854e+01    2.7067782679e+00   -1.1050911862e+01   -5.1102678081e+01   -1.0780703348e+01    5.3365192805e+02    6.1874996800e-01    9.9683988764e-01
       275   -4.5233462552e+01    2.0473327156e+03   -8.3080993318e+01    3.7847530766e+01   -2.3518633009e+01    2.6912459339e+00   -1.1150928162e+01   -5.1102678081e+01   -1.0880366803e+01    5.3486920717e+02    6.1275741400e-01    9.9696261682e-01
       276   -4.5207974555e+01    2.0451843574e+03   -8.3011150326e+01    3.7803175771e+01   -2.3709339653e+01    2.9344799006e+00   -1.1133612492e+01   -5.1102678081e+01   -1.0868766125e+01    5.3402216309e+02    6.1328479700e-01    9.9619616105e-01
       277   -4.5158733950e+01    2.0405265237e+03   -8.2867830725e+01    3.7709096775e+01   -2.3613783463e+01    2.9842527078e+00   -1.1135621889e+01   -5.1102678081e+01   -1.0868199655e+01    5.3578074220e+02    6.1382655200e-01    9.9586054104e-01
       278   -4.5103748799e+01    2.0357652001e+03   -8.3089894168e+01    3.7986145369e+01   -2.3635519205e+01    2.8554310011e+00   -1.1207127882e+01   -5.1102678081e+01   -1.0941985461e+01    5.3447747522e+02    6.1302343900e-01    9.9561915888e-01
       279   -4.5173891613e+01    2.0419982148e+03   -8.2659562238e+01    3.7485670625e+01   -2.3468271752e+01    3.0197808846e+00   -1.1108393289e+01   -5.1102678081e+01   -1.0838968336e+01    5.3053885518e+02    6.9938470500e-01    9.9552730697e-01
       280   -4.5140251333e+01    2.0388749719e+03   -8.2866229442e+01    3.7725978110e+01   -2.3454981480e+01    2.7489456268e+00   -1.1057515508e+01   -5.1102678081e+01   -1.0791467685e+01    5.3065473413e+02    6.1617726500e-01    9.9535075330e-01
       281   -4.5124673012e+01    2.0375267450e+03   -8.2517017542e+01    3.7392344530e+01   -2.2945880759e+01    2.6986343783e+00   -1.1167093080e+01   -5.1102678081e+01   -1.0898869667e+01    5.3055048973e+02    6.1278948500e-01    9.9523305085e-01
       282   -4.5116067922e+01    2.0367718083e+03   -8.2949583315e+01    3.7833515393e+01   -2.3223915017e+01    2.5747466995e+00   -1.1197736916e+01   -5.1102678081e+01   -1.0929184572e+01    5.3049309871e+02    6.0739851800e-01    9.9641007533e-01
       283   -4.5172839402e+01    2.0420442892e+03   -8.2858167498e+01    3.7685328096e+01   -2.3337159522e+01    2.7113221130e+00   -1.1129652008e+01   -5.1102678081e+01   -1.0860641693e+01    5.2961100952e+02    6.0738876100e-01    9.9581367925e-01
       284   -4.5163845551e+01    2.0411617483e+03   -8.2577665098e+01    3.7413819547e+01   -2.3220040262e+01    2.8835283120e+00   -1.1138475068e+01   -5.1102678081e+01   -1.0871381012e+01    5.3277036420e+02    6.1513699000e-01    9.9530956848e-01
       285   -4.5233168729e+01    2.0475121287e+03   -8.2636127526e+01    3.7402958797e+01   -2.3207644173e+01    2.8233989818e+00   -1.1149204254e+01   -5.1102678081e+01   -1.0885665328e+01    5.3287187240e+02    6.1858830700e-01    9.9583724203e-01
       286   -4.5252263163e+01    2.0494416471e+03   -8.2913798110e+01    3.7661534947e+01   -2.3559007303e+01    2.9303615949e+00   -1.1182474321e+01   -5.1102678081e+01   -1.0915699927e+01    5.3212029455e+02    6.3243431000e-01    9.9588815789e-01
       287   -4.5196959544e+01    2.0440750796e+03   -8.2747453704e+01    3.7550494160e+01   -2.3373481393e+01    2.8701623806e+00   -1.1141456610e+01   -5.1102678081e+01   -1.0875931769e+01    5.3402521801e+02    6.4386404900e-01    9.9613764045e-01
       288   -4.5232136823e+01    2.0473048294e+03   -8.2363204005e+01    3.7131067182e+01   -2.3321042038e+01    3.0921686603e+00   -1.1031652547e+01   -5.1102678081e+01   -1.0771458710e+01    5.3697636094e+02    6.4332946600e-01    9.9604283054e-01
       289   -4.5280402326e+01    2.0516710809e+03   -8.2566887604e+01    3.7286485278e+01   -2.3307697484e+01    2.9037644687e+00   -1.1060276507e+01   -5.1102678081e+01   -1.0798862444e+01    5.3315523775e+02    7.5963581300e-01    9.9583724203e-01
       290   -4.5255044523e+01    2.0493221765e+03   -8.2301049602e+01    3.7046005080e+01   -2.2860818306e+01    2.6999738092e+00   -1.1037527024e+01   -5.1102678081e+01   -1.0778032306e+01    5.3023883259e+02    6.1348357500e-01    9.9569575472e-01
       291   -4.5359053785e+01    2.0595449188e+03   -8.2363573959e+01    3.7004520174e+01   -2.3109250935e+01    2.8297846921e+00   -1.0981429634e+01   -5.1102678081e+01   -1.0723915953e+01    5.2941457530e+02    6.6892368400e-01    9.9627835539e-01
       292   -4.5233087505e+01    2.0472319186e+03   -8.2245190770e+01    3.7012103265e+01   -2.2853038847e+01    2.8240941148e+00   -1.1113567957e+01   -5.1102678081e+01   -1.0868352672e+01    5.2838020385e+02    6.7954659800e-01    9.9597537879e-01
       293   -4.5321744608e+01    2.0555179539e+03   -8.2266423271e+01    3.6944678662e+01   -2.2898430083e+01    2.8235131430e+00   -1.1088828250e+01   -5.1102678081e+01   -1.0838867716e+01    5.2831596202e+02    6.8058463700e-01    9.9656723485e-01
       294   -4.5325570961e+01    2.0562560452e+03   -8.2193202051e+01    3.6867631090e+01   -2.3056316970e+01    3.0053542592e+00   -1.1039561260e+01   -5.1102678081e+01   -1.0788000262e+01    5.2658977558e+02    6.7990727400e-01    9.9607889734e-01
       295   -4.5251194314e+01    2.0491370541e+03   -8.2739972240e+01    3.7488777925e+01   -2.3329240592e+01    2.7201277146e+00   -1.1028181282e+01   -5.1102678081e+01   -1.0770066332e+01    5.2441407420e+02    6.7788074800e-01    9.9528864504e-01
       296   -4.5329416113e+01    2.0561989489e+03   -8.3076052740e+01    3.7746636627e+01   -2.3549147523e+01    2.6164386932e+00   -1.1040665829e+01   -5.1102678081e+01   -1.0781971846e+01    5.2342089400e+02    6.9583955000e-01    9.9551864245e-01
       297   -4.5251112130e+01    2.0489773538e+03   -8.3151664525e+01    3.7900552395e+01   -2.3712148236e+01    2.6781100499e+00   -1.1014948258e+01   -5.1102678081e+01   -1.0760878654e+01    5.2443877957e+02    6.6038177400e-01    9.9546755725e-01
       298   -4.5242900559e+01    2.0482609267e+03   -8.3047944424e+01    3.7805043865e+01   -2.3577164340e+01    2.5839392341e+00   -1.0952041237e+01   -5.1102678081e+01   -1.0698961023e+01    5.3021455533e+02    6.3353311100e-01    9.9557783019e-01
       299   -4.5300167688e+01    2.0534102583e+03   -8.2984890066e+01    3.7684722379e+01   -2.3669486806e+01    2.8374283038e+00   -1.1050153483e+01   -5.1102678081e+01   -1.0797178832e+01    5.2928575874e+02    7.2518879800e-01    9.9539224953e-01
