#   index    LocalEnergy         LocalEnergy_sq      LocalPotential      Kinetic             LocalECP            NonLocalECP         ElecElec            IonIon              MPC                 BlockWeight         BlockCPU            AcceptRatio         
         0   -4.4943208779e+01    2.0213659709e+03   -8.2478468150e+01    3.7535259372e+01   -2.3627536849e+01    3.2749900526e+00   -1.1023243272e+01   -5.1102678081e+01   -1.0726221637e+01    5.1200000000e+02    1.0146055090e+00    7.1728515625e-01
         1   -4.4983839411e+01    2.0249036166e+03   -8.3282469219e+01    3.8298629808e+01   -2.3843412811e+01    2.6248345320e+00   -1.0961212859e+01   -5.1102678081e+01   -1.0686650957e+01    5.1200000000e+02    1.0591330940e+00    7.1732584635e-01
         2   -4.4976751277e+01    2.0243082902e+03   -8.2938258156e+01    3.7961506879e+01   -2.3449622007e+01    2.7323591691e+00   -1.1118317237e+01   -5.1102678081e+01   -1.0847510335e+01    5.1200000000e+02    1.0390088000e+00    7.2316487630e-01
         3   -4.4984566362e+01    2.0249311680e+03   -8.2875774636e+01    3.7891208273e+01   -2.3230233447e+01    2.6849209119e+00   -1.1227784019e+01   -5.1102678081e+01   -1.0955746728e+01    5.1200000000e+02    1.0177111070e+00    7.1563720703e-01
         4   -4.5080379627e+01    2.0336475173e+03   -8.1764352449e+01    3.6683972822e+01   -2.2640089799e+01    3.1619521779e+00   -1.1183536746e+01   -5.1102678081e+01   -1.0883891209e+01    5.1200000000e+02    1.0079501700e+00    7.1691894531e-01
         5   -4.4963059132e+01    2.0230238774e+03   -8.2361329331e+01    3.7398270199e+01   -2.2877652995e+01    2.7256009633e+00   -1.1106599218e+01   -5.1102678081e+01   -1.0819848825e+01    5.1200000000e+02    1.0097569940e+00    7.1891276042e-01
         6   -4.5073829437e+01    2.0329767868e+03   -8.2511987116e+01    3.7438157679e+01   -2.3187983050e+01    2.9140464281e+00   -1.1135372413e+01   -5.1102678081e+01   -1.0851878726e+01    5.1200000000e+02    1.0052810710e+00    7.1726481120e-01
         7   -4.5053448767e+01    2.0314604695e+03   -8.2353690258e+01    3.7300241491e+01   -2.2816109177e+01    2.8116423766e+00   -1.1246545376e+01   -5.1102678081e+01   -1.0963887440e+01    5.1200000000e+02    1.0760193320e+00    7.1988932292e-01
         8   -4.5104933299e+01    2.0359096925e+03   -8.2255272276e+01    3.7150338977e+01   -2.3338578940e+01    3.2707561983e+00   -1.1084771454e+01   -5.1102678081e+01   -1.0800628527e+01    5.1200000000e+02    1.0506514900e+00    7.1811930339e-01
         9   -4.5022365487e+01    2.0284834500e+03   -8.1731518896e+01    3.6709153408e+01   -2.2413621882e+01    2.9443131320e+00   -1.1159532065e+01   -5.1102678081e+01   -1.0887871209e+01    5.1200000000e+02    1.0592644740e+00    7.1514892578e-01
        10   -4.5050014012e+01    2.0307984174e+03   -8.1300072741e+01    3.6250058729e+01   -2.2270509734e+01    3.1439678768e+00   -1.1070852802e+01   -5.1102678081e+01   -1.0805237194e+01    5.1200000000e+02    1.0445156030e+00    7.2312418620e-01
        11   -4.5029985208e+01    2.0289738273e+03   -8.1835774705e+01    3.6805789497e+01   -2.2782874316e+01    3.0394173487e+00   -1.0989639656e+01   -5.1102678081e+01   -1.0703780567e+01    5.1200000000e+02    1.0345582840e+00    7.1931966146e-01
        12   -4.5081282130e+01    2.0336396317e+03   -8.2116946682e+01    3.7035664552e+01   -2.2520713787e+01    2.8300911902e+00   -1.1323646004e+01   -5.1102678081e+01   -1.1043596589e+01    5.1200000000e+02    1.0211073390e+00    7.1706136068e-01
        13   -4.5019059596e+01    2.0280050898e+03   -8.2389256275e+01    3.7370196679e+01   -2.3036259365e+01    2.8518961406e+00   -1.1102214969e+01   -5.1102678081e+01   -1.0828683913e+01    5.1200000000e+02    1.0094726520e+00    7.1826171875e-01
        14   -4.5030300093e+01    2.0292060414e+03   -8.1933606783e+01    3.6903306690e+01   -2.2671081926e+01    2.8514549233e+00   -1.1011301699e+01   -5.1102678081e+01   -1.0735903522e+01    5.1200000000e+02    1.0535677530e+00    7.2052001953e-01
        15   -4.5061305405e+01    2.0319272140e+03   -8.2053612079e+01    3.6992306674e+01   -2.2931771902e+01    3.1066585954e+00   -1.1125820691e+01   -5.1102678081e+01   -1.0849367990e+01    5.1200000000e+02    1.0125969730e+00    7.1946207682e-01
        16   -4.4974333776e+01    2.0241493262e+03   -8.2470423812e+01    3.7496090036e+01   -2.3099380559e+01    2.8514523393e+00   -1.1119817511e+01   -5.1102678081e+01   -1.0820009779e+01    5.1200000000e+02    1.0044619760e+00    7.1775309245e-01
        17   -4.5058312695e+01    2.0314745231e+03   -8.1887391507e+01    3.6829078812e+01   -2.2646398801e+01    2.9760898180e+00   -1.1114404442e+01   -5.1102678081e+01   -1.0829795714e+01    5.1200000000e+02    1.0159679110e+00    7.2165934245e-01
        18   -4.5096926751e+01    2.0351794522e+03   -8.2420672650e+01    3.7323745899e+01   -2.2984746416e+01    2.7766962407e+00   -1.1109944393e+01   -5.1102678081e+01   -1.0835526195e+01    5.1200000000e+02    9.9119401300e-01    7.2062174479e-01
        19   -4.5020184389e+01    2.0280996289e+03   -8.2336196598e+01    3.7316012210e+01   -2.2581008326e+01    2.4886709839e+00   -1.1141181175e+01   -5.1102678081e+01   -1.0858257663e+01    5.1200000000e+02    1.0036940390e+00    7.1805826823e-01
        20   -4.5077206884e+01    2.0332476630e+03   -8.1948849518e+01    3.6871642634e+01   -2.2848161983e+01    3.0864759953e+00   -1.1084485449e+01   -5.1102678081e+01   -1.0811810456e+01    5.1200000000e+02    9.8277235100e-01    7.1826171875e-01
        21   -4.5058369892e+01    2.0315299523e+03   -8.2291642094e+01    3.7233272202e+01   -2.2950439505e+01    2.9228373762e+00   -1.1161361884e+01   -5.1102678081e+01   -1.0875456577e+01    5.1200000000e+02    9.9242302400e-01    7.2159830729e-01
        22   -4.5109132619e+01    2.0362508716e+03   -8.2285282661e+01    3.7176150042e+01   -2.2866498764e+01    2.7483570198e+00   -1.1064462836e+01   -5.1102678081e+01   -1.0790395362e+01    5.1200000000e+02    1.0163367980e+00    7.1887207031e-01
        23   -4.4953876842e+01    2.0221275663e+03   -8.2234125066e+01    3.7280248223e+01   -2.2587722482e+01    2.7695364156e+00   -1.1313260918e+01   -5.1102678081e+01   -1.1041393930e+01    5.1200000000e+02    1.0152061840e+00    7.1687825521e-01
        24   -4.5061401569e+01    2.0317384679e+03   -8.1812507160e+01    3.6751105591e+01   -2.2214143557e+01    2.8070796354e+00   -1.1302765157e+01   -5.1102678081e+01   -1.1035746342e+01    5.1200000000e+02    1.0587335390e+00    7.1913655599e-01
        25   -4.4992908404e+01    2.0256628082e+03   -8.1654542133e+01    3.6661633729e+01   -2.2225280625e+01    2.9045936453e+00   -1.1231177073e+01   -5.1102678081e+01   -1.0966553854e+01    5.1200000000e+02    1.0266519610e+00    7.1903483073e-01
        26   -4.5087332146e+01    2.0342491915e+03   -8.2063716435e+01    3.6976384288e+01   -2.2761923434e+01    3.0722209227e+00   -1.1271335842e+01   -5.1102678081e+01   -1.0983789970e+01    5.1200000000e+02    1.0210205120e+00    7.1669514974e-01
        27   -4.4979621022e+01    2.0246521836e+03   -8.2399702346e+01    3.7420081325e+01   -2.3305011055e+01    3.2040661260e+00   -1.1196079336e+01   -5.1102678081e+01   -1.0921438083e+01    5.1200000000e+02    1.0634105850e+00    7.1504720052e-01
        28   -4.4998883375e+01    2.0261939727e+03   -8.2610260627e+01    3.7611377252e+01   -2.3121718411e+01    2.7791653052e+00   -1.1165029440e+01   -5.1102678081e+01   -1.0881220395e+01    5.1200000000e+02    1.0685549040e+00    7.1954345703e-01
        29   -4.4999651164e+01    2.0266156918e+03   -8.2826535846e+01    3.7826884681e+01   -2.3460346147e+01    2.8393631850e+00   -1.1102874803e+01   -5.1102678081e+01   -1.0828164737e+01    5.1200000000e+02    1.0588252840e+00    7.1805826823e-01
        30   -4.5062813071e+01    2.0319959071e+03   -8.2740786884e+01    3.7677973812e+01   -2.3636863126e+01    2.8116976273e+00   -1.0812943304e+01   -5.1102678081e+01   -1.0528879924e+01    5.1200000000e+02    1.0366357220e+00    7.1482340495e-01
        31   -4.5031955245e+01    2.0292193706e+03   -8.2314704338e+01    3.7282749093e+01   -2.3260551229e+01    3.1855154741e+00   -1.1136990502e+01   -5.1102678081e+01   -1.0844286177e+01    5.1200000000e+02    1.0691736730e+00    7.2043863932e-01
        32   -4.5054290331e+01    2.0313368476e+03   -8.1893362652e+01    3.6839072321e+01   -2.2947993331e+01    3.0975126605e+00   -1.0940203901e+01   -5.1102678081e+01   -1.0675188231e+01    5.1200000000e+02    1.0462272730e+00    7.1974690755e-01
        33   -4.5036479674e+01    2.0297080000e+03   -8.2051816241e+01    3.7015336567e+01   -2.2735494648e+01    2.8544061959e+00   -1.1068049707e+01   -5.1102678081e+01   -1.0804770984e+01    5.1200000000e+02    1.0432239710e+00    7.1740722656e-01
        34   -4.4980946248e+01    2.0248720667e+03   -8.2202767583e+01    3.7221821335e+01   -2.2960078917e+01    2.9848273571e+00   -1.1124837942e+01   -5.1102678081e+01   -1.0841987834e+01    5.1200000000e+02    1.0397814990e+00    7.2009277344e-01
        35   -4.4993552196e+01    2.0258623880e+03   -8.2456516444e+01    3.7462964248e+01   -2.3056875057e+01    2.9046084228e+00   -1.1201571728e+01   -5.1102678081e+01   -1.0932486836e+01    5.1200000000e+02    1.0421653630e+00    7.1461995443e-01
        36   -4.5038111554e+01    2.0297725639e+03   -8.2084275506e+01    3.7046163951e+01   -2.2524901791e+01    2.7406450310e+00   -1.1197340664e+01   -5.1102678081e+01   -1.0948830710e+01    5.1200000000e+02    1.1044001090e+00    7.1708170573e-01
        37   -4.5093310821e+01    2.0346618806e+03   -8.2125552961e+01    3.7032242139e+01   -2.2408745255e+01    2.7106614138e+00   -1.1324791038e+01   -5.1102678081e+01   -1.1074099073e+01    5.1200000000e+02    1.0423562200e+00    7.2283935547e-01
        38   -4.5039599348e+01    2.0297221611e+03   -8.2014009413e+01    3.6974410065e+01   -2.2435119413e+01    2.6770732687e+00   -1.1153285187e+01   -5.1102678081e+01   -1.0900193328e+01    5.1200000000e+02    1.0420268770e+00    7.1687825521e-01
        39   -4.4996897886e+01    2.0261823595e+03   -8.2672003528e+01    3.7675105642e+01   -2.3140093377e+01    2.8853271892e+00   -1.1314559259e+01   -5.1102678081e+01   -1.1073276409e+01    5.1200000000e+02    1.0599963910e+00    7.1783447266e-01
        40   -4.5098967545e+01    2.0353734847e+03   -8.2248979578e+01    3.7150012034e+01   -2.2588155897e+01    2.6082232379e+00   -1.1166368838e+01   -5.1102678081e+01   -1.0906373952e+01    5.1200000000e+02    1.0377344160e+00    7.1679687500e-01
        41   -4.5030016357e+01    2.0290215903e+03   -8.2475009242e+01    3.7444992885e+01   -2.2958271221e+01    2.6881109118e+00   -1.1102170851e+01   -5.1102678081e+01   -1.0813790745e+01    5.1200000000e+02    1.0756968040e+00    7.1980794271e-01
        42   -4.5025336789e+01    2.0285570813e+03   -8.2019497560e+01    3.6994160771e+01   -2.2634739789e+01    2.7286170152e+00   -1.1010696705e+01   -5.1102678081e+01   -1.0726715120e+01    5.1200000000e+02    1.0802548830e+00    7.1852620443e-01
        43   -4.4992794337e+01    2.0258569993e+03   -8.2045114590e+01    3.7052320253e+01   -2.2751130524e+01    3.0137771749e+00   -1.1205083160e+01   -5.1102678081e+01   -1.0932783755e+01    5.1200000000e+02    1.0914361050e+00    7.2296142578e-01
        44   -4.4993225043e+01    2.0257207923e+03   -8.2181672801e+01    3.7188447758e+01   -2.2711254691e+01    2.7344214310e+00   -1.1102161460e+01   -5.1102678081e+01   -1.0841201846e+01    5.1200000000e+02    1.0855025910e+00    7.1675618490e-01
        45   -4.4971729850e+01    2.0236236346e+03   -8.2062793875e+01    3.7091064025e+01   -2.2545244427e+01    2.9067422229e+00   -1.1321613589e+01   -5.1102678081e+01   -1.1060409545e+01    5.1200000000e+02    1.0715198890e+00    7.1712239583e-01
        46   -4.5038924787e+01    2.0297914389e+03   -8.2261170759e+01    3.7222245971e+01   -2.2936420138e+01    3.0447385869e+00   -1.1266811126e+01   -5.1102678081e+01   -1.1004342751e+01    5.1200000000e+02    1.0732588060e+00    7.1738688151e-01
        47   -4.5084413330e+01    2.0339807432e+03   -8.2707387566e+01    3.7622974236e+01   -2.3628564326e+01    3.1202470467e+00   -1.1096392205e+01   -5.1102678081e+01   -1.0812673278e+01    5.1200000000e+02    1.0376962170e+00    7.1803792318e-01
        48   -4.5046698099e+01    2.0304559551e+03   -8.2721042787e+01    3.7674344687e+01   -2.2833537953e+01    2.4236662278e+00   -1.1208492980e+01   -5.1102678081e+01   -1.0932067613e+01    5.1200000000e+02    1.0329510150e+00    7.1663411458e-01
        49   -4.5007740448e+01    2.0269677850e+03   -8.2729049556e+01    3.7721309108e+01   -2.3216715667e+01    2.8304149036e+00   -1.1240070711e+01   -5.1102678081e+01   -1.0965099628e+01    5.1200000000e+02    1.0446169120e+00    7.2023518880e-01
        50   -4.5011224078e+01    2.0273443055e+03   -8.1938297214e+01    3.6927073136e+01   -2.2670516892e+01    3.0017958408e+00   -1.1166898082e+01   -5.1102678081e+01   -1.0877735201e+01    5.1200000000e+02    1.0477808640e+00    7.1681722005e-01
        51   -4.4994702043e+01    2.0256997792e+03   -8.1972281388e+01    3.6977579345e+01   -2.2713107013e+01    2.9646272965e+00   -1.1121123590e+01   -5.1102678081e+01   -1.0831889406e+01    5.1200000000e+02    1.0798452900e+00    7.2041829427e-01
        52   -4.5102589129e+01    2.0355453178e+03   -8.2017581007e+01    3.6914991878e+01   -2.2724436502e+01    2.8712762584e+00   -1.1061742682e+01   -5.1102678081e+01   -1.0768243630e+01    5.1200000000e+02    1.0370666590e+00    7.1592203776e-01
        53   -4.4965079484e+01    2.0231080063e+03   -8.2021336538e+01    3.7056257054e+01   -2.2841281406e+01    2.9311552277e+00   -1.1008532279e+01   -5.1102678081e+01   -1.0724542900e+01    5.1200000000e+02    1.0350274910e+00    7.1748860677e-01
        54   -4.5100627489e+01    2.0355435165e+03   -8.2770760822e+01    3.7670133333e+01   -2.2878798744e+01    2.4910564252e+00   -1.1280340422e+01   -5.1102678081e+01   -1.0997827190e+01    5.1200000000e+02    1.0299637990e+00    7.1889241536e-01
        55   -4.5045768625e+01    2.0304984627e+03   -8.2051578951e+01    3.7005810325e+01   -2.2464591932e+01    2.6592459232e+00   -1.1143554861e+01   -5.1102678081e+01   -1.0860559050e+01    5.1200000000e+02    1.0416797800e+00    7.1683756510e-01
        56   -4.5000853514e+01    2.0264698935e+03   -8.1947847736e+01    3.6946994223e+01   -2.2316431565e+01    2.8638846524e+00   -1.1392622743e+01   -5.1102678081e+01   -1.1109753855e+01    5.1200000000e+02    1.0230808500e+00    7.1742757161e-01
        57   -4.4986026339e+01    2.0251296229e+03   -8.1969731127e+01    3.6983704788e+01   -2.2506372034e+01    2.6481754173e+00   -1.1008856430e+01   -5.1102678081e+01   -1.0728429937e+01    5.1200000000e+02    1.0211517150e+00    7.1769205729e-01
        58   -4.5010507320e+01    2.0273506826e+03   -8.2441267508e+01    3.7430760188e+01   -2.2586882812e+01    2.6437627697e+00   -1.1395469384e+01   -5.1102678081e+01   -1.1109325761e+01    5.1200000000e+02    1.0572682730e+00    7.2017415365e-01
        59   -4.5087502546e+01    2.0343908407e+03   -8.2208983987e+01    3.7121481441e+01   -2.2582790664e+01    2.6750517252e+00   -1.1198566967e+01   -5.1102678081e+01   -1.0900613808e+01    5.1200000000e+02    1.0857703910e+00    7.1779378255e-01
        60   -4.4882640923e+01    2.0159420598e+03   -8.2570632409e+01    3.7687991487e+01   -2.3008888040e+01    2.7226814042e+00   -1.1181747692e+01   -5.1102678081e+01   -1.0887533743e+01    5.1200000000e+02    1.0849403130e+00    7.1783447266e-01
        61   -4.4945453248e+01    2.0216095260e+03   -8.2800721741e+01    3.7855268494e+01   -2.3481900107e+01    2.9458219244e+00   -1.1161965478e+01   -5.1102678081e+01   -1.0849072728e+01    5.1200000000e+02    1.0706547690e+00    7.1909586589e-01
        62   -4.4978637079e+01    2.0244713265e+03   -8.2197339479e+01    3.7218702400e+01   -2.2711966317e+01    2.8855475266e+00   -1.1268242608e+01   -5.1102678081e+01   -1.0977153360e+01    5.1200000000e+02    1.0291307180e+00    7.1500651042e-01
        63   -4.4995889285e+01    2.0261253477e+03   -8.2508114557e+01    3.7512225272e+01   -2.3139633840e+01    2.8763213304e+00   -1.1142123966e+01   -5.1102678081e+01   -1.0858646284e+01    5.1200000000e+02    1.0137556940e+00    7.1976725260e-01
        64   -4.5080742637e+01    2.0336260131e+03   -8.1483916659e+01    3.6403174022e+01   -2.2019692323e+01    2.8414807213e+00   -1.1203026976e+01   -5.1102678081e+01   -1.0920431412e+01    5.1200000000e+02    1.0081889600e+00    7.1366373698e-01
        65   -4.4928890029e+01    2.0199635289e+03   -8.2016260977e+01    3.7087370948e+01   -2.2753511451e+01    2.9817351816e+00   -1.1141806626e+01   -5.1102678081e+01   -1.0860061022e+01    5.1200000000e+02    1.0234380390e+00    7.1815999349e-01
        66   -4.4974588617e+01    2.0240147991e+03   -8.1972080520e+01    3.6997491903e+01   -2.2646939008e+01    2.9642391162e+00   -1.1186702547e+01   -5.1102678081e+01   -1.0921931273e+01    5.1200000000e+02    1.0052828100e+00    7.1982828776e-01
        67   -4.4952566656e+01    2.0219059987e+03   -8.2435078338e+01    3.7482511683e+01   -2.2736045710e+01    2.6346212081e+00   -1.1230975756e+01   -5.1102678081e+01   -1.0943125941e+01    5.1200000000e+02    1.0055871260e+00    7.2121175130e-01
        68   -4.4987042301e+01    2.0250147026e+03   -8.1794410994e+01    3.6807368693e+01   -2.2391456198e+01    2.9996762849e+00   -1.1299952999e+01   -5.1102678081e+01   -1.1023902461e+01    5.1200000000e+02    1.0082881800e+00    7.1913655599e-01
        69   -4.5045420558e+01    2.0304136287e+03   -8.1368673050e+01    3.6323252492e+01   -2.1988131416e+01    2.9834629463e+00   -1.1261326499e+01   -5.1102678081e+01   -1.0988519239e+01    5.1200000000e+02    1.0224208030e+00    7.2104899089e-01
        70   -4.5036633098e+01    2.0299161643e+03   -8.1469167297e+01    3.6432534199e+01   -2.2259318326e+01    2.9774530775e+00   -1.1084623968e+01   -5.1102678081e+01   -1.0804011751e+01    5.1200000000e+02    1.0220639930e+00    7.2013346354e-01
        71   -4.4961375777e+01    2.0229857441e+03   -8.2086755048e+01    3.7125379272e+01   -2.2758805065e+01    3.0734295555e+00   -1.1298701457e+01   -5.1102678081e+01   -1.1020090795e+01    5.1200000000e+02    1.0059772700e+00    7.1791585286e-01
        72   -4.5041274960e+01    2.0302189342e+03   -8.2094876303e+01    3.7053601343e+01   -2.2680209492e+01    2.9089722253e+00   -1.1220960956e+01   -5.1102678081e+01   -1.0930386611e+01    5.1200000000e+02    1.0444586190e+00    7.1624755859e-01
        73   -4.4949501034e+01    2.0218266760e+03   -8.2372978626e+01    3.7423477591e+01   -2.2725208409e+01    2.7033870907e+00   -1.1248479226e+01   -5.1102678081e+01   -1.0969374721e+01    5.1200000000e+02    9.9778732900e-01    7.1854654948e-01
        74   -4.5023211133e+01    2.0283883446e+03   -8.2339114587e+01    3.7315903454e+01   -2.2547400735e+01    2.3759031223e+00   -1.1064938893e+01   -5.1102678081e+01   -1.0773708863e+01    5.1200000000e+02    1.0021981510e+00    7.1689860026e-01
        75   -4.5100976178e+01    2.0355148727e+03   -8.2827203766e+01    3.7726227588e+01   -2.3580114974e+01    2.9896252557e+00   -1.1134035966e+01   -5.1102678081e+01   -1.0837068583e+01    5.1200000000e+02    1.0496861780e+00    7.1734619141e-01
        76   -4.5101714087e+01    2.0358263371e+03   -8.2554645718e+01    3.7452931631e+01   -2.3318250329e+01    3.0926746384e+00   -1.1226391947e+01   -5.1102678081e+01   -1.0938223448e+01    5.1200000000e+02    1.0474210500e+00    7.1868896484e-01
        77   -4.5010829580e+01    2.0273152994e+03   -8.2863027297e+01    3.7852197716e+01   -2.3390291976e+01    2.6842101547e+00   -1.1054267394e+01   -5.1102678081e+01   -1.0764340983e+01    5.1200000000e+02    1.0505314320e+00    7.1818033854e-01
        78   -4.4989414571e+01    2.0256618013e+03   -8.1435458404e+01    3.6446043833e+01   -2.2107564765e+01    2.9687626959e+00   -1.1193978254e+01   -5.1102678081e+01   -1.0904398840e+01    5.1200000000e+02    1.0470152720e+00    7.2049967448e-01
        79   -4.4925569596e+01    2.0196183831e+03   -8.1162805322e+01    3.6237235726e+01   -2.1690943285e+01    2.9289858948e+00   -1.1298169851e+01   -5.1102678081e+01   -1.1015407707e+01    5.1200000000e+02    1.0398413450e+00    7.1801757812e-01
        80   -4.4971974153e+01    2.0238081776e+03   -8.1348200528e+01    3.6376226375e+01   -2.1929920305e+01    2.8323190087e+00   -1.1147921151e+01   -5.1102678081e+01   -1.0869173875e+01    5.1200000000e+02    1.0401648510e+00    7.1600341797e-01
        81   -4.5033269602e+01    2.0292698790e+03   -8.2548464474e+01    3.7515194873e+01   -2.2810543142e+01    2.4289804234e+00   -1.1064223674e+01   -5.1102678081e+01   -1.0795992272e+01    5.1200000000e+02    1.0170173690e+00    7.1763102214e-01
        82   -4.4983889729e+01    2.0252449630e+03   -8.2111543538e+01    3.7127653809e+01   -2.2874088198e+01    2.8742939001e+00   -1.1009071159e+01   -5.1102678081e+01   -1.0706320484e+01    5.1200000000e+02    1.0194152370e+00    7.1561686198e-01
        83   -4.4944900415e+01    2.0214903654e+03   -8.2533864056e+01    3.7588963641e+01   -2.2952227476e+01    2.6409470853e+00   -1.1119905585e+01   -5.1102678081e+01   -1.0817482470e+01    5.1200000000e+02    1.0118362250e+00    7.1756998698e-01
        84   -4.4935483765e+01    2.0206038825e+03   -8.2637278451e+01    3.7701794686e+01   -2.3187434840e+01    2.8428634282e+00   -1.1190028958e+01   -5.1102678081e+01   -1.0906653530e+01    5.1200000000e+02    1.0264856960e+00    7.2011311849e-01
        85   -4.4983766213e+01    2.0249114427e+03   -8.2611765130e+01    3.7627998917e+01   -2.3001706884e+01    2.6920929960e+00   -1.1199473160e+01   -5.1102678081e+01   -1.0912236558e+01    5.1200000000e+02    1.0334692300e+00    7.1675618490e-01
        86   -4.5071633666e+01    2.0331859581e+03   -8.2731339498e+01    3.7659705832e+01   -2.3271730922e+01    2.5390062894e+00   -1.0895936785e+01   -5.1102678081e+01   -1.0618032244e+01    5.1200000000e+02    1.0213990820e+00    7.1793619792e-01
        87   -4.5044106118e+01    2.0304045296e+03   -8.2550202611e+01    3.7506096493e+01   -2.3299652483e+01    2.8547554667e+00   -1.1002627514e+01   -5.1102678081e+01   -1.0719643505e+01    5.1200000000e+02    1.0220743850e+00    7.1584065755e-01
        88   -4.4982328271e+01    2.0246251466e+03   -8.2396544200e+01    3.7414215930e+01   -2.3429531986e+01    3.1615130175e+00   -1.1025847150e+01   -5.1102678081e+01   -1.0751874548e+01    5.1200000000e+02    1.0222241240e+00    7.2115071615e-01
        89   -4.5099038942e+01    2.0355346172e+03   -8.2572494377e+01    3.7473455434e+01   -2.3272109425e+01    2.9060273012e+00   -1.1103734172e+01   -5.1102678081e+01   -1.0814074698e+01    5.1200000000e+02    1.0441537470e+00    7.1643066406e-01
        90   -4.4975584986e+01    2.0242490900e+03   -8.2943910463e+01    3.7968325478e+01   -2.3761447551e+01    2.8143520049e+00   -1.0894136836e+01   -5.1102678081e+01   -1.0626988827e+01    5.1200000000e+02    1.0503708840e+00    7.1372477214e-01
        91   -4.4975839657e+01    2.0240124202e+03   -8.3044267868e+01    3.8068428211e+01   -2.3859007412e+01    3.0114922156e+00   -1.1094074591e+01   -5.1102678081e+01   -1.0819594177e+01    5.1200000000e+02    1.0368532220e+00    7.1820068359e-01
        92   -4.5050190356e+01    2.0308450706e+03   -8.2261811985e+01    3.7211621628e+01   -2.3297529456e+01    3.0799050340e+00   -1.0941509482e+01   -5.1102678081e+01   -1.0655915808e+01    5.1200000000e+02    1.0617714660e+00    7.1783447266e-01
        93   -4.5112583540e+01    2.0365294192e+03   -8.2926117267e+01    3.7813533727e+01   -2.3753006289e+01    3.0312699314e+00   -1.1101702828e+01   -5.1102678081e+01   -1.0836869911e+01    5.1200000000e+02    1.0764011290e+00    7.1681722005e-01
        94   -4.5025106908e+01    2.0285968426e+03   -8.2550110675e+01    3.7525003767e+01   -2.3171080330e+01    2.9734478173e+00   -1.1249800081e+01   -5.1102678081e+01   -1.0988123749e+01    5.1200000000e+02    1.0948269490e+00    7.1738688151e-01
        95   -4.5043282659e+01    2.0303837071e+03   -8.2593891577e+01    3.7550608918e+01   -2.3040428797e+01    2.7516120372e+00   -1.1202396736e+01   -5.1102678081e+01   -1.0934662754e+01    5.1200000000e+02    1.0448458900e+00    7.1590169271e-01
        96   -4.5091480003e+01    2.0352045025e+03   -8.2344083706e+01    3.7252603703e+01   -2.2673847472e+01    2.6737307237e+00   -1.1241288877e+01   -5.1102678081e+01   -1.0966422125e+01    5.1200000000e+02    1.0366931870e+00    7.2096761068e-01
        97   -4.4951496413e+01    2.0222004049e+03   -8.2563090899e+01    3.7611594486e+01   -2.3311340517e+01    2.9981103003e+00   -1.1147182601e+01   -5.1102678081e+01   -1.0864772489e+01    5.1200000000e+02    1.0272104940e+00    7.1573893229e-01
        98   -4.5042610674e+01    2.0302053956e+03   -8.2023232236e+01    3.6980621562e+01   -2.2538867042e+01    2.8911824632e+00   -1.1272869576e+01   -5.1102678081e+01   -1.1001442751e+01    5.1200000000e+02    1.0616809740e+00    7.1972656250e-01
        99   -4.5017212594e+01    2.0279453507e+03   -8.2144127276e+01    3.7126914682e+01   -2.2744776035e+01    2.8270160285e+00   -1.1123689189e+01   -5.1102678081e+01   -1.0854654163e+01    5.1200000000e+02    1.0739498750e+00    7.1807861328e-01
       100   -4.5115215963e+01    2.0368534245e+03   -8.2488121574e+01    3.7372905611e+01   -2.3050367361e+01    2.8633204867e+00   -1.1198396619e+01   -5.1102678081e+01   -1.0928251159e+01    5.1200000000e+02    1.0288796720e+00    7.2318522135e-01
       101   -4.5069719235e+01    2.0326596625e+03   -8.2009800920e+01    3.6940081684e+01   -2.2434719091e+01    2.7319152011e+00   -1.1204318949e+01   -5.1102678081e+01   -1.0957179563e+01    5.1200000000e+02    1.0253270310e+00    7.1830240885e-01
       102   -4.4991483055e+01    2.0254917936e+03   -8.2236221575e+01    3.7244738520e+01   -2.2372093982e+01    2.4503838812e+00   -1.1211833393e+01   -5.1102678081e+01   -1.0950456470e+01    5.1200000000e+02    1.0271425710e+00    7.2192382812e-01
       103   -4.5042323904e+01    2.0301795672e+03   -8.2294811962e+01    3.7252488058e+01   -2.3201013691e+01    3.1546236702e+00   -1.1145743860e+01   -5.1102678081e+01   -1.0877201484e+01    5.1200000000e+02    1.0339522270e+00    7.1982828776e-01
       104   -4.4939767316e+01    2.0208408123e+03   -8.1638652782e+01    3.6698885466e+01   -2.2260535349e+01    2.9845393664e+00   -1.1259978718e+01   -5.1102678081e+01   -1.1008722958e+01    5.1200000000e+02    1.0453020640e+00    7.1942138672e-01
       105   -4.4961236928e+01    2.0227115904e+03   -8.1594764390e+01    3.6633527462e+01   -2.2197878512e+01    2.8886313173e+00   -1.1182839114e+01   -5.1102678081e+01   -1.0900269037e+01    5.1200000000e+02    1.0232916240e+00    7.1529134115e-01
       106   -4.4984048554e+01    2.0247298062e+03   -8.1923253238e+01    3.6939204684e+01   -2.2744908244e+01    3.0067425709e+00   -1.1082409484e+01   -5.1102678081e+01   -1.0800970616e+01    5.1200000000e+02    1.0210378440e+00    7.2015380859e-01
       107   -4.5073043842e+01    2.0327127105e+03   -8.1710627454e+01    3.6637583612e+01   -2.2446508684e+01    2.8718688335e+00   -1.1033309523e+01   -5.1102678081e+01   -1.0752890019e+01    5.1200000000e+02    1.0188771190e+00    7.1866861979e-01
       108   -4.5027752225e+01    2.0288872675e+03   -8.1873323951e+01    3.6845571725e+01   -2.2939902456e+01    3.3212509248e+00   -1.1151994338e+01   -5.1102678081e+01   -1.0861652701e+01    5.1200000000e+02    1.0241241470e+00    7.1822102865e-01
       109   -4.4956506418e+01    2.0222616122e+03   -8.2502686911e+01    3.7546180493e+01   -2.3143330762e+01    2.7944028283e+00   -1.1051080897e+01   -5.1102678081e+01   -1.0756530364e+01    5.1200000000e+02    1.0925333260e+00    7.1661376953e-01
       110   -4.5050823660e+01    2.0308972221e+03   -8.3055785512e+01    3.8004961852e+01   -2.3503315952e+01    2.6617021228e+00   -1.1111493602e+01   -5.1102678081e+01   -1.0817385182e+01    5.1200000000e+02    1.0674633840e+00    7.1645100911e-01
       111   -4.5109999308e+01    2.0360864058e+03   -8.2086748762e+01    3.6976749454e+01   -2.3135091162e+01    3.1204151648e+00   -1.0969394684e+01   -5.1102678081e+01   -1.0677264401e+01    5.1200000000e+02    1.0352333320e+00    7.1643066406e-01
       112   -4.5104696470e+01    2.0359335017e+03   -8.2350972340e+01    3.7246275870e+01   -2.3159588426e+01    2.9671311826e+00   -1.1055837015e+01   -5.1102678081e+01   -1.0770250827e+01    5.1200000000e+02    1.0242096510e+00    7.1636962891e-01
       113   -4.5036486301e+01    2.0295579664e+03   -8.2741350781e+01    3.7704864480e+01   -2.3279671435e+01    2.7577467101e+00   -1.1116747975e+01   -5.1102678081e+01   -1.0833081684e+01    5.1200000000e+02    1.0209616830e+00    7.1691894531e-01
       114   -4.4987352503e+01    2.0253277681e+03   -8.3084679731e+01    3.8097327228e+01   -2.3326963115e+01    2.4184943427e+00   -1.1073532877e+01   -5.1102678081e+01   -1.0796180551e+01    5.1200000000e+02    1.0424850680e+00    7.1677652995e-01
       115   -4.4992239550e+01    2.0256724489e+03   -8.1965973960e+01    3.6973734410e+01   -2.2770921182e+01    3.0350314922e+00   -1.1127406190e+01   -5.1102678081e+01   -1.0849405013e+01    5.1200000000e+02    1.0204757560e+00    7.1988932292e-01
       116   -4.5052558035e+01    2.0312892224e+03   -8.2526240450e+01    3.7473682415e+01   -2.3405536797e+01    2.9847653862e+00   -1.1002790959e+01   -5.1102678081e+01   -1.0725331075e+01    5.1200000000e+02    1.0137612600e+00    7.1427408854e-01
       117   -4.5013794419e+01    2.0279216535e+03   -8.2610768151e+01    3.7596973732e+01   -2.3140545822e+01    2.8434092128e+00   -1.1210953461e+01   -5.1102678081e+01   -1.0939618233e+01    5.1200000000e+02    1.0063379400e+00    7.1793619792e-01
       118   -4.5015632158e+01    2.0278070708e+03   -8.2806246126e+01    3.7790613968e+01   -2.3299002175e+01    2.5898258428e+00   -1.0994391712e+01   -5.1102678081e+01   -1.0727513044e+01    5.1200000000e+02    1.0146225030e+00    7.1466064453e-01
       119   -4.5152643954e+01    2.0403372783e+03   -8.2136946538e+01    3.6984302584e+01   -2.2862930214e+01    2.8811215949e+00   -1.1052459838e+01   -5.1102678081e+01   -1.0767665266e+01    5.1200000000e+02    1.0427373410e+00    7.1622721354e-01
       120   -4.5007936316e+01    2.0269839196e+03   -8.1957052323e+01    3.6949116007e+01   -2.2828207107e+01    2.9072027783e+00   -1.0933369913e+01   -5.1102678081e+01   -1.0662825427e+01    5.1200000000e+02    1.0109509760e+00    7.1620686849e-01
       121   -4.5054369226e+01    2.0311989453e+03   -8.2179297661e+01    3.7124928435e+01   -2.2485412212e+01    2.4212920994e+00   -1.1012499467e+01   -5.1102678081e+01   -1.0757066173e+01    5.1200000000e+02    1.0132049250e+00    7.2021484375e-01
       122   -4.5167894903e+01    2.0415792138e+03   -8.2251158289e+01    3.7083263386e+01   -2.2619689882e+01    2.6174776442e+00   -1.1146267970e+01   -5.1102678081e+01   -1.0875152757e+01    5.1200000000e+02    1.0075203440e+00    7.1779378255e-01
       123   -4.5030187862e+01    2.0290763352e+03   -8.2510943309e+01    3.7480755447e+01   -2.3105368621e+01    2.8156460340e+00   -1.1118542641e+01   -5.1102678081e+01   -1.0836775787e+01    5.1200000000e+02    1.0002227900e+00    7.1697998047e-01
       124   -4.4908201170e+01    2.0180206035e+03   -8.1733140101e+01    3.6824938931e+01   -2.2787524733e+01    3.4054898286e+00   -1.1248427115e+01   -5.1102678081e+01   -1.0950185064e+01    5.1200000000e+02    1.0244573540e+00    7.2163899740e-01
       125   -4.5004399676e+01    2.0267153992e+03   -8.2017183267e+01    3.7012783591e+01   -2.2794233996e+01    3.1213510616e+00   -1.1241622252e+01   -5.1102678081e+01   -1.0969852285e+01    5.1200000000e+02    1.0063322690e+00    7.1968587240e-01
       126   -4.5069042638e+01    2.0325791344e+03   -8.1578946632e+01    3.6509903994e+01   -2.2557413234e+01    3.2569305536e+00   -1.1175785871e+01   -5.1102678081e+01   -1.0909816042e+01    5.1200000000e+02    1.0460519360e+00    7.1673583984e-01
       127   -4.4972214328e+01    2.0238766186e+03   -8.2301936255e+01    3.7329721927e+01   -2.2950232528e+01    2.8426150220e+00   -1.1091640668e+01   -5.1102678081e+01   -1.0807701180e+01    5.1200000000e+02    1.0557715280e+00    7.1864827474e-01
       128   -4.4961615684e+01    2.0230372029e+03   -8.2391491006e+01    3.7429875322e+01   -2.3237151639e+01    3.0546790307e+00   -1.1106340317e+01   -5.1102678081e+01   -1.0824732532e+01    5.1200000000e+02    1.1067956800e+00    7.1752929688e-01
       129   -4.5022731459e+01    2.0284270926e+03   -8.2042362037e+01    3.7019630578e+01   -2.2722535395e+01    3.0341243360e+00   -1.1251272897e+01   -5.1102678081e+01   -1.0955982543e+01    5.1200000000e+02    1.0731236100e+00    7.1679687500e-01
       130   -4.4985272413e+01    2.0249881423e+03   -8.2603188140e+01    3.7617915727e+01   -2.2931227582e+01    2.6044832749e+00   -1.1173765752e+01   -5.1102678081e+01   -1.0886712628e+01    5.1200000000e+02    1.0135158470e+00    7.1679687500e-01
       131   -4.4988396013e+01    2.0254639662e+03   -8.2115304401e+01    3.7126908389e+01   -2.2669506166e+01    2.9735742820e+00   -1.1316694436e+01   -5.1102678081e+01   -1.1040843946e+01    5.1200000000e+02    1.0149457170e+00    7.2121175130e-01
       132   -4.4985956637e+01    2.0252066065e+03   -8.2542680452e+01    3.7556723814e+01   -2.2685129794e+01    2.5634467089e+00   -1.1318319286e+01   -5.1102678081e+01   -1.1041372062e+01    5.1200000000e+02    1.0134582060e+00    7.1940104167e-01
       133   -4.4964076791e+01    2.0231390487e+03   -8.2268536711e+01    3.7304459920e+01   -2.2732965037e+01    2.5812506420e+00   -1.1014144234e+01   -5.1102678081e+01   -1.0715732459e+01    5.1200000000e+02    1.0347258160e+00    7.1838378906e-01
       134   -4.4999855945e+01    2.0265897857e+03   -8.2377234836e+01    3.7377378891e+01   -2.2964043932e+01    2.7878886380e+00   -1.1098401461e+01   -5.1102678081e+01   -1.0832463586e+01    5.1200000000e+02    9.9525685900e-01    7.1687825521e-01
       135   -4.5029837345e+01    2.0294076156e+03   -8.2179853128e+01    3.7150015783e+01   -2.2794458481e+01    2.8641939573e+00   -1.1146910523e+01   -5.1102678081e+01   -1.0856869585e+01    5.1200000000e+02    1.0205888080e+00    7.1942138672e-01
       136   -4.5025162694e+01    2.0289138984e+03   -8.3062779345e+01    3.8037616651e+01   -2.3511311026e+01    2.6580885030e+00   -1.1106878742e+01   -5.1102678081e+01   -1.0826743795e+01    5.1200000000e+02    1.0212791470e+00    7.1722412109e-01
       137   -4.4960005036e+01    2.0228070739e+03   -8.2813919748e+01    3.7853914711e+01   -2.3666783261e+01    3.0395379717e+00   -1.1083996378e+01   -5.1102678081e+01   -1.0810380473e+01    5.1200000000e+02    1.0264368280e+00    7.1797688802e-01
       138   -4.4927048598e+01    2.0198541483e+03   -8.2709023984e+01    3.7781975386e+01   -2.3676692994e+01    3.2773038575e+00   -1.1206956766e+01   -5.1102678081e+01   -1.0934116671e+01    5.1200000000e+02    1.0429796500e+00    7.1891276042e-01
       139   -4.5022973010e+01    2.0283352130e+03   -8.2618225940e+01    3.7595252931e+01   -2.3474676723e+01    2.9492824489e+00   -1.0990153585e+01   -5.1102678081e+01   -1.0699663108e+01    5.1200000000e+02    1.0394663440e+00    7.2005208333e-01
       140   -4.4969127568e+01    2.0234459952e+03   -8.2772656887e+01    3.7803529318e+01   -2.3614385826e+01    3.0626169108e+00   -1.1118209890e+01   -5.1102678081e+01   -1.0846043258e+01    5.1200000000e+02    1.0139452010e+00    7.1459960938e-01
       141   -4.4998911181e+01    2.0262069905e+03   -8.2343652001e+01    3.7344740820e+01   -2.3085165834e+01    2.8737660343e+00   -1.1029574120e+01   -5.1102678081e+01   -1.0741328693e+01    5.1200000000e+02    1.0278866950e+00    7.1584065755e-01
       142   -4.5004306348e+01    2.0269987311e+03   -8.2428435847e+01    3.7424129500e+01   -2.3052325991e+01    2.7567627021e+00   -1.1030194478e+01   -5.1102678081e+01   -1.0717705355e+01    5.1200000000e+02    1.0318231510e+00    7.1742757161e-01
       143   -4.5005696495e+01    2.0268710874e+03   -8.2815265674e+01    3.7809569180e+01   -2.3635847372e+01    3.0513797403e+00   -1.1128119961e+01   -5.1102678081e+01   -1.0841061603e+01    5.1200000000e+02    1.0892270620e+00    7.1588134766e-01
       144   -4.4982301432e+01    2.0247104021e+03   -8.2405979743e+01    3.7423678312e+01   -2.3241071136e+01    2.9782249592e+00   -1.1040455486e+01   -5.1102678081e+01   -1.0755967697e+01    5.1200000000e+02    1.0677804100e+00    7.1781412760e-01
       145   -4.5017804493e+01    2.0284390170e+03   -8.2464968814e+01    3.7447164321e+01   -2.2969666452e+01    2.7005691815e+00   -1.1093193463e+01   -5.1102678081e+01   -1.0813744413e+01    5.1200000000e+02    1.0753724100e+00    7.1848551432e-01
       146   -4.5105417421e+01    2.0358916559e+03   -8.2371522578e+01    3.7266105157e+01   -2.2736728856e+01    2.5435503999e+00   -1.1075666040e+01   -5.1102678081e+01   -1.0791583984e+01    5.1200000000e+02    1.0634107320e+00    7.1366373698e-01
       147   -4.4992136776e+01    2.0257439491e+03   -8.2721429738e+01    3.7729292962e+01   -2.3161250255e+01    2.7430617571e+00   -1.1200563158e+01   -5.1102678081e+01   -1.0918078209e+01    5.1200000000e+02    1.0186602880e+00    7.1734619141e-01
       148   -4.5004675769e+01    2.0270293991e+03   -8.2394325421e+01    3.7389649653e+01   -2.3069842073e+01    2.9016141513e+00   -1.1123419418e+01   -5.1102678081e+01   -1.0861210874e+01    5.1200000000e+02    1.0625292950e+00    7.1909586589e-01
       149   -4.5070842815e+01    2.0328979218e+03   -8.2928055898e+01    3.7857213083e+01   -2.3491073283e+01    2.8002665355e+00   -1.1134571069e+01   -5.1102678081e+01   -1.0876426720e+01    5.1200000000e+02    1.0635515920e+00    7.1813964844e-01
       150   -4.5069031764e+01    2.0328706486e+03   -8.2352388774e+01    3.7283357010e+01   -2.3192903600e+01    2.9668703536e+00   -1.1023677446e+01   -5.1102678081e+01   -1.0742213371e+01    5.1200000000e+02    1.0391609080e+00    7.2029622396e-01
       151   -4.5037712512e+01    2.0297851482e+03   -8.1960298735e+01    3.6922586223e+01   -2.2543223867e+01    2.8345324189e+00   -1.1148929206e+01   -5.1102678081e+01   -1.0857798925e+01    5.1200000000e+02    1.0435982010e+00    7.1718343099e-01
       152   -4.4985672686e+01    2.0250388835e+03   -8.2721403707e+01    3.7735731021e+01   -2.3302891980e+01    2.7866276113e+00   -1.1102461258e+01   -5.1102678081e+01   -1.0838047829e+01    5.1200000000e+02    1.0476909010e+00    7.2137451172e-01
       153   -4.5034976487e+01    2.0295548974e+03   -8.3169307978e+01    3.8134331491e+01   -2.3860727834e+01    2.7521211681e+00   -1.0958023230e+01   -5.1102678081e+01   -1.0683223100e+01    5.1200000000e+02    1.0666287380e+00    7.1840413411e-01
       154   -4.5011237588e+01    2.0273025218e+03   -8.2637669492e+01    3.7626431903e+01   -2.3094180463e+01    2.6067809922e+00   -1.1047591940e+01   -5.1102678081e+01   -1.0768908927e+01    5.1200000000e+02    1.0507288650e+00    7.1809895833e-01
       155   -4.5038113540e+01    2.0300059788e+03   -8.2464830332e+01    3.7426716792e+01   -2.3457055820e+01    3.1130963977e+00   -1.1018192829e+01   -5.1102678081e+01   -1.0726285585e+01    5.1200000000e+02    1.0449076060e+00    7.1948242188e-01
       156   -4.5193044655e+01    2.0469529584e+03   -8.2448024579e+01    3.7254979925e+01   -2.3080901358e+01    2.9063319890e+00   -1.1170777129e+01   -5.1102678081e+01   -1.0902750606e+01    5.1200000000e+02    1.0472766020e+00    7.1909586589e-01
       157   -4.5027942491e+01    2.0294021990e+03   -8.2254215281e+01    3.7226272791e+01   -2.2937415056e+01    2.8879508585e+00   -1.1102073003e+01   -5.1102678081e+01   -1.0823308717e+01    5.1200000000e+02    1.0824833040e+00    7.1777343750e-01
       158   -4.4936155158e+01    2.0208315226e+03   -8.1467922683e+01    3.6531767525e+01   -2.2252606395e+01    2.9534369228e+00   -1.1066075129e+01   -5.1102678081e+01   -1.0782763676e+01    5.1200000000e+02    1.0614188600e+00    7.1832275391e-01
       159   -4.4940420832e+01    2.0211651547e+03   -8.1475500282e+01    3.6535079450e+01   -2.2596539909e+01    3.3020888175e+00   -1.1078371109e+01   -5.1102678081e+01   -1.0786997283e+01    5.1200000000e+02    1.0615009480e+00    7.1620686849e-01
       160   -4.5067813390e+01    2.0326860459e+03   -8.1977693507e+01    3.6909880117e+01   -2.3410817709e+01    3.5327838466e+00   -1.0996981563e+01   -5.1102678081e+01   -1.0713890842e+01    5.1200000000e+02    1.0756404740e+00    7.2239176432e-01
       161   -4.5028589206e+01    2.0288176358e+03   -8.1828943217e+01    3.6800354011e+01   -2.2198346007e+01    2.7702404173e+00   -1.1298159546e+01   -5.1102678081e+01   -1.1024763709e+01    5.1200000000e+02    1.0677850280e+00    7.2054036458e-01
       162   -4.5124285184e+01    2.0374557633e+03   -8.1978636393e+01    3.6854351210e+01   -2.2282965746e+01    2.6729936881e+00   -1.1265986254e+01   -5.1102678081e+01   -1.0998339479e+01    5.1200000000e+02    1.0834811980e+00    7.1714274089e-01
       163   -4.5057527052e+01    2.0315676773e+03   -8.2689758227e+01    3.7632231175e+01   -2.3240341920e+01    2.5364198959e+00   -1.0883158122e+01   -5.1102678081e+01   -1.0607511814e+01    5.1200000000e+02    1.0540686770e+00    7.1449788411e-01
       164   -4.5032494650e+01    2.0293930100e+03   -8.2809628327e+01    3.7777133677e+01   -2.3689614513e+01    3.0667734418e+00   -1.1084109174e+01   -5.1102678081e+01   -1.0812543216e+01    5.1200000000e+02    1.0232928750e+00    7.1663411458e-01
       165   -4.5038606840e+01    2.0299344041e+03   -8.2310149190e+01    3.7271542351e+01   -2.3013290440e+01    2.8847034666e+00   -1.1078884136e+01   -5.1102678081e+01   -1.0814166449e+01    5.1200000000e+02    1.0367813140e+00    7.1573893229e-01
       166   -4.5003806286e+01    2.0267286729e+03   -8.2554529620e+01    3.7550723334e+01   -2.2894705432e+01    2.6204451449e+00   -1.1177591251e+01   -5.1102678081e+01   -1.0899789591e+01    5.1200000000e+02    1.0346966670e+00    7.1789550781e-01
       167   -4.5108185512e+01    2.0362963860e+03   -8.2025842330e+01    3.6917656818e+01   -2.2903828045e+01    3.0908670241e+00   -1.1110203228e+01   -5.1102678081e+01   -1.0820661196e+01    5.1200000000e+02    1.0528466360e+00    7.2137451172e-01
       168   -4.5041236006e+01    2.0299061732e+03   -8.2376581355e+01    3.7335345350e+01   -2.3201857845e+01    3.0891152738e+00   -1.1161160703e+01   -5.1102678081e+01   -1.0869191442e+01    5.1200000000e+02    1.0284985360e+00    7.1893310547e-01
       169   -4.5098781383e+01    2.0352702168e+03   -8.1997005899e+01    3.6898224517e+01   -2.2975210830e+01    3.0428494400e+00   -1.0961966428e+01   -5.1102678081e+01   -1.0661475006e+01    5.1200000000e+02    1.0549045670e+00    7.2263590495e-01
       170   -4.5047356348e+01    2.0305948101e+03   -8.2198273651e+01    3.7150917303e+01   -2.2899083473e+01    3.0614622621e+00   -1.1257974359e+01   -5.1102678081e+01   -1.0980517455e+01    5.1200000000e+02    1.0376515500e+00    7.1575927734e-01
       171   -4.5049663120e+01    2.0310101290e+03   -8.1976116417e+01    3.6926453297e+01   -2.2391708979e+01    2.8471701869e+00   -1.1328899544e+01   -5.1102678081e+01   -1.1048441422e+01    5.1200000000e+02    1.0355666870e+00    7.1870930990e-01
       172   -4.5032276813e+01    2.0294581172e+03   -8.2299726759e+01    3.7267449946e+01   -2.2723703625e+01    2.6312991653e+00   -1.1104644219e+01   -5.1102678081e+01   -1.0832517078e+01    5.1200000000e+02    1.0548140610e+00    7.1742757161e-01
       173   -4.5047451796e+01    2.0308607333e+03   -8.2538617178e+01    3.7491165382e+01   -2.2979977682e+01    2.7286694764e+00   -1.1184630891e+01   -5.1102678081e+01   -1.0907080033e+01    5.1200000000e+02    1.0199972390e+00    7.2277832031e-01
       174   -4.5070198603e+01    2.0326903581e+03   -8.2165655191e+01    3.7095456587e+01   -2.2428884832e+01    2.7235970542e+00   -1.1357689332e+01   -5.1102678081e+01   -1.1080329277e+01    5.1200000000e+02    1.0164501870e+00    7.1763102214e-01
       175   -4.4937010726e+01    2.0206463986e+03   -8.2447693234e+01    3.7510682508e+01   -2.2460373163e+01    2.4351926363e+00   -1.1319834626e+01   -5.1102678081e+01   -1.1036849659e+01    5.1200000000e+02    1.0093366510e+00    7.1687825521e-01
       176   -4.5032379938e+01    2.0293255277e+03   -8.2074456691e+01    3.7042076754e+01   -2.2515947941e+01    2.7155844861e+00   -1.1171415156e+01   -5.1102678081e+01   -1.0889571174e+01    5.1200000000e+02    1.0667599820e+00    7.1779378255e-01
       177   -4.5106165178e+01    2.0363323332e+03   -8.2471552009e+01    3.7365386830e+01   -2.2891810716e+01    2.7850414252e+00   -1.1262104637e+01   -5.1102678081e+01   -1.0991758934e+01    5.1200000000e+02    1.1016121300e+00    7.2043863932e-01
       178   -4.5054577107e+01    2.0311597433e+03   -8.2323713691e+01    3.7269136584e+01   -2.3052474117e+01    2.9154270861e+00   -1.1083988579e+01   -5.1102678081e+01   -1.0793960281e+01    5.1200000000e+02    1.0845675790e+00    7.1657307943e-01
       179   -4.4964504129e+01    2.0233162819e+03   -8.2865499417e+01    3.7900995288e+01   -2.3482458718e+01    2.6892585072e+00   -1.0969621126e+01   -5.1102678081e+01   -1.0678761460e+01    5.1200000000e+02    1.1075191880e+00    7.1712239583e-01
       180   -4.5061246835e+01    2.0319809827e+03   -8.2649518723e+01    3.7588271889e+01   -2.3332804229e+01    2.9314726419e+00   -1.1145509055e+01   -5.1102678081e+01   -1.0857124598e+01    5.1200000000e+02    1.0463390720e+00    7.1781412760e-01
       181   -4.5104311139e+01    2.0358451940e+03   -8.2959474571e+01    3.7855163432e+01   -2.3524271784e+01    2.6807387426e+00   -1.1013263449e+01   -5.1102678081e+01   -1.0729289628e+01    5.1200000000e+02    1.0412436530e+00    7.1999104818e-01
       182   -4.4941366385e+01    2.0210613664e+03   -8.2083231617e+01    3.7141865232e+01   -2.3241324387e+01    3.1305243736e+00   -1.0869753522e+01   -5.1102678081e+01   -1.0577969443e+01    5.1200000000e+02    1.0559268160e+00    7.1577962240e-01
       183   -4.5011410357e+01    2.0273322504e+03   -8.2743444368e+01    3.7732034011e+01   -2.3699643027e+01    2.9569281631e+00   -1.0898051423e+01   -5.1102678081e+01   -1.0611824552e+01    5.1200000000e+02    1.0419129210e+00    7.1917724609e-01
       184   -4.5043713360e+01    2.0307582212e+03   -8.2345433105e+01    3.7301719745e+01   -2.3342545635e+01    3.1399577996e+00   -1.1040167189e+01   -5.1102678081e+01   -1.0747662470e+01    5.1200000000e+02    1.0390969720e+00    7.1820068359e-01
       185   -4.5009381084e+01    2.0270052285e+03   -8.2695758332e+01    3.7686377248e+01   -2.3730058416e+01    3.1604678662e+00   -1.1023489701e+01   -5.1102678081e+01   -1.0729865230e+01    5.1200000000e+02    1.0769197130e+00    7.1799723307e-01
       186   -4.5075266992e+01    2.0332455744e+03   -8.2147159955e+01    3.7071892963e+01   -2.3317221341e+01    3.3774804227e+00   -1.1104740955e+01   -5.1102678081e+01   -1.0817995280e+01    5.1200000000e+02    1.0600621410e+00    7.1415201823e-01
       187   -4.4973690217e+01    2.0241377921e+03   -8.3095588657e+01    3.8121898440e+01   -2.3724804707e+01    2.7432391215e+00   -1.1011344990e+01   -5.1102678081e+01   -1.0733837057e+01    5.1200000000e+02    1.0257028190e+00    7.1545410156e-01
       188   -4.5084353446e+01    2.0340585302e+03   -8.2908556822e+01    3.7824203377e+01   -2.3213942392e+01    2.6872791105e+00   -1.1279215460e+01   -5.1102678081e+01   -1.0989662688e+01    5.1200000000e+02    1.0266306520e+00    7.1803792318e-01
       189   -4.5106479012e+01    2.0358527886e+03   -8.1789638247e+01    3.6683159235e+01   -2.2555180407e+01    3.0640980709e+00   -1.1195877830e+01   -5.1102678081e+01   -1.0912917160e+01    5.1200000000e+02    1.0364056920e+00    7.2076416016e-01
       190   -4.5005893699e+01    2.0269642930e+03   -8.2195833928e+01    3.7189940229e+01   -2.2720238170e+01    2.8156617674e+00   -1.1188579444e+01   -5.1102678081e+01   -1.0906465765e+01    5.1200000000e+02    1.0172940410e+00    7.2064208984e-01
       191   -4.5090116712e+01    2.0345421000e+03   -8.2851171127e+01    3.7761054415e+01   -2.3455810631e+01    2.9717252272e+00   -1.1264407642e+01   -5.1102678081e+01   -1.0982748056e+01    5.1200000000e+02    1.0307891510e+00    7.2131347656e-01
       192   -4.4993794894e+01    2.0257903414e+03   -8.2565413422e+01    3.7571618528e+01   -2.3031757637e+01    2.7007505703e+00   -1.1131728274e+01   -5.1102678081e+01   -1.0842140565e+01    5.1200000000e+02    1.0194088200e+00    7.1655273438e-01
       193   -4.4971029448e+01    2.0239740687e+03   -8.2057273287e+01    3.7086243839e+01   -2.2957387200e+01    3.1977272118e+00   -1.1194935217e+01   -5.1102678081e+01   -1.0908314282e+01    5.1200000000e+02    1.0632965320e+00    7.2043863932e-01
       194   -4.5048964119e+01    2.0309912377e+03   -8.2379014041e+01    3.7330049922e+01   -2.2823333515e+01    2.7700583162e+00   -1.1223060762e+01   -5.1102678081e+01   -1.0966535370e+01    5.1200000000e+02    1.0601107610e+00    7.1820068359e-01
       195   -4.5072303356e+01    2.0328731904e+03   -8.2129289721e+01    3.7056986364e+01   -2.2237936069e+01    2.3847088703e+00   -1.1173384441e+01   -5.1102678081e+01   -1.0901587570e+01    5.1200000000e+02    1.0560697460e+00    7.1872965495e-01
       196   -4.5077197112e+01    2.0332636637e+03   -8.1969926659e+01    3.6892729546e+01   -2.2785067240e+01    2.9614029511e+00   -1.1043584289e+01   -5.1102678081e+01   -1.0767040249e+01    5.1200000000e+02    1.0692178490e+00    7.1765136719e-01
       197   -4.5008672335e+01    2.0271201884e+03   -8.1990592042e+01    3.6981919707e+01   -2.2350612519e+01    2.6784278977e+00   -1.1215729340e+01   -5.1102678081e+01   -1.0937455742e+01    5.1200000000e+02    1.0216258460e+00    7.1809895833e-01
       198   -4.5063466601e+01    2.0320148890e+03   -8.2431380268e+01    3.7367913668e+01   -2.3018923763e+01    2.8988971138e+00   -1.1208675538e+01   -5.1102678081e+01   -1.0914883590e+01    5.1200000000e+02    1.0164317810e+00    7.1700032552e-01
       199   -4.5029462959e+01    2.0290759919e+03   -8.2744373025e+01    3.7714910066e+01   -2.3278179837e+01    2.7952889359e+00   -1.1158804044e+01   -5.1102678081e+01   -1.0868419546e+01    5.1200000000e+02    1.0177133700e+00    7.1586100260e-01
