# Index          LocalEnergy            Variance              Weight        NumOfWalkers      AvgSentWalkers         TrialEnergy             DiffEff      LivingFraction
         0   -4.5756644400e+01    1.3085380994e+00    5.1193086415e+02    5.1200000000e+02    0.0000000000e+00   -4.5783929728e+01    9.9480152349e-01    1.0000000000e+00
         1   -4.5757601826e+01    1.2801274612e+00    5.1200225002e+02    5.1200000000e+02    0.0000000000e+00   -4.5743140391e+01    9.9476321575e-01    9.8828125000e-01
         2   -4.5802584731e+01    1.7508935350e+00    5.1211667920e+02    5.1200000000e+02    0.0000000000e+00   -4.5758041281e+01    9.9492962781e-01    9.9609375000e-01
         3   -4.5759005268e+01    1.3585053530e+00    5.1075511613e+02    5.1100000000e+02    0.0000000000e+00   -4.5825371040e+01    9.9348563259e-01    9.9608610568e-01
         4   -4.5793827760e+01    1.1632677821e+00    5.1536118008e+02    5.1400000000e+02    0.0000000000e+00   -4.5515567819e+01    9.9324665416e-01    9.9610894942e-01
         5   -4.5853392232e+01    1.1716310513e+00    5.1580768535e+02    5.1900000000e+02    0.0000000000e+00   -4.6448162795e+01    9.9436568916e-01    9.8651252408e-01
         6   -4.5860808574e+01    1.4302190599e+00    5.0926098130e+02    5.1300000000e+02    0.0000000000e+00   -4.6594329048e+01    9.9529162139e-01    9.9415204678e-01
         7   -4.5799923857e+01    1.2555004995e+00    5.1255566570e+02    5.1000000000e+02    0.0000000000e+00   -4.5324407925e+01    9.9301208293e-01    9.9607843137e-01
         8   -4.5841798598e+01    1.4234205186e+00    5.0957146775e+02    5.1000000000e+02    0.0000000000e+00   -4.5908393464e+01    9.9255735810e-01    1.0000000000e+00
         9   -4.5802721027e+01    1.3428112181e+00    5.1530228904e+02    5.1300000000e+02    0.0000000000e+00   -4.5366347414e+01    9.9417278554e-01    9.9805068226e-01
        10   -4.5869472434e+01    2.0001965478e+00    5.1187369480e+02    5.1500000000e+02    0.0000000000e+00   -4.6445628272e+01    9.9272612794e-01    9.8834951456e-01
        11   -4.5756232604e+01    1.4682001482e+00    5.0981936578e+02    5.1000000000e+02    0.0000000000e+00   -4.5844800406e+01    9.9286151654e-01    9.9607843137e-01
        12   -4.5818410307e+01    1.2421831876e+00    5.1231988116e+02    5.1000000000e+02    0.0000000000e+00   -4.5329417923e+01    9.9484158027e-01    9.9607843137e-01
        13   -4.5806690473e+01    2.0226663118e+00    5.1263378286e+02    5.1300000000e+02    0.0000000000e+00   -4.5880867588e+01    9.9394617065e-01    9.9610136452e-01
        14   -4.5807626589e+01    1.1899177356e+00    5.1336124512e+02    5.1400000000e+02    0.0000000000e+00   -4.5930399637e+01    9.9416016439e-01    9.9221789883e-01
        15   -4.5853993239e+01    1.2372228406e+00    5.0975997574e+02    5.1100000000e+02    0.0000000000e+00   -4.6073141971e+01    9.9304789408e-01    9.9608610568e-01
        16   -4.5871749401e+01    1.2857494291e+00    5.1328256021e+02    5.1100000000e+02    0.0000000000e+00   -4.5415528648e+01    9.9449649086e-01    9.9412915851e-01
        17   -4.5933702589e+01    1.5188027498e+00    5.1089226126e+02    5.1200000000e+02    0.0000000000e+00   -4.6121936215e+01    9.9436193694e-01    9.9414062500e-01
        18   -4.5886186817e+01    1.2893003995e+00    5.1097210835e+02    5.1000000000e+02    0.0000000000e+00   -4.5717112980e+01    9.9275269348e-01    9.9803921569e-01
        19   -4.5899468296e+01    1.2202537350e+00    5.1004729288e+02    5.0900000000e+02    0.0000000000e+00   -4.5685224936e+01    9.9341780935e-01    9.9803536346e-01
        20   -4.5911486882e+01    1.4101309386e+00    5.1095592449e+02    5.0900000000e+02    0.0000000000e+00   -4.5517351048e+01    9.9485807226e-01    9.9410609037e-01
        21   -4.5853817261e+01    1.1736732238e+00    5.0889150936e+02    5.0900000000e+02    0.0000000000e+00   -4.5909445590e+01    9.9552944416e-01    9.9410609037e-01
        22   -4.5902565334e+01    1.2808298105e+00    5.1103355594e+02    5.1100000000e+02    0.0000000000e+00   -4.5876562296e+01    9.9233039750e-01    9.9608610568e-01
        23   -4.5829025751e+01    1.3756904596e+00    5.0987869033e+02    5.1000000000e+02    0.0000000000e+00   -4.5887400456e+01    9.9342067055e-01    9.9607843137e-01
        24   -4.5873066491e+01    1.6166672835e+00    5.1190526025e+02    5.1200000000e+02    0.0000000000e+00   -4.5870072017e+01    9.9409047630e-01    9.9804687500e-01
        25   -4.5875947968e+01    1.3059182805e+00    5.1602263425e+02    5.1600000000e+02    0.0000000000e+00   -4.5873807288e+01    9.9361286925e-01    9.9806201550e-01
        26   -4.5941910185e+01    1.3517865110e+00    5.1510714000e+02    5.1500000000e+02    0.0000000000e+00   -4.5882144285e+01    9.9522219756e-01    9.9805825243e-01
        27   -4.5885434473e+01    2.4296424136e+00    5.1611110095e+02    5.1600000000e+02    0.0000000000e+00   -4.5890024560e+01    9.9370785340e-01    1.0000000000e+00
        28   -4.5920511620e+01    1.2408267901e+00    5.1602059455e+02    5.1600000000e+02    0.0000000000e+00   -4.5892154222e+01    9.9371552961e-01    9.9418604651e-01
        29   -4.5902689151e+01    1.2162241057e+00    5.1307237650e+02    5.1300000000e+02    0.0000000000e+00   -4.5896018270e+01    9.9284310613e-01    9.9805068226e-01
        30   -4.5886961418e+01    1.2013297429e+00    5.1600422911e+02    5.1600000000e+02    0.0000000000e+00   -4.5891737807e+01    9.9355020636e-01    9.9418604651e-01
        31   -4.5869058000e+01    1.3723769699e+00    5.1389611345e+02    5.1400000000e+02    0.0000000000e+00   -4.5897191839e+01    9.9372428676e-01    9.9416342412e-01
        32   -4.5894693041e+01    1.3460883264e+00    5.1093278164e+02    5.1100000000e+02    0.0000000000e+00   -4.5891402717e+01    9.9356941474e-01    9.9412915851e-01
        33   -4.5905024345e+01    1.1844163584e+00    5.0907347768e+02    5.0900000000e+02    0.0000000000e+00   -4.5886157073e+01    9.9404501314e-01    9.9803536346e-01
        34   -4.5888752768e+01    1.3116457360e+00    5.0904009431e+02    5.0900000000e+02    0.0000000000e+00   -4.5883710018e+01    9.9222022398e-01    9.9214145383e-01
        35   -4.5857915304e+01    1.2678551787e+00    5.0694921361e+02    5.0700000000e+02    0.0000000000e+00   -4.5883598472e+01    9.9247563548e-01    9.9802761341e-01
        36   -4.5851157370e+01    1.0751424247e+00    5.0886497435e+02    5.0900000000e+02    0.0000000000e+00   -4.5877514953e+01    9.9408441112e-01    9.8821218075e-01
        37   -4.5812063563e+01    1.4368203734e+00    5.0377509300e+02    5.0400000000e+02    0.0000000000e+00   -4.5879153219e+01    9.9224350044e-01    9.9404761905e-01
        38   -4.5838453531e+01    1.2310112321e+00    5.0180833153e+02    5.0200000000e+02    0.0000000000e+00   -4.5865032017e+01    9.9433584999e-01    9.9203187251e-01
        39   -4.5920829342e+01    1.3113850560e+00    5.0013556001e+02    5.0000000000e+02    0.0000000000e+00   -4.5858869110e+01    9.9422401134e-01    9.9400000000e-01
        40   -4.5913391709e+01    1.2818195701e+00    4.9828999258e+02    4.9800000000e+02    0.0000000000e+00   -4.5857622747e+01    9.9323954355e-01    9.9799196787e-01
        41   -4.5871886287e+01    1.4015615332e+00    5.0017769843e+02    5.0000000000e+02    0.0000000000e+00   -4.5855465002e+01    9.9521373462e-01    1.0000000000e+00
        42   -4.5872673925e+01    1.5256339843e+00    5.0811515949e+02    5.0800000000e+02    0.0000000000e+00   -4.5858758889e+01    9.9265165651e-01    9.9606299213e-01
        43   -4.5899805981e+01    1.3298233595e+00    5.0804806785e+02    5.0800000000e+02    0.0000000000e+00   -4.5874092868e+01    9.9185370057e-01    9.9606299213e-01
        44   -4.5879140518e+01    1.4141480652e+00    5.1109345787e+02    5.1100000000e+02    0.0000000000e+00   -4.5874714844e+01    9.9345590875e-01    9.9804305284e-01
        45   -4.5871044447e+01    1.2410469630e+00    5.1196878836e+02    5.1200000000e+02    0.0000000000e+00   -4.5880558329e+01    9.9269919996e-01    9.9414062500e-01
        46   -4.5924785374e+01    1.1988499852e+00    5.1410996593e+02    5.1400000000e+02    0.0000000000e+00   -4.5881835448e+01    9.9214552991e-01    9.9610894942e-01
        47   -4.5886822665e+01    1.1931932083e+00    5.1309133434e+02    5.1300000000e+02    0.0000000000e+00   -4.5887597449e+01    9.9137391641e-01    9.9610136452e-01
        48   -4.5903895542e+01    1.2591318562e+00    5.1204831336e+02    5.1200000000e+02    0.0000000000e+00   -4.5885733340e+01    9.9365493375e-01    9.9414062500e-01
        49   -4.5916848961e+01    1.4659056209e+00    5.1314930927e+02    5.1300000000e+02    0.0000000000e+00   -4.5884398159e+01    9.9485926338e-01    1.0000000000e+00
        50   -4.5853896214e+01    1.2488178787e+00    5.1497018728e+02    5.1500000000e+02    0.0000000000e+00   -4.5887630869e+01    9.9383088546e-01    9.9223300971e-01
        51   -4.5803916964e+01    1.2114013778e+00    5.1270106198e+02    5.1300000000e+02    0.0000000000e+00   -4.5890157141e+01    9.9343488753e-01    9.9610136452e-01
        52   -4.5836150323e+01    1.2454368300e+00    5.1168898245e+02    5.1200000000e+02    0.0000000000e+00   -4.5883226837e+01    9.9396148490e-01    9.9804687500e-01
        53   -4.5805932052e+01    1.5304146854e+00    5.1470902994e+02    5.1500000000e+02    0.0000000000e+00   -4.5879865775e+01    9.9396685872e-01    9.9611650485e-01
        54   -4.5878714688e+01    1.1585008254e+00    5.1276715375e+02    5.1300000000e+02    0.0000000000e+00   -4.5883558148e+01    9.9373561433e-01    9.9610136452e-01
        55   -4.5895079648e+01    1.4242430360e+00    5.1203397702e+02    5.1200000000e+02    0.0000000000e+00   -4.5879790639e+01    9.9405519500e-01    1.0000000000e+00
        56   -4.5910669365e+01    1.2905022329e+00    5.1410493110e+02    5.1400000000e+02    0.0000000000e+00   -4.5878826056e+01    9.9345388499e-01    1.0000000000e+00
        57   -4.5909068940e+01    1.3894505415e+00    5.1715272482e+02    5.1700000000e+02    0.0000000000e+00   -4.5883724886e+01    9.9306818282e-01    9.9613152805e-01
        58   -4.5910789381e+01    1.3096030186e+00    5.1810196628e+02    5.1800000000e+02    0.0000000000e+00   -4.5890410649e+01    9.9470136914e-01    9.9034749035e-01
        59   -4.5952659756e+01    1.2426547311e+00    5.1722607865e+02    5.1700000000e+02    0.0000000000e+00   -4.5893023772e+01    9.9218362961e-01    9.9032882012e-01
        60   -4.5935277407e+01    1.3800262400e+00    5.1327394845e+02    5.1300000000e+02    0.0000000000e+00   -4.5893118857e+01    9.9371533252e-01    1.0000000000e+00
        61   -4.5912815048e+01    1.4311440018e+00    5.1517332661e+02    5.1500000000e+02    0.0000000000e+00   -4.5886724455e+01    9.9314397787e-01    9.9805825243e-01
        62   -4.5966808137e+01    1.4462233102e+00    5.2125410406e+02    5.2100000000e+02    0.0000000000e+00   -4.5891098513e+01    9.9475076643e-01    9.9616122841e-01
        63   -4.5924425872e+01    1.1279117801e+00    5.2123031160e+02    5.2100000000e+02    0.0000000000e+00   -4.5904737141e+01    9.9184753376e-01    9.9616122841e-01
        64   -4.5904407836e+01    1.3557529781e+00    5.2002298443e+02    5.2000000000e+02    0.0000000000e+00   -4.5905546080e+01    9.9367319539e-01    9.9615384615e-01
        65   -4.5851910665e+01    1.3260386342e+00    5.1785386253e+02    5.1800000000e+02    0.0000000000e+00   -4.5903598849e+01    9.9415902424e-01    9.9613899614e-01
        66   -4.5886616311e+01    1.3116028480e+00    5.1783579483e+02    5.1800000000e+02    0.0000000000e+00   -4.5898633274e+01    9.9298178758e-01    9.9613899614e-01
        67   -4.5899878281e+01    1.4266279210e+00    5.1798045347e+02    5.1800000000e+02    0.0000000000e+00   -4.5898584586e+01    9.9318888163e-01    9.9613899614e-01
        68   -4.5907078110e+01    1.6280547646e+00    5.1801149892e+02    5.1800000000e+02    0.0000000000e+00   -4.5899126967e+01    9.9420000711e-01    9.9613899614e-01
        69   -4.5894806304e+01    1.4589077538e+00    5.1799878759e+02    5.1800000000e+02    0.0000000000e+00   -4.5899586167e+01    9.9193583571e-01    9.9613899614e-01
        70   -4.5865062918e+01    1.3595466584e+00    5.1789947049e+02    5.1800000000e+02    0.0000000000e+00   -4.5899699487e+01    9.9191101129e-01    9.9806949807e-01
        71   -4.5888928574e+01    1.4491358402e+00    5.1686202827e+02    5.1700000000e+02    0.0000000000e+00   -4.5899056985e+01    9.9346178207e-01    9.9226305609e-01
        72   -4.5907264800e+01    1.6527016754e+00    5.1403236130e+02    5.1400000000e+02    0.0000000000e+00   -4.5897077344e+01    9.9298715336e-01    9.9805447471e-01
        73   -4.5869579620e+01    1.1754430829e+00    5.1597182438e+02    5.1600000000e+02    0.0000000000e+00   -4.5891958142e+01    9.9487796434e-01    9.9806201550e-01
        74   -4.5883301976e+01    1.3428240905e+00    5.1688789616e+02    5.1700000000e+02    0.0000000000e+00   -4.5895383024e+01    9.9328167029e-01    1.0000000000e+00
        75   -4.5835253636e+01    1.1185597857e+00    5.1879935344e+02    5.1900000000e+02    0.0000000000e+00   -4.5897077725e+01    9.9439563124e-01    9.9229287091e-01
        76   -4.5916552356e+01    1.1386632732e+00    5.1789422321e+02    5.1800000000e+02    0.0000000000e+00   -4.5899834582e+01    9.9355392453e-01    9.9227799228e-01
        77   -4.5873793759e+01    1.1063070836e+00    5.1498987446e+02    5.1500000000e+02    0.0000000000e+00   -4.5898613138e+01    9.9550648214e-01    9.9805825243e-01
        78   -4.5944591094e+01    1.3728361628e+00    5.1506771117e+02    5.1500000000e+02    0.0000000000e+00   -4.5892758789e+01    9.9310445694e-01    9.9417475728e-01
        79   -4.5957570094e+01    1.4415195511e+00    5.1733057136e+02    5.1700000000e+02    0.0000000000e+00   -4.5893887122e+01    9.9392711647e-01    9.9806576402e-01
        80   -4.5892906702e+01    1.1341598044e+00    5.1610894349e+02    5.1600000000e+02    0.0000000000e+00   -4.5899431770e+01    9.9403437109e-01    9.9031007752e-01
        81   -4.5865346249e+01    1.2934968433e+00    5.1191053313e+02    5.1200000000e+02    0.0000000000e+00   -4.5897130397e+01    9.9337803290e-01    9.9414062500e-01
        82   -4.5830752289e+01    1.2060542976e+00    5.1284181049e+02    5.1300000000e+02    0.0000000000e+00   -4.5888578669e+01    9.9363911972e-01    9.9805068226e-01
        83   -4.5838742286e+01    1.2094009950e+00    5.1270658535e+02    5.1300000000e+02    0.0000000000e+00   -4.5889475582e+01    9.9289458094e-01    9.9415204678e-01
        84   -4.5872699077e+01    1.3180741625e+00    5.0982339551e+02    5.1000000000e+02    0.0000000000e+00   -4.5888444830e+01    9.9485981257e-01    9.9411764706e-01
        85   -4.5846740245e+01    1.2225725420e+00    5.0886969943e+02    5.0900000000e+02    0.0000000000e+00   -4.5882584464e+01    9.9352302181e-01    9.9803536346e-01
        86   -4.5837318949e+01    1.3984361399e+00    5.1180266053e+02    5.1200000000e+02    0.0000000000e+00   -4.5880104429e+01    9.9404704079e-01    9.9804687500e-01
        87   -4.5857926944e+01    1.2709326284e+00    5.1380643211e+02    5.1400000000e+02    0.0000000000e+00   -4.5885121439e+01    9.9219872154e-01    9.9221789883e-01
        88   -4.5899074591e+01    1.1878241084e+00    5.0997285838e+02    5.1000000000e+02    0.0000000000e+00   -4.5888623332e+01    9.9280608537e-01    9.9411764706e-01
        89   -4.5893574518e+01    1.4404991298e+00    5.0706861336e+02    5.0700000000e+02    0.0000000000e+00   -4.5881336745e+01    9.9474660796e-01    9.9408284024e-01
        90   -4.5874105565e+01    1.2946587629e+00    5.0504263325e+02    5.0500000000e+02    0.0000000000e+00   -4.5875743718e+01    9.9343595704e-01    9.9801980198e-01
        91   -4.5759146097e+01    1.1917567373e+00    5.0471562209e+02    5.0500000000e+02    0.0000000000e+00   -4.5871580853e+01    9.9466126428e-01    9.9801980198e-01
        92   -4.5865959345e+01    1.2400457329e+00    5.0369968652e+02    5.0400000000e+02    0.0000000000e+00   -4.5869181533e+01    9.9447811633e-01    1.0000000000e+00
        93   -4.5847343516e+01    1.1048398283e+00    5.0794005127e+02    5.0800000000e+02    0.0000000000e+00   -4.5866926183e+01    9.9164477201e-01    9.9606299213e-01
        94   -4.5890141592e+01    1.1303959330e+00    5.0695305383e+02    5.0700000000e+02    0.0000000000e+00   -4.5874823883e+01    9.9327717769e-01    1.0000000000e+00
        95   -4.5872573303e+01    1.1354347791e+00    5.1204572613e+02    5.1200000000e+02    0.0000000000e+00   -4.5872976942e+01    9.9389785189e-01    9.9414062500e-01
        96   -4.5864525680e+01    1.2968695123e+00    5.1497185977e+02    5.1500000000e+02    0.0000000000e+00   -4.5882836813e+01    9.9368965212e-01    9.9417475728e-01
        97   -4.5857195204e+01    1.2522160313e+00    5.1488403599e+02    5.1500000000e+02    0.0000000000e+00   -4.5888298494e+01    9.9277940618e-01    1.0000000000e+00
        98   -4.5887062642e+01    1.3594108642e+00    5.1691368178e+02    5.1700000000e+02    0.0000000000e+00   -4.5887803379e+01    9.9347242581e-01    9.9806576402e-01
        99   -4.5916075035e+01    1.2676910236e+00    5.2004637130e+02    5.2000000000e+02    0.0000000000e+00   -4.5891799303e+01    9.9373369534e-01    1.0000000000e+00
       100   -4.5990579642e+01    1.4580405976e+00    5.2427026522e+02    5.2400000000e+02    0.0000000000e+00   -4.5898264223e+01    9.9258146488e-01    9.9236641221e-01
       101   -4.5974967414e+01    1.2797533000e+00    5.2240036650e+02    5.2200000000e+02    0.0000000000e+00   -4.5907685771e+01    9.9433826223e-01    9.9425287356e-01
       102   -4.5946611026e+01    1.2369919373e+00    5.2128765406e+02    5.2100000000e+02    0.0000000000e+00   -4.5905222047e+01    9.9462825561e-01    9.9232245681e-01
       103   -4.5910101964e+01    1.0463352594e+00    5.2217398625e+02    5.2200000000e+02    0.0000000000e+00   -4.5903830724e+01    9.9454969847e-01    9.9425287356e-01
       104   -4.5841472275e+01    1.3934318826e+00    5.2084607945e+02    5.2100000000e+02    0.0000000000e+00   -4.5905818229e+01    9.9394395553e-01    9.9616122841e-01
       105   -4.5880663444e+01    1.0911779852e+00    5.2077856054e+02    5.2100000000e+02    0.0000000000e+00   -4.5902746428e+01    9.9514208120e-01    9.9808061420e-01
       106   -4.5905534314e+01    1.2422739845e+00    5.2094522447e+02    5.2100000000e+02    0.0000000000e+00   -4.5902559193e+01    9.9464414717e-01    9.9424184261e-01
       107   -4.5951071228e+01    1.2762577214e+00    5.1913546963e+02    5.1900000000e+02    0.0000000000e+00   -4.5903108773e+01    9.9409082804e-01    9.9614643545e-01
       108   -4.5905389227e+01    1.4818472390e+00    5.2014807676e+02    5.2000000000e+02    0.0000000000e+00   -4.5900370591e+01    9.9480519254e-01    9.9615384615e-01
       109   -4.5905560349e+01    1.4139446609e+00    5.2101282562e+02    5.2100000000e+02    0.0000000000e+00   -4.5902531153e+01    9.9521960708e-01    9.9616122841e-01
       110   -4.5953082074e+01    1.5163637989e+00    5.2414032974e+02    5.2400000000e+02    0.0000000000e+00   -4.5904401368e+01    9.9467377988e-01    9.9427480916e-01
       111   -4.5911839587e+01    1.1815362710e+00    5.2210692334e+02    5.2200000000e+02    0.0000000000e+00   -4.5911112874e+01    9.9315000190e-01    9.9425287356e-01
       112   -4.5844474650e+01    1.3040234623e+00    5.2186934445e+02    5.2200000000e+02    0.0000000000e+00   -4.5907488447e+01    9.9362497183e-01    9.9808429119e-01
       113   -4.5933786782e+01    1.2779739172e+00    5.2189247073e+02    5.2200000000e+02    0.0000000000e+00   -4.5906565928e+01    9.9485007533e-01    9.9808429119e-01
       114   -4.5860943803e+01    1.2401056733e+00    5.2192821183e+02    5.2200000000e+02    0.0000000000e+00   -4.5907102938e+01    9.9301976064e-01    9.9425287356e-01
       115   -4.5858122367e+01    1.1503395179e+00    5.1976232024e+02    5.2000000000e+02    0.0000000000e+00   -4.5906886975e+01    9.9237661983e-01    1.0000000000e+00
       116   -4.5909404404e+01    1.2207771344e+00    5.2088835588e+02    5.2100000000e+02    0.0000000000e+00   -4.5902420644e+01    9.9358892316e-01    9.9616122841e-01
       117   -4.5962174012e+01    1.2791466427e+00    5.1915711058e+02    5.1900000000e+02    0.0000000000e+00   -4.5904811866e+01    9.9358907360e-01    9.9807321773e-01
       118   -4.5969648926e+01    1.8009188577e+00    5.2026447353e+02    5.2000000000e+02    0.0000000000e+00   -4.5902243642e+01    9.9350254455e-01    9.9807692308e-01
       119   -4.5923286497e+01    1.2379115166e+00    5.2111901910e+02    5.2100000000e+02    0.0000000000e+00   -4.5905195455e+01    9.9384649898e-01    9.9616122841e-01
       120   -4.5878143003e+01    1.3243701074e+00    5.1894432422e+02    5.1900000000e+02    0.0000000000e+00   -4.5907177666e+01    9.9172402448e-01    9.9229287091e-01
       121   -4.5886133589e+01    1.3859992538e+00    5.1791036526e+02    5.1800000000e+02    0.0000000000e+00   -4.5902883127e+01    9.9233516829e-01    1.0000000000e+00
       122   -4.5935462894e+01    1.5006052819e+00    5.2204808379e+02    5.2200000000e+02    0.0000000000e+00   -4.5900856579e+01    9.9350086260e-01    9.8850574713e-01
       123   -4.5879951396e+01    1.3099286351e+00    5.1900973551e+02    5.1900000000e+02    0.0000000000e+00   -4.5909261506e+01    9.9429977107e-01    9.9614643545e-01
       124   -4.5888453553e+01    1.2730518203e+00    5.1990498494e+02    5.2000000000e+02    0.0000000000e+00   -4.5903329497e+01    9.9409917711e-01    9.9615384615e-01
       125   -4.5874910844e+01    1.3705402984e+00    5.2188190689e+02    5.2200000000e+02    0.0000000000e+00   -4.5905040759e+01    9.9271928774e-01    9.9042145594e-01
       126   -4.5873727355e+01    1.2619431614e+00    5.1783620995e+02    5.1800000000e+02    0.0000000000e+00   -4.5908696313e+01    9.9285331760e-01    9.9806949807e-01
       127   -4.5859658775e+01    1.3581616500e+00    5.1881960871e+02    5.1900000000e+02    0.0000000000e+00   -4.5900765826e+01    9.9326082130e-01    9.9807321773e-01
       128   -4.5939904710e+01    1.4833575692e+00    5.2199076496e+02    5.2200000000e+02    0.0000000000e+00   -4.5902387406e+01    9.9405241658e-01    9.9808429119e-01
       129   -4.5895973672e+01    1.3167837356e+00    5.2406568347e+02    5.2400000000e+02    0.0000000000e+00   -4.5908946640e+01    9.9179722195e-01    1.0000000000e+00
       130   -4.5895726867e+01    1.2652137007e+00    5.2588450428e+02    5.2600000000e+02    0.0000000000e+00   -4.5912971519e+01    9.9408192355e-01    9.9429657795e-01
       131   -4.5899454882e+01    1.1127116904e+00    5.2691062330e+02    5.2700000000e+02    0.0000000000e+00   -4.5916490592e+01    9.9360980540e-01    9.9620493359e-01
       132   -4.5957020264e+01    1.4355060932e+00    5.2704337453e+02    5.2700000000e+02    0.0000000000e+00   -4.5918526713e+01    9.9467863939e-01    9.9620493359e-01
       133   -4.6002971786e+01    1.2651952559e+00    5.2731943761e+02    5.2700000000e+02    0.0000000000e+00   -4.5919373313e+01    9.9361241532e-01    9.9620493359e-01
       134   -4.5968717183e+01    1.1109339831e+00    5.2633080247e+02    5.2600000000e+02    0.0000000000e+00   -4.5920884311e+01    9.9280525132e-01    9.9429657795e-01
       135   -4.5957065880e+01    1.3947663356e+00    5.2423113977e+02    5.2400000000e+02    0.0000000000e+00   -4.5919680022e+01    9.9407807299e-01    9.9427480916e-01
       136   -4.5909165394e+01    1.3998927988e+00    5.2408681630e+02    5.2400000000e+02    0.0000000000e+00   -4.5916243067e+01    9.9600472593e-01    9.9618320611e-01
       137   -4.5949683513e+01    1.4475627668e+00    5.2405932901e+02    5.2400000000e+02    0.0000000000e+00   -4.5916109009e+01    9.9533418068e-01    9.9427480916e-01
       138   -4.5896922814e+01    1.1670809426e+00    5.2305349825e+02    5.2300000000e+02    0.0000000000e+00   -4.5916538825e+01    9.9453716550e-01    1.0000000000e+00
       139   -4.5877064577e+01    1.2791265872e+00    5.2585038154e+02    5.2600000000e+02    0.0000000000e+00   -4.5914648465e+01    9.9303444726e-01    1.0000000000e+00
       140   -4.5845334237e+01    2.0147199026e+00    5.3169282514e+02    5.3200000000e+02    0.0000000000e+00   -4.5919846236e+01    9.9208366748e-01    9.9812030075e-01
       141   -4.5923453957e+01    2.4329532323e+00    5.3271929663e+02    5.3300000000e+02    0.0000000000e+00   -4.5930500230e+01    9.9525255921e-01    9.9249530957e-01
       142   -4.5860549022e+01    1.2353084958e+00    5.3068503861e+02    5.3100000000e+02    0.0000000000e+00   -4.5932680539e+01    9.9393806102e-01    9.9811676083e-01
       143   -4.5951270724e+01    1.8890548942e+00    5.3076709175e+02    5.3100000000e+02    0.0000000000e+00   -4.5928590685e+01    9.9402152427e-01    9.9435028249e-01
       144   -4.6008630146e+01    2.0664277162e+00    5.3207606878e+02    5.3200000000e+02    0.0000000000e+00   -4.5929217259e+01    9.9288750043e-01    9.9812030075e-01
       145   -4.5933018915e+01    1.2754126466e+00    5.3711260666e+02    5.3700000000e+02    0.0000000000e+00   -4.5932603714e+01    9.9331359779e-01    9.9813780261e-01
       146   -4.5922237259e+01    1.0406007157e+00    5.3790518902e+02    5.3800000000e+02    0.0000000000e+00   -4.5942333565e+01    9.9414188929e-01    9.9442379182e-01
       147   -4.5920348077e+01    1.3476413824e+00    5.3790062744e+02    5.3800000000e+02    0.0000000000e+00   -4.5944026906e+01    9.9281526686e-01    1.0000000000e+00
       148   -4.5949632339e+01    1.3174402968e+00    5.3893400053e+02    5.3900000000e+02    0.0000000000e+00   -4.5944219042e+01    9.9400715686e-01    9.9814471243e-01
       149   -4.5930087819e+01    1.3245867611e+00    5.3995578537e+02    5.4000000000e+02    0.0000000000e+00   -4.5946562837e+01    9.9360487039e-01    9.9259259259e-01
       150   -4.5962293954e+01    1.3362582928e+00    5.3901252038e+02    5.3900000000e+02    0.0000000000e+00   -4.5948724621e+01    9.9363787165e-01    9.9814471243e-01
       151   -4.5954822582e+01    1.2159416487e+00    5.4006744898e+02    5.4000000000e+02    0.0000000000e+00   -4.5947485568e+01    9.9430310663e-01    9.9629629630e-01
       152   -4.5965980715e+01    1.3850307273e+00    5.4106616443e+02    5.4100000000e+02    0.0000000000e+00   -4.5949885890e+01    9.9471934203e-01    9.9445471349e-01
       153   -4.5901252941e+01    1.4843771389e+00    5.4191836517e+02    5.4200000000e+02    0.0000000000e+00   -4.5952255712e+01    9.9565531372e-01    9.9815498155e-01
       154   -4.5942341935e+01    1.3329423408e+00    5.4181456196e+02    5.4200000000e+02    0.0000000000e+00   -4.5953860962e+01    9.9365048773e-01    9.9446494465e-01
       155   -4.5953703915e+01    1.3538696614e+00    5.4297426153e+02    5.4300000000e+02    0.0000000000e+00   -4.5954004742e+01    9.9349636459e-01    9.9815837937e-01
       156   -4.5860725450e+01    1.7908768338e+00    5.4170407309e+02    5.4200000000e+02    0.0000000000e+00   -4.5956556813e+01    9.9314473900e-01    9.9630996310e-01
       157   -4.5968847771e+01    1.2727047634e+00    5.4077266335e+02    5.4100000000e+02    0.0000000000e+00   -4.5953943996e+01    9.9334408027e-01    9.9075785582e-01
       158   -4.5908649121e+01    1.3597550884e+00    5.3896183151e+02    5.3900000000e+02    0.0000000000e+00   -4.5952739769e+01    9.9336778037e-01    1.0000000000e+00
       159   -4.5908811822e+01    1.7261659617e+00    5.4075711355e+02    5.4100000000e+02    0.0000000000e+00   -4.5949461691e+01    9.9455805498e-01    9.8706099815e-01
       160   -4.5905201448e+01    1.1824801300e+00    5.3376900389e+02    5.3400000000e+02    0.0000000000e+00   -4.5952863372e+01    9.9550210866e-01    9.9438202247e-01
       161   -4.5988494083e+01    1.3475833151e+00    5.3205576807e+02    5.3200000000e+02    0.0000000000e+00   -4.5939905850e+01    9.9274421182e-01    9.9812030075e-01
       162   -4.5997231655e+01    1.5330465669e+00    5.3331232805e+02    5.3300000000e+02    0.0000000000e+00   -4.5937326393e+01    9.9384584433e-01    9.9624765478e-01
       163   -4.6017609684e+01    1.3056434029e+00    5.3642046923e+02    5.3600000000e+02    0.0000000000e+00   -4.5940372930e+01    9.9384694670e-01    1.0000000000e+00
       164   -4.5992394330e+01    1.1635823735e+00    5.4030393525e+02    5.4000000000e+02    0.0000000000e+00   -4.5947003587e+01    9.9278548727e-01    9.9814814815e-01
       165   -4.5953107568e+01    1.1926257862e+00    5.4310217958e+02    5.4300000000e+02    0.0000000000e+00   -4.5954851475e+01    9.9196745617e-01    9.9631675875e-01
       166   -4.5978097831e+01    1.2167830633e+00    5.4402566982e+02    5.4400000000e+02    0.0000000000e+00   -4.5960373727e+01    9.9480818368e-01    9.9816176471e-01
       167   -4.5964704888e+01    1.2954950497e+00    5.4403303198e+02    5.4400000000e+02    0.0000000000e+00   -4.5962594430e+01    9.9260017432e-01    1.0000000000e+00
       168   -4.5993582982e+01    1.1286366049e+00    5.4607789485e+02    5.4600000000e+02    0.0000000000e+00   -4.5963032167e+01    9.9502629917e-01    9.9633699634e-01
       169   -4.5935140125e+01    1.0848847096e+00    5.4698723178e+02    5.4700000000e+02    0.0000000000e+00   -4.5967396155e+01    9.9467542896e-01    9.9634369287e-01
       170   -4.5926482858e+01    1.1055452321e+00    5.4679550222e+02    5.4700000000e+02    0.0000000000e+00   -4.5969274524e+01    9.9269252682e-01    9.9817184644e-01
       171   -4.5956880732e+01    1.3556856907e+00    5.5085417502e+02    5.5100000000e+02    0.0000000000e+00   -4.5969078309e+01    9.9348200824e-01    9.9274047187e-01
       172   -4.5941369537e+01    1.1405901947e+00    5.5387833216e+02    5.5400000000e+02    0.0000000000e+00   -4.5976825869e+01    9.9319842200e-01    9.9277978339e-01
       173   -4.5928814961e+01    1.1932489889e+00    5.5575821455e+02    5.5600000000e+02    0.0000000000e+00   -4.5982547130e+01    9.9102804400e-01    9.9100719424e-01
       174   -4.5929584514e+01    1.0321769196e+00    5.5170908552e+02    5.5200000000e+02    0.0000000000e+00   -4.5986097030e+01    9.9412787181e-01    1.0000000000e+00
       175   -4.5924566075e+01    1.0486168309e+00    5.5270186838e+02    5.5300000000e+02    0.0000000000e+00   -4.5978949076e+01    9.9417042484e-01    9.9095840868e-01
       176   -4.5950758965e+01    1.2004872998e+00    5.4877546852e+02    5.4900000000e+02    0.0000000000e+00   -4.5980877140e+01    9.9354458518e-01    9.9817850638e-01
       177   -4.5949876413e+01    1.2921176597e+00    5.4987349954e+02    5.5000000000e+02    0.0000000000e+00   -4.5974043164e+01    9.9337065795e-01    9.9636363636e-01
       178   -4.6020274254e+01    1.3782151411e+00    5.4904739659e+02    5.4900000000e+02    0.0000000000e+00   -4.5976328103e+01    9.9507618266e-01    9.9453551913e-01
       179   -4.5977292757e+01    1.2627735057e+00    5.4611947581e+02    5.4600000000e+02    0.0000000000e+00   -4.5975549842e+01    9.9201812230e-01    9.9633699634e-01
       180   -4.5918216641e+01    1.1076982811e+00    5.4989030368e+02    5.5000000000e+02    0.0000000000e+00   -4.5970650362e+01    9.9344851584e-01    9.9636363636e-01
       181   -4.5870600943e+01    1.1240482226e+00    5.4753240108e+02    5.4800000000e+02    0.0000000000e+00   -4.5977606428e+01    9.9352037039e-01    9.9817518248e-01
       182   -4.5842333147e+01    1.2429683734e+00    5.4834153432e+02    5.4900000000e+02    0.0000000000e+00   -4.5973089435e+01    9.9450725340e-01    9.9453551913e-01
       183   -4.5853882579e+01    1.1370167642e+00    5.4730983737e+02    5.4800000000e+02    0.0000000000e+00   -4.5974175578e+01    9.9388737082e-01    9.9635036496e-01
       184   -4.5879823535e+01    1.2980148595e+00    5.4642088433e+02    5.4700000000e+02    0.0000000000e+00   -4.5971976958e+01    9.9389688540e-01    9.9085923218e-01
       185   -4.5908848434e+01    1.2113819057e+00    5.4460250757e+02    5.4500000000e+02    0.0000000000e+00   -4.5970197094e+01    9.9412841582e-01    1.0000000000e+00
       186   -4.5869445350e+01    1.8248099853e+00    5.4553233545e+02    5.4600000000e+02    0.0000000000e+00   -4.5966886136e+01    9.9424600438e-01    9.9267399267e-01
       187   -4.5811722856e+01    1.3577642172e+00    5.4229577527e+02    5.4300000000e+02    0.0000000000e+00   -4.5968378204e+01    9.9422728454e-01    9.9631675875e-01
       188   -4.5832042258e+01    1.2307865410e+00    5.4324864908e+02    5.4400000000e+02    0.0000000000e+00   -4.5961872819e+01    9.9395818109e-01    9.9816176471e-01
       189   -4.5878007845e+01    1.3622260774e+00    5.4440532630e+02    5.4500000000e+02    0.0000000000e+00   -4.5963200319e+01    9.9364226321e-01    9.9449541284e-01
       190   -4.5932667246e+01    1.4876148436e+00    5.4366019211e+02    5.4400000000e+02    0.0000000000e+00   -4.5965174594e+01    9.9497549043e-01    9.9816176471e-01
       191   -4.5948521370e+01    1.4834216923e+00    5.4384895858e+02    5.4400000000e+02    0.0000000000e+00   -4.5963973729e+01    9.9304965570e-01    9.9448529412e-01
       192   -4.5904211490e+01    1.4195859227e+00    5.4178511756e+02    5.4200000000e+02    0.0000000000e+00   -4.5964579879e+01    9.9260721135e-01    1.0000000000e+00
       193   -4.5920448412e+01    1.6742014332e+00    5.4271227223e+02    5.4300000000e+02    0.0000000000e+00   -4.5960777657e+01    9.9323698172e-01    9.9447513812e-01
       194   -4.5889878481e+01    1.3736556009e+00    5.4067440637e+02    5.4100000000e+02    0.0000000000e+00   -4.5962580684e+01    9.9409373389e-01    9.9075785582e-01
       195   -4.5971981935e+01    1.5379750219e+00    5.3784527931e+02    5.3800000000e+02    0.0000000000e+00   -4.5958736093e+01    9.9368655805e-01    9.9628252788e-01
       196   -4.5944438417e+01    1.4039167442e+00    5.4106847669e+02    5.4100000000e+02    0.0000000000e+00   -4.5953874644e+01    9.9369421692e-01    1.0000000000e+00
       197   -4.5950383308e+01    1.5858898794e+00    5.4291831693e+02    5.4300000000e+02    0.0000000000e+00   -4.5960074471e+01    9.9386172550e-01    9.9631675875e-01
       198   -4.5883113389e+01    1.5291973209e+00    5.4274286174e+02    5.4300000000e+02    0.0000000000e+00   -4.5963743292e+01    9.9446423523e-01    9.9631675875e-01
       199   -4.5932517258e+01    1.3678332157e+00    5.4268651784e+02    5.4300000000e+02    0.0000000000e+00   -4.5963297189e+01    9.9490962167e-01    9.9263351750e-01
       200   -4.5899334867e+01    1.2537857354e+00    5.3974613124e+02    5.4000000000e+02    0.0000000000e+00   -4.5963346321e+01    9.9417205670e-01    9.9259259259e-01
       201   -4.5931585895e+01    1.4340068363e+00    5.3677934640e+02    5.3700000000e+02    0.0000000000e+00   -4.5957881317e+01    9.9454198951e-01    1.0000000000e+00
       202   -4.5953352686e+01    1.3411820699e+00    5.3791752921e+02    5.3800000000e+02    0.0000000000e+00   -4.5952515013e+01    9.9276843086e-01    1.0000000000e+00
       203   -4.5951248221e+01    1.3162199821e+00    5.4300924086e+02    5.4300000000e+02    0.0000000000e+00   -4.5954896002e+01    9.9352392828e-01    1.0000000000e+00
       204   -4.5880527197e+01    1.4969781032e+00    5.4371175797e+02    5.4400000000e+02    0.0000000000e+00   -4.5964565632e+01    9.9403229747e-01    9.9448529412e-01
       205   -4.5913423022e+01    1.2462540509e+00    5.4163521956e+02    5.4200000000e+02    0.0000000000e+00   -4.5965722129e+01    9.9205579392e-01    9.9630996310e-01
       206   -4.5863546573e+01    1.2969903969e+00    5.3958823789e+02    5.4000000000e+02    0.0000000000e+00   -4.5961937538e+01    9.9217855570e-01    9.9444444444e-01
       207   -4.5884695369e+01    1.5918787910e+00    5.3954042488e+02    5.4000000000e+02    0.0000000000e+00   -4.5957925861e+01    9.9311425707e-01    9.9259259259e-01
       208   -4.5846141677e+01    1.2885112088e+00    5.3547737486e+02    5.3600000000e+02    0.0000000000e+00   -4.5957726881e+01    9.9313334104e-01    9.9813432836e-01
       209   -4.5929438181e+01    1.3766976249e+00    5.3665642460e+02    5.3700000000e+02    0.0000000000e+00   -4.5949854621e+01    9.9364297822e-01    9.9255121043e-01
       210   -4.5972411828e+01    1.6687590350e+00    5.3403059030e+02    5.3400000000e+02    0.0000000000e+00   -4.5952182581e+01    9.9183352873e-01    9.9625468165e-01
       211   -4.5908340687e+01    1.1427868433e+00    5.3296168426e+02    5.3300000000e+02    0.0000000000e+00   -4.5947629780e+01    9.9487081149e-01    9.9437148218e-01
       212   -4.5974263980e+01    1.6233555061e+00    5.3494513349e+02    5.3500000000e+02    0.0000000000e+00   -4.5945640980e+01    9.9444539390e-01    9.9813084112e-01
       213   -4.5924019967e+01    1.2544244793e+00    5.3693319144e+02    5.3700000000e+02    0.0000000000e+00   -4.5949711840e+01    9.9417049286e-01    9.9255121043e-01
       214   -4.5945878017e+01    1.1574599662e+00    5.3591861557e+02    5.3600000000e+02    0.0000000000e+00   -4.5953514873e+01    9.9306787570e-01    9.9813432836e-01
       215   -4.5957448860e+01    1.3869663996e+00    5.3600573617e+02    5.3600000000e+02    0.0000000000e+00   -4.5951828188e+01    9.9525066509e-01    9.9253731343e-01
       216   -4.5980858753e+01    1.1707852993e+00    5.3410712410e+02    5.3400000000e+02    0.0000000000e+00   -4.5952252362e+01    9.9071085744e-01    9.9438202247e-01
       217   -4.5932130470e+01    1.2583163341e+00    5.3203348808e+02    5.3200000000e+02    0.0000000000e+00   -4.5949081725e+01    9.9443792505e-01    9.9812030075e-01
       218   -4.5901134768e+01    1.2652849100e+00    5.3182502520e+02    5.3200000000e+02    0.0000000000e+00   -4.5945319616e+01    9.9456275730e-01    9.9624060150e-01
       219   -4.5909192484e+01    1.1354262494e+00    5.3383608537e+02    5.3400000000e+02    0.0000000000e+00   -4.5944898555e+01    9.9413521362e-01    9.9625468165e-01
       220   -4.5905700756e+01    1.3657036286e+00    5.3377235757e+02    5.3400000000e+02    0.0000000000e+00   -4.5948684275e+01    9.9480230523e-01    9.9812734082e-01
       221   -4.5972467555e+01    1.4175050510e+00    5.3292367084e+02    5.3300000000e+02    0.0000000000e+00   -4.5948558824e+01    9.9361043500e-01    9.9812382739e-01
       222   -4.5986834897e+01    1.2635024786e+00    5.3518112614e+02    5.3500000000e+02    0.0000000000e+00   -4.5947292103e+01    9.9246979834e-01    9.9813084112e-01
       223   -4.5952355911e+01    1.1530855297e+00    5.3809366767e+02    5.3800000000e+02    0.0000000000e+00   -4.5951911239e+01    9.9386462226e-01    9.9442379182e-01
       224   -4.5953929666e+01    1.3896817342e+00    5.3899083818e+02    5.3900000000e+02    0.0000000000e+00   -4.5957557886e+01    9.9355845621e-01    9.9257884972e-01
       225   -4.5866777384e+01    1.2721459759e+00    5.3674985012e+02    5.3700000000e+02    0.0000000000e+00   -4.5959448590e+01    9.9384676445e-01    9.9255121043e-01
       226   -4.5962744847e+01    1.2506681882e+00    5.3482510469e+02    5.3500000000e+02    0.0000000000e+00   -4.5955081703e+01    9.9505077243e-01    9.9252336449e-01
       227   -4.5912403807e+01    1.2905552121e+00    5.3092094954e+02    5.3100000000e+02    0.0000000000e+00   -4.5951754407e+01    9.9360686607e-01    9.9435028249e-01
       228   -4.5923280446e+01    1.2592966012e+00    5.3085846474e+02    5.3100000000e+02    0.0000000000e+00   -4.5944448263e+01    9.9445566791e-01    9.9435028249e-01
       229   -4.5899419401e+01    1.4162673115e+00    5.2981924980e+02    5.3000000000e+02    0.0000000000e+00   -4.5944402912e+01    9.9231401805e-01    9.9433962264e-01
       230   -4.5945835949e+01    1.5082999593e+00    5.3191447659e+02    5.3200000000e+02    0.0000000000e+00   -4.5942401416e+01    9.9325710184e-01    1.0000000000e+00
       231   -4.5910915348e+01    1.2790908042e+00    5.3388734779e+02    5.3400000000e+02    0.0000000000e+00   -4.5946526640e+01    9.9461154457e-01    9.9438202247e-01
       232   -4.5935392290e+01    1.2514041012e+00    5.3488430887e+02    5.3500000000e+02    0.0000000000e+00   -4.5950240793e+01    9.9365261269e-01    9.9065420561e-01
       233   -4.5912286209e+01    1.2741975915e+00    5.3085370891e+02    5.3100000000e+02    0.0000000000e+00   -4.5952233229e+01    9.9369389633e-01    9.9435028249e-01
       234   -4.5883988408e+01    1.1565668942e+00    5.2876974794e+02    5.2900000000e+02    0.0000000000e+00   -4.5944686891e+01    9.9486596355e-01    9.9243856333e-01
       235   -4.5875226412e+01    1.3454946219e+00    5.2467938029e+02    5.2500000000e+02    0.0000000000e+00   -4.5940639363e+01    9.9403977991e-01    9.9428571429e-01
       236   -4.5894169625e+01    1.3134050884e+00    5.2276226665e+02    5.2300000000e+02    0.0000000000e+00   -4.5932720025e+01    9.9413008932e-01    9.9235181644e-01
       237   -4.5917733206e+01    1.4732706519e+00    5.2389934626e+02    5.2400000000e+02    0.0000000000e+00   -4.5928994537e+01    9.9278174656e-01    9.9236641221e-01
       238   -4.5971512182e+01    2.5559295279e+00    5.2093766105e+02    5.2100000000e+02    0.0000000000e+00   -4.5931211077e+01    9.9300847694e-01    9.9616122841e-01
       239   -4.5915748185e+01    1.3508608395e+00    5.2399186195e+02    5.2400000000e+02    0.0000000000e+00   -4.5925830813e+01    9.9277757472e-01    9.9236641221e-01
       240   -4.6000043877e+01    1.4109882861e+00    5.2415848367e+02    5.2400000000e+02    0.0000000000e+00   -4.5931709416e+01    9.9285576296e-01    9.9427480916e-01
       241   -4.5953680489e+01    1.5674282007e+00    5.2324545504e+02    5.2300000000e+02    0.0000000000e+00   -4.5932441315e+01    9.9375634142e-01    9.9617590822e-01
       242   -4.6023299175e+01    1.6137760146e+00    5.2431242623e+02    5.2400000000e+02    0.0000000000e+00   -4.5930899292e+01    9.9335256942e-01    9.9618320611e-01
       243   -4.5967421792e+01    1.3604314924e+00    5.2534029375e+02    5.2500000000e+02    0.0000000000e+00   -4.5933448132e+01    9.9379254583e-01    9.9619047619e-01
       244   -4.5988455157e+01    1.2344828968e+00    5.2421330534e+02    5.2400000000e+02    0.0000000000e+00   -4.5935664377e+01    9.9400986937e-01    9.9236641221e-01
       245   -4.6016772221e+01    1.3154455822e+00    5.2238001970e+02    5.2200000000e+02    0.0000000000e+00   -4.5933865763e+01    9.9410441704e-01    1.0000000000e+00
       246   -4.5969955525e+01    1.2044881935e+00    5.2330899054e+02    5.2300000000e+02    0.0000000000e+00   -4.5930833573e+01    9.9315027560e-01    9.9426386233e-01
       247   -4.5992726150e+01    1.2204341195e+00    5.2124822872e+02    5.2100000000e+02    0.0000000000e+00   -4.5932871097e+01    9.9320808284e-01    9.9808061420e-01
       248   -4.5960918065e+01    1.3246963508e+00    5.2525220556e+02    5.2500000000e+02    0.0000000000e+00   -4.5929283722e+01    9.9321896412e-01    9.9809523810e-01
       249   -4.5992365752e+01    1.4188838572e+00    5.2518641502e+02    5.2500000000e+02    0.0000000000e+00   -4.5937152201e+01    9.9329581655e-01    9.9428571429e-01
       250   -4.5979117774e+01    1.2720491811e+00    5.2426604025e+02    5.2400000000e+02    0.0000000000e+00   -4.5937378101e+01    9.9559291729e-01    9.9236641221e-01
       251   -4.6003513508e+01    1.4139318673e+00    5.2129837764e+02    5.2100000000e+02    0.0000000000e+00   -4.5935914863e+01    9.9317457859e-01    9.9424184261e-01
       252   -4.5994495198e+01    1.3065645408e+00    5.2235605607e+02    5.2200000000e+02    0.0000000000e+00   -4.5930631596e+01    9.9345791649e-01    9.9616858238e-01
       253   -4.6030199427e+01    1.4252880433e+00    5.2139438574e+02    5.2100000000e+02    0.0000000000e+00   -4.5933009809e+01    9.9325668573e-01    9.9616122841e-01
       254   -4.6021184158e+01    1.3921692635e+00    5.2251263803e+02    5.2200000000e+02    0.0000000000e+00   -4.5931668004e+01    9.9289712079e-01    9.8659003831e-01
       255   -4.5976106418e+01    1.2109164627e+00    5.1735200076e+02    5.1700000000e+02    0.0000000000e+00   -4.5934268732e+01    9.9250604578e-01    9.9613152805e-01
       256   -4.5986516382e+01    1.1317069482e+00    5.2031553528e+02    5.2000000000e+02    0.0000000000e+00   -4.5924606455e+01    9.9394820067e-01    9.9423076923e-01
       257   -4.6009119511e+01    1.1523898772e+00    5.1936544815e+02    5.1900000000e+02    0.0000000000e+00   -4.5930623486e+01    9.9376363697e-01    9.9807321773e-01
       258   -4.6062624776e+01    1.3492378533e+00    5.2054467722e+02    5.2000000000e+02    0.0000000000e+00   -4.5929193342e+01    9.9317511713e-01    9.9230769231e-01
       259   -4.6005910377e+01    1.2265764323e+00    5.1853092198e+02    5.1800000000e+02    0.0000000000e+00   -4.5932079340e+01    9.9297141148e-01    9.9806949807e-01
       260   -4.6024005883e+01    1.4486911232e+00    5.1741978419e+02    5.1700000000e+02    0.0000000000e+00   -4.5928579876e+01    9.9425429441e-01    1.0000000000e+00
       261   -4.5991276877e+01    1.1968174534e+00    5.2039669022e+02    5.2000000000e+02    0.0000000000e+00   -4.5926883272e+01    9.9355752768e-01    9.9615384615e-01
       262   -4.5933857683e+01    1.2783877705e+00    5.1913745366e+02    5.1900000000e+02    0.0000000000e+00   -4.5932929753e+01    9.9309611850e-01    9.9421965318e-01
       263   -4.5987702448e+01    1.2691043470e+00    5.2018437670e+02    5.2000000000e+02    0.0000000000e+00   -4.5930577817e+01    9.9429430118e-01    9.9615384615e-01
       264   -4.5952183203e+01    1.1602269357e+00    5.2323624275e+02    5.2300000000e+02    0.0000000000e+00   -4.5932883301e+01    9.9309511149e-01    9.9426386233e-01
       265   -4.5975105168e+01    1.3910823332e+00    5.2211294101e+02    5.2200000000e+02    0.0000000000e+00   -4.5938876555e+01    9.9125187568e-01    1.0000000000e+00
       266   -4.5976549283e+01    1.4387876402e+00    5.2520441661e+02    5.2500000000e+02    0.0000000000e+00   -4.5936962929e+01    9.9354811656e-01    1.0000000000e+00
       267   -4.5964174559e+01    1.5905720305e+00    5.2510889074e+02    5.2500000000e+02    0.0000000000e+00   -4.5943106010e+01    9.9298662357e-01    9.9428571429e-01
       268   -4.5877825703e+01    4.3534185138e+00    5.2386369075e+02    5.2400000000e+02    0.0000000000e+00   -4.5943111737e+01    9.9323991572e-01    9.9618320611e-01
       269   -4.5857887405e+01    5.0610937880e+00    5.2255749612e+02    5.2300000000e+02    0.0000000000e+00   -4.5940576941e+01    9.9289787884e-01    9.9617590822e-01
       270   -4.5938353572e+01    1.1957469012e+00    5.2272187486e+02    5.2300000000e+02    0.0000000000e+00   -4.5937841310e+01    9.9453491009e-01    9.9426386233e-01
       271   -4.5935673852e+01    1.2112179868e+00    5.2300950161e+02    5.2300000000e+02    0.0000000000e+00   -4.5938239184e+01    9.9158730913e-01    9.9617590822e-01
       272   -4.5939383893e+01    1.3767741282e+00    5.2198497580e+02    5.2200000000e+02    0.0000000000e+00   -4.5938861343e+01    9.9473606185e-01    9.9808429119e-01
       273   -4.5957680287e+01    1.4226531395e+00    5.2406422217e+02    5.2400000000e+02    0.0000000000e+00   -4.5936986673e+01    9.9293198491e-01    9.9236641221e-01
       274   -4.5984160831e+01    1.3025967998e+00    5.2216331412e+02    5.2200000000e+02    0.0000000000e+00   -4.5941119617e+01    9.9218338974e-01    1.0000000000e+00
       275   -4.5960327738e+01    1.1811168237e+00    5.2215062644e+02    5.2200000000e+02    0.0000000000e+00   -4.5937745901e+01    9.9321841565e-01    9.9616858238e-01
       276   -4.5946882692e+01    1.7752272569e+00    5.2107469303e+02    5.2100000000e+02    0.0000000000e+00   -4.5937886593e+01    9.9286419458e-01    1.0000000000e+00
       277   -4.5969646539e+01    1.2294146558e+00    5.2309763828e+02    5.2300000000e+02    0.0000000000e+00   -4.5935935278e+01    9.9364705107e-01    9.9617590822e-01
       278   -4.5923603507e+01    1.2553047438e+00    5.2303326094e+02    5.2300000000e+02    0.0000000000e+00   -4.5940008777e+01    9.9341792087e-01    9.9617590822e-01
       279   -4.5985251288e+01    1.3337083776e+00    5.2406937905e+02    5.2400000000e+02    0.0000000000e+00   -4.5939905152e+01    9.9363918222e-01    9.9618320611e-01
       280   -4.5965904271e+01    1.4809808707e+00    5.2316325636e+02    5.2300000000e+02    0.0000000000e+00   -4.5942140582e+01    9.9406926490e-01    9.9808795411e-01
       281   -4.5960189946e+01    1.2975843391e+00    5.2611889387e+02    5.2600000000e+02    0.0000000000e+00   -4.5940590391e+01    9.9309360207e-01    9.9429657795e-01
       282   -4.5981589348e+01    1.3434471090e+00    5.2612685949e+02    5.2600000000e+02    0.0000000000e+00   -4.5946381175e+01    9.9074123485e-01    9.8288973384e-01
       283   -4.5976500191e+01    1.2959912886e+00    5.1922575940e+02    5.1900000000e+02    0.0000000000e+00   -4.5946633619e+01    9.9231153014e-01    1.0000000000e+00
       284   -4.5951847055e+01    1.1001555133e+00    5.2315825097e+02    5.2300000000e+02    0.0000000000e+00   -4.5933646264e+01    9.9261620653e-01    9.9426386233e-01
       285   -4.5962797653e+01    1.3368483289e+00    5.2107425803e+02    5.2100000000e+02    0.0000000000e+00   -4.5941313053e+01    9.9381385957e-01    9.9808061420e-01
       286   -4.5942768970e+01    1.3656825878e+00    5.2306661138e+02    5.2300000000e+02    0.0000000000e+00   -4.5937483432e+01    9.9212412195e-01    9.9617590822e-01
       287   -4.5941599772e+01    1.3085569203e+00    5.2198436586e+02    5.2200000000e+02    0.0000000000e+00   -4.5941385284e+01    9.9202804968e-01    9.9616858238e-01
       288   -4.6000521162e+01    1.5942068331e+00    5.2014929298e+02    5.2000000000e+02    0.0000000000e+00   -4.5939394694e+01    9.9358298179e-01    1.0000000000e+00
       289   -4.6007319085e+01    2.0467972048e+00    5.2318171692e+02    5.2300000000e+02    0.0000000000e+00   -4.5936171960e+01    9.9354722747e-01    9.9043977055e-01
       290   -4.5945709244e+01    1.3270232919e+00    5.2010271129e+02    5.2000000000e+02    0.0000000000e+00   -4.5942306937e+01    9.9193386707e-01    1.0000000000e+00
       291   -4.5977886190e+01    1.4967927341e+00    5.2112418833e+02    5.2100000000e+02    0.0000000000e+00   -4.5936496671e+01    9.9328033389e-01    9.9808061420e-01
       292   -4.6039199712e+01    2.0636081376e+00    5.2231532222e+02    5.2200000000e+02    0.0000000000e+00   -4.5938668630e+01    9.9394291930e-01    9.9042145594e-01
       293   -4.6003571476e+01    1.2263194365e+00    5.1836158553e+02    5.1800000000e+02    0.0000000000e+00   -4.5941384671e+01    9.9293334128e-01    9.9806949807e-01
       294   -4.6033130864e+01    1.5438886070e+00    5.2147112139e+02    5.2100000000e+02    0.0000000000e+00   -4.5934085998e+01    9.9258200399e-01    9.9808061420e-01
       295   -4.5987199857e+01    1.1749163622e+00    5.2235384779e+02    5.2200000000e+02    0.0000000000e+00   -4.5940471921e+01    9.9404661240e-01    9.9808429119e-01
       296   -4.6028098952e+01    1.2804021936e+00    5.2231354750e+02    5.2200000000e+02    0.0000000000e+00   -4.5942398966e+01    9.9404822227e-01    9.9808429119e-01
       297   -4.6001257332e+01    1.4752739581e+00    5.2336357829e+02    5.2300000000e+02    0.0000000000e+00   -4.5942703474e+01    9.9389495720e-01    9.9617590822e-01
       298   -4.5989570987e+01    1.5612660528e+00    5.2326138228e+02    5.2300000000e+02    0.0000000000e+00   -4.5944994166e+01    9.9327555644e-01    9.9426386233e-01
       299   -4.6025244146e+01    1.3301371965e+00    5.2132779227e+02    5.2100000000e+02    0.0000000000e+00   -4.5945037333e+01    9.9389588082e-01    9.9616122841e-01
