#   index    LocalEnergy         LocalEnergy_sq      LocalPotential      Kinetic             LocalECP            NonLocalECP         ElecElec            IonIon              MPC                 BlockWeight         BlockCPU            AcceptRatio         
         0   -4.5176958190e+01    2.0422152993e+03   -8.2642837105e+01    3.7465878915e+01   -2.2721892841e+01    2.3985152873e+00   -1.1216781471e+01   -5.1102678081e+01   -1.0931930546e+01    5.1200000000e+02    1.0098233360e+00    7.1938069661e-01
         1   -4.5198900792e+01    2.0441704144e+03   -8.2131143784e+01    3.6932242992e+01   -2.2607228303e+01    2.6545799071e+00   -1.1075817308e+01   -5.1102678081e+01   -1.0797507640e+01    5.1200000000e+02    1.0369904160e+00    7.2178141276e-01
         2   -4.5204547381e+01    2.0446626243e+03   -8.2187648692e+01    3.6983101312e+01   -2.2437764026e+01    2.4303258318e+00   -1.1077532416e+01   -5.1102678081e+01   -1.0802916048e+01    5.1200000000e+02    1.0160918440e+00    7.1858723958e-01
         3   -4.5245766479e+01    2.0487337615e+03   -8.3426553903e+01    3.8180787424e+01   -2.2744417685e+01    1.8484972394e+00   -1.1427955375e+01   -5.1102678081e+01   -1.1139055820e+01    5.1200000000e+02    1.0021932150e+00    7.1809895833e-01
         4   -4.5163194652e+01    2.0411146168e+03   -8.2226581938e+01    3.7063387285e+01   -2.2829666974e+01    2.9392306133e+00   -1.1233467496e+01   -5.1102678081e+01   -1.0953184177e+01    5.1200000000e+02    1.0032723780e+00    7.1748860677e-01
         5   -4.5281640361e+01    2.0518203755e+03   -8.2238455584e+01    3.6956815223e+01   -2.2614861701e+01    2.6407703158e+00   -1.1161686117e+01   -5.1102678081e+01   -1.0855661612e+01    5.1200000000e+02    9.9896803800e-01    7.1647135417e-01
         6   -4.5379632276e+01    2.0610482999e+03   -8.2464160968e+01    3.7084528692e+01   -2.3178353157e+01    2.7908034688e+00   -1.0973933198e+01   -5.1102678081e+01   -1.0684246929e+01    5.1200000000e+02    1.0318087850e+00    7.2194417318e-01
         7   -4.5166977766e+01    2.0415854095e+03   -8.2483717082e+01    3.7316739316e+01   -2.3082852760e+01    2.8441683039e+00   -1.1142354545e+01   -5.1102678081e+01   -1.0853057442e+01    5.1200000000e+02    1.0294396190e+00    7.2064208984e-01
         8   -4.5170057670e+01    2.0416273020e+03   -8.2018629308e+01    3.6848571638e+01   -2.2918976534e+01    3.0001132995e+00   -1.0997087993e+01   -5.1102678081e+01   -1.0704607638e+01    5.1200000000e+02    1.0128691390e+00    7.1997070312e-01
         9   -4.5149221647e+01    2.0396959872e+03   -8.2085887170e+01    3.6936665523e+01   -2.2407241334e+01    2.4992672336e+00   -1.1075234988e+01   -5.1102678081e+01   -1.0776432393e+01    5.1200000000e+02    1.0174838340e+00    7.2094726562e-01
        10   -4.5276258827e+01    2.0513591174e+03   -8.1835779580e+01    3.6559520753e+01   -2.2478875686e+01    2.9050021479e+00   -1.1159227960e+01   -5.1102678081e+01   -1.0866779241e+01    5.1200000000e+02    1.0043574100e+00    7.2235107422e-01
        11   -4.5160478444e+01    2.0408137315e+03   -8.2275490070e+01    3.7115011626e+01   -2.2679825151e+01    2.7741956749e+00   -1.1267182513e+01   -5.1102678081e+01   -1.0974396750e+01    5.1200000000e+02    1.0118275920e+00    7.1858723958e-01
        12   -4.5301876459e+01    2.0537223735e+03   -8.2648544018e+01    3.7346667559e+01   -2.2888591713e+01    2.6018739160e+00   -1.1259148140e+01   -5.1102678081e+01   -1.0981583006e+01    5.1200000000e+02    1.0133144190e+00    7.1820068359e-01
        13   -4.5142762427e+01    2.0395534526e+03   -8.2307296392e+01    3.7164533965e+01   -2.2727332987e+01    2.7551483298e+00   -1.1232433653e+01   -5.1102678081e+01   -1.0952770779e+01    5.1200000000e+02    1.0385376410e+00    7.2460937500e-01
        14   -4.5293040641e+01    2.0528861844e+03   -8.2782816181e+01    3.7489775541e+01   -2.3291028725e+01    2.6855090895e+00   -1.1074618464e+01   -5.1102678081e+01   -1.0786452654e+01    5.1200000000e+02    1.0175160630e+00    7.2096761068e-01
        15   -4.5233712513e+01    2.0475285063e+03   -8.2327014191e+01    3.7093301677e+01   -2.3330806795e+01    3.1565617672e+00   -1.1050091082e+01   -5.1102678081e+01   -1.0771926185e+01    5.1200000000e+02    1.0103684510e+00    7.1767171224e-01
        16   -4.5216463205e+01    2.0461085153e+03   -8.3261703919e+01    3.8045240714e+01   -2.3732145521e+01    2.6872896876e+00   -1.1114170005e+01   -5.1102678081e+01   -1.0828497052e+01    5.1200000000e+02    1.0040095350e+00    7.1934000651e-01
        17   -4.5209634696e+01    2.0454864336e+03   -8.2324669658e+01    3.7115034962e+01   -2.3428989827e+01    3.0040769495e+00   -1.0797078699e+01   -5.1102678081e+01   -1.0492027005e+01    5.1200000000e+02    1.0138741040e+00    7.1779378255e-01
        18   -4.5251526847e+01    2.0492254289e+03   -8.2444162793e+01    3.7192635947e+01   -2.2596076768e+01    2.5250391275e+00   -1.1270447072e+01   -5.1102678081e+01   -1.0975191245e+01    5.1200000000e+02    1.0043210620e+00    7.2141520182e-01
        19   -4.5223816704e+01    2.0466813944e+03   -8.2585942883e+01    3.7362126179e+01   -2.2826110559e+01    2.4398380043e+00   -1.1096992247e+01   -5.1102678081e+01   -1.0804648705e+01    5.1200000000e+02    1.0130907790e+00    7.1986897786e-01
        20   -4.5216759896e+01    2.0463083022e+03   -8.2947255022e+01    3.7730495125e+01   -2.3202820721e+01    2.4498176772e+00   -1.1091573897e+01   -5.1102678081e+01   -1.0795559542e+01    5.1200000000e+02    9.9426372800e-01    7.1864827474e-01
        21   -4.5143794668e+01    2.0392513121e+03   -8.2229642053e+01    3.7085847384e+01   -2.2994566614e+01    2.9873099984e+00   -1.1119707356e+01   -5.1102678081e+01   -1.0831811761e+01    5.1200000000e+02    9.9796741800e-01    7.1838378906e-01
        22   -4.5283300318e+01    2.0522443127e+03   -8.2407814856e+01    3.7124514538e+01   -2.2989139602e+01    2.7610528403e+00   -1.1077050013e+01   -5.1102678081e+01   -1.0792713133e+01    5.1200000000e+02    1.0384186240e+00    7.2123209635e-01
        23   -4.5210740606e+01    2.0455600345e+03   -8.2913960956e+01    3.7703220350e+01   -2.3632094634e+01    2.8366115826e+00   -1.1015799824e+01   -5.1102678081e+01   -1.0728292624e+01    5.1200000000e+02    1.0384158320e+00    7.1895345052e-01
        24   -4.5143348054e+01    2.0393102576e+03   -8.2751304785e+01    3.7607956731e+01   -2.3228369648e+01    2.6000805137e+00   -1.1020337570e+01   -5.1102678081e+01   -1.0735283699e+01    5.1200000000e+02    1.0133955990e+00    7.2300211589e-01
        25   -4.5281612026e+01    2.0517437012e+03   -8.2803358575e+01    3.7521746549e+01   -2.3298622884e+01    2.7407143501e+00   -1.1142771960e+01   -5.1102678081e+01   -1.0871089507e+01    5.1200000000e+02    1.0543569020e+00    7.1883138021e-01
        26   -4.5201583896e+01    2.0445338410e+03   -8.2473835086e+01    3.7272251189e+01   -2.3098354188e+01    2.7429908819e+00   -1.1015793699e+01   -5.1102678081e+01   -1.0708351118e+01    5.1200000000e+02    1.0787210980e+00    7.2074381510e-01
        27   -4.5260241155e+01    2.0497868427e+03   -8.1614673924e+01    3.6354432770e+01   -2.2482353272e+01    2.9480158330e+00   -1.0977658404e+01   -5.1102678081e+01   -1.0681934238e+01    5.1200000000e+02    1.0543343760e+00    7.2086588542e-01
        28   -4.5228108444e+01    2.0469336491e+03   -8.2403205878e+01    3.7175097434e+01   -2.3004437140e+01    2.8284233859e+00   -1.1124514043e+01   -5.1102678081e+01   -1.0841784211e+01    5.1200000000e+02    1.0095496050e+00    7.1942138672e-01
        29   -4.5269790015e+01    2.0508183126e+03   -8.3009717937e+01    3.7739927922e+01   -2.3347840437e+01    2.6859528251e+00   -1.1245152244e+01   -5.1102678081e+01   -1.0981155750e+01    5.1200000000e+02    1.0290994790e+00    7.1870930990e-01
        30   -4.5268302018e+01    2.0507175223e+03   -8.2955117648e+01    3.7686815630e+01   -2.3672603225e+01    3.0433043837e+00   -1.1223140725e+01   -5.1102678081e+01   -1.0952885837e+01    5.1200000000e+02    1.0082797790e+00    7.1343994141e-01
        31   -4.5314512484e+01    2.0548521187e+03   -8.2681403411e+01    3.7366890927e+01   -2.3094159107e+01    2.7266433861e+00   -1.1211209609e+01   -5.1102678081e+01   -1.0924693934e+01    5.1200000000e+02    1.0082179170e+00    7.1960449219e-01
        32   -4.5259716000e+01    2.0496297673e+03   -8.2539172108e+01    3.7279456108e+01   -2.3299309404e+01    3.1331108227e+00   -1.1270295446e+01   -5.1102678081e+01   -1.0972385532e+01    5.1200000000e+02    1.0106220230e+00    7.1818033854e-01
        33   -4.5370389295e+01    2.0597661812e+03   -8.2768888887e+01    3.7398499592e+01   -2.2853823324e+01    2.4815951174e+00   -1.1293982599e+01   -5.1102678081e+01   -1.1013941300e+01    5.1200000000e+02    1.0053164930e+00    7.2302246094e-01
        34   -4.5277273957e+01    2.0513215206e+03   -8.1970049197e+01    3.6692775240e+01   -2.2544374812e+01    2.9169560192e+00   -1.1239952323e+01   -5.1102678081e+01   -1.0953188640e+01    5.1200000000e+02    1.0440450760e+00    7.1791585286e-01
        35   -4.5312245164e+01    2.0545882668e+03   -8.1981205556e+01    3.6668960393e+01   -2.2362675335e+01    2.6205426078e+00   -1.1136394748e+01   -5.1102678081e+01   -1.0870658388e+01    5.1200000000e+02    1.0017470060e+00    7.1885172526e-01
        36   -4.5137711837e+01    2.0387967948e+03   -8.2271533587e+01    3.7133821750e+01   -2.2664266435e+01    2.6111304982e+00   -1.1115719570e+01   -5.1102678081e+01   -1.0846163798e+01    5.1200000000e+02    1.0138245470e+00    7.1956380208e-01
        37   -4.5222286888e+01    2.0462699559e+03   -8.2284631314e+01    3.7062344426e+01   -2.2982435455e+01    2.9219106561e+00   -1.1121428434e+01   -5.1102678081e+01   -1.0860938261e+01    5.1200000000e+02    1.0156558980e+00    7.1681722005e-01
        38   -4.5253700931e+01    2.0492215151e+03   -8.2310501681e+01    3.7056800751e+01   -2.2876943368e+01    3.0441136069e+00   -1.1374993839e+01   -5.1102678081e+01   -1.1108864876e+01    5.1200000000e+02    1.0188260850e+00    7.1561686198e-01
        39   -4.5211673410e+01    2.0453048959e+03   -8.2404395775e+01    3.7192722366e+01   -2.2865625465e+01    2.6869359380e+00   -1.1123028167e+01   -5.1102678081e+01   -1.0844232910e+01    5.1200000000e+02    1.0398502650e+00    7.2365315755e-01
        40   -4.5286669597e+01    2.0522075854e+03   -8.2815161874e+01    3.7528492277e+01   -2.3686967162e+01    2.9272086331e+00   -1.0952725264e+01   -5.1102678081e+01   -1.0677881656e+01    5.1200000000e+02    1.0322240300e+00    7.2320556641e-01
        41   -4.5181430374e+01    2.0427206763e+03   -8.3052515336e+01    3.7871084963e+01   -2.3865003054e+01    2.8010327132e+00   -1.0885866914e+01   -5.1102678081e+01   -1.0611831928e+01    5.1200000000e+02    1.0252309750e+00    7.1872965495e-01
        42   -4.5250906937e+01    2.0491509948e+03   -8.2001100843e+01    3.6750193906e+01   -2.2306040765e+01    2.6524671500e+00   -1.1244849147e+01   -5.1102678081e+01   -1.0970602702e+01    5.1200000000e+02    1.0405724520e+00    7.1980794271e-01
        43   -4.5165402067e+01    2.0411254575e+03   -8.2636117581e+01    3.7470715514e+01   -2.3239818377e+01    2.8708601214e+00   -1.1164481245e+01   -5.1102678081e+01   -1.0870707719e+01    5.1200000000e+02    1.0451086990e+00    7.1864827474e-01
        44   -4.5293574773e+01    2.0529999610e+03   -8.2698231350e+01    3.7404656577e+01   -2.3531064786e+01    2.9598804246e+00   -1.1024368908e+01   -5.1102678081e+01   -1.0729854043e+01    5.1200000000e+02    1.0494393610e+00    7.1744791667e-01
        45   -4.5247891000e+01    2.0488917111e+03   -8.2814327258e+01    3.7566436257e+01   -2.2974745113e+01    2.5272040533e+00   -1.1264108117e+01   -5.1102678081e+01   -1.0976796109e+01    5.1200000000e+02    1.0694685010e+00    7.1877034505e-01
        46   -4.5224191621e+01    2.0465858937e+03   -8.2709585864e+01    3.7485394243e+01   -2.2817105357e+01    2.3822573003e+00   -1.1172059726e+01   -5.1102678081e+01   -1.0920393288e+01    5.1200000000e+02    1.0585242210e+00    7.1813964844e-01
        47   -4.5140132659e+01    2.0388957127e+03   -8.2286936915e+01    3.7146804256e+01   -2.2479830466e+01    2.5467489054e+00   -1.1251177273e+01   -5.1102678081e+01   -1.0964265596e+01    5.1200000000e+02    1.0335597820e+00    7.2080485026e-01
        48   -4.5202146073e+01    2.0447257854e+03   -8.2459920277e+01    3.7257774204e+01   -2.2806720530e+01    2.6755714630e+00   -1.1226093129e+01   -5.1102678081e+01   -1.0940429874e+01    5.1200000000e+02    1.0514145020e+00    7.1667480469e-01
        49   -4.5204892569e+01    2.0448492258e+03   -8.2053375706e+01    3.6848483137e+01   -2.2797155035e+01    3.0264467844e+00   -1.1179989374e+01   -5.1102678081e+01   -1.0903638129e+01    5.1200000000e+02    1.0413308990e+00    7.2403971354e-01
        50   -4.5302961244e+01    2.0542310503e+03   -8.2378278828e+01    3.7075317583e+01   -2.2565382368e+01    2.6773506231e+00   -1.1387569001e+01   -5.1102678081e+01   -1.1107338219e+01    5.1200000000e+02    1.0084209370e+00    7.1832275391e-01
        51   -4.5220986098e+01    2.0464012826e+03   -8.2011674096e+01    3.6790687998e+01   -2.2400023479e+01    2.6561389191e+00   -1.1165111455e+01   -5.1102678081e+01   -1.0881196100e+01    5.1200000000e+02    1.0090351520e+00    7.1978759766e-01
        52   -4.5200484878e+01    2.0444266546e+03   -8.2228354700e+01    3.7027869822e+01   -2.2371674174e+01    2.6368743081e+00   -1.1390876753e+01   -5.1102678081e+01   -1.1118698310e+01    5.1200000000e+02    1.0070505020e+00    7.2068277995e-01
        53   -4.5230448225e+01    2.0471833301e+03   -8.2181443838e+01    3.6950995613e+01   -2.2836810616e+01    2.7891856105e+00   -1.1031140751e+01   -5.1102678081e+01   -1.0739575909e+01    5.1200000000e+02    1.0144055620e+00    7.1921793620e-01
        54   -4.5183874386e+01    2.0429295735e+03   -8.2628403557e+01    3.7444529171e+01   -2.2730670415e+01    2.3390734577e+00   -1.1134128519e+01   -5.1102678081e+01   -1.0845804455e+01    5.1200000000e+02    1.0224087540e+00    7.1895345052e-01
        55   -4.5223557479e+01    2.0465383400e+03   -8.2110875606e+01    3.6887318128e+01   -2.2486150886e+01    2.7319605716e+00   -1.1254007211e+01   -5.1102678081e+01   -1.0974567150e+01    5.1200000000e+02    1.0102530270e+00    7.2106933594e-01
        56   -4.5263168883e+01    2.0499926094e+03   -8.2123628594e+01    3.6860459711e+01   -2.2412149377e+01    2.8041939641e+00   -1.1412995100e+01   -5.1102678081e+01   -1.1125746120e+01    5.1200000000e+02    1.0179464110e+00    7.2123209635e-01
        57   -4.5311669841e+01    2.0545008670e+03   -8.2409887066e+01    3.7098217225e+01   -2.2477733766e+01    2.7066128729e+00   -1.1536088091e+01   -5.1102678081e+01   -1.1267244815e+01    5.1200000000e+02    1.0067186400e+00    7.2184244792e-01
        58   -4.5240387814e+01    2.0480143449e+03   -8.2336574209e+01    3.7096186395e+01   -2.3035096917e+01    3.0628580425e+00   -1.1261657254e+01   -5.1102678081e+01   -1.0982916183e+01    5.1200000000e+02    1.0023324860e+00    7.1999104818e-01
        59   -4.5215026974e+01    2.0460213357e+03   -8.2628941364e+01    3.7413914390e+01   -2.2915465970e+01    2.7509684091e+00   -1.1361765722e+01   -5.1102678081e+01   -1.1081208019e+01    5.1200000000e+02    1.0254345550e+00    7.1883138021e-01
        60   -4.5266373514e+01    2.0502726883e+03   -8.2066247433e+01    3.6799873919e+01   -2.2329801892e+01    2.4817952243e+00   -1.1115562684e+01   -5.1102678081e+01   -1.0836652790e+01    5.1200000000e+02    1.0070896510e+00    7.2231038411e-01
        61   -4.5272356347e+01    2.0511227854e+03   -8.2264657590e+01    3.6992301244e+01   -2.2817830292e+01    2.6937126247e+00   -1.1037861842e+01   -5.1102678081e+01   -1.0765811143e+01    5.1200000000e+02    1.0102871750e+00    7.1783447266e-01
        62   -4.5371355909e+01    2.0601257197e+03   -8.2599891663e+01    3.7228535754e+01   -2.3233301541e+01    3.0378209591e+00   -1.1301733000e+01   -5.1102678081e+01   -1.1025935263e+01    5.1200000000e+02    1.0068928290e+00    7.2076416016e-01
        63   -4.5292115170e+01    2.0526698820e+03   -8.2217809975e+01    3.6925694804e+01   -2.2455858561e+01    2.7423122200e+00   -1.1401585552e+01   -5.1102678081e+01   -1.1108817999e+01    5.1200000000e+02    1.0138971960e+00    7.2066243490e-01
        64   -4.5207797179e+01    2.0453226822e+03   -8.2623740713e+01    3.7415943533e+01   -2.2916744206e+01    2.7377553433e+00   -1.1342073768e+01   -5.1102678081e+01   -1.1044641059e+01    5.1200000000e+02    1.0010167290e+00    7.1978759766e-01
        65   -4.5248836960e+01    2.0486649379e+03   -8.2334777070e+01    3.7085940110e+01   -2.2683931071e+01    2.7003466052e+00   -1.1248514523e+01   -5.1102678081e+01   -1.0953810497e+01    5.1200000000e+02    1.0017861970e+00    7.1895345052e-01
        66   -4.5220128728e+01    2.0463202870e+03   -8.2833187142e+01    3.7613058414e+01   -2.2865050590e+01    2.3771163888e+00   -1.1242574859e+01   -5.1102678081e+01   -1.0960723053e+01    5.1200000000e+02    1.0130848270e+00    7.1584065755e-01
        67   -4.5245354966e+01    2.0482824429e+03   -8.2860490550e+01    3.7615135585e+01   -2.3131202013e+01    2.6417240903e+00   -1.1268334546e+01   -5.1102678081e+01   -1.0982589915e+01    5.1200000000e+02    1.0022546600e+00    7.1993001302e-01
        68   -4.5291498090e+01    2.0527107273e+03   -8.2536362149e+01    3.7244864059e+01   -2.3049666543e+01    2.7364299811e+00   -1.1120447505e+01   -5.1102678081e+01   -1.0841984910e+01    5.1200000000e+02    1.0421511550e+00    7.1777343750e-01
        69   -4.5157350647e+01    2.0404722909e+03   -8.2507410206e+01    3.7350059559e+01   -2.3184405934e+01    2.9388896014e+00   -1.1159215792e+01   -5.1102678081e+01   -1.0878586183e+01    5.1200000000e+02    1.0183967900e+00    7.1956380208e-01
        70   -4.5245132545e+01    2.0483942890e+03   -8.1234536239e+01    3.5989403694e+01   -2.1786737234e+01    2.7475998384e+00   -1.1092720762e+01   -5.1102678081e+01   -1.0794542841e+01    5.1200000000e+02    1.0347161340e+00    7.1938069661e-01
        71   -4.5120658156e+01    2.0438412587e+03   -8.1382249371e+01    3.6261591216e+01   -2.2451431666e+01    3.2437963742e+00   -1.1071935998e+01   -5.1102678081e+01   -1.0786085677e+01    5.1200000000e+02    1.0124039350e+00    7.2131347656e-01
        72   -4.5166681643e+01    2.0413653371e+03   -8.1981434464e+01    3.6814752822e+01   -2.2639524082e+01    2.9468156505e+00   -1.1186047952e+01   -5.1102678081e+01   -1.0892287849e+01    5.1200000000e+02    1.0040728000e+00    7.1883138021e-01
        73   -4.5279684591e+01    2.0517238678e+03   -8.1902781523e+01    3.6623096932e+01   -2.2438374747e+01    2.8368768350e+00   -1.1198605530e+01   -5.1102678081e+01   -1.0919158922e+01    5.1200000000e+02    1.0101040280e+00    7.2153727214e-01
        74   -4.5198195235e+01    2.0441021083e+03   -8.1504462002e+01    3.6306266768e+01   -2.2321344634e+01    3.0227218252e+00   -1.1103161113e+01   -5.1102678081e+01   -1.0826417668e+01    5.1200000000e+02    1.0180812650e+00    7.1769205729e-01
        75   -4.5340934393e+01    2.0581095310e+03   -8.2340826247e+01    3.6999891854e+01   -2.2680154527e+01    2.6843453316e+00   -1.1242338971e+01   -5.1102678081e+01   -1.0964050555e+01    5.1200000000e+02    1.0381728530e+00    7.2186279297e-01
        76   -4.5267707013e+01    2.0506383758e+03   -8.2092927971e+01    3.6825220957e+01   -2.2529727416e+01    2.6504286920e+00   -1.1110951166e+01   -5.1102678081e+01   -1.0840612739e+01    5.1200000000e+02    1.0459351070e+00    7.2117106120e-01
        77   -4.5263289481e+01    2.0501027739e+03   -8.2107746654e+01    3.6844457174e+01   -2.2326572880e+01    2.4823986761e+00   -1.1160894369e+01   -5.1102678081e+01   -1.0882715706e+01    5.1200000000e+02    1.0440102840e+00    7.2530110677e-01
        78   -4.5325015228e+01    2.0557498969e+03   -8.2729485323e+01    3.7404470095e+01   -2.2891027954e+01    2.3945910824e+00   -1.1130370370e+01   -5.1102678081e+01   -1.0846619244e+01    5.1200000000e+02    1.0353281900e+00    7.2041829427e-01
        79   -4.5359054633e+01    2.0591390885e+03   -8.2360001085e+01    3.7000946452e+01   -2.2819600347e+01    2.8211502430e+00   -1.1258872900e+01   -5.1102678081e+01   -1.0974613520e+01    5.1200000000e+02    1.0568228170e+00    7.2092692057e-01
        80   -4.5259925749e+01    2.0499882426e+03   -8.2443271602e+01    3.7183345853e+01   -2.3247276039e+01    3.0281465548e+00   -1.1121464036e+01   -5.1102678081e+01   -1.0838611426e+01    5.1200000000e+02    1.0621220940e+00    7.1931966146e-01
        81   -4.5188752850e+01    2.0435473422e+03   -8.2343365025e+01    3.7154612175e+01   -2.3037527720e+01    2.8239660805e+00   -1.1027125304e+01   -5.1102678081e+01   -1.0734739081e+01    5.1200000000e+02    1.0513327770e+00    7.2184244792e-01
        82   -4.5117986664e+01    2.0369538915e+03   -8.2087793210e+01    3.6969806547e+01   -2.2637327974e+01    2.6286544703e+00   -1.0976441626e+01   -5.1102678081e+01   -1.0687011489e+01    5.1200000000e+02    1.0325885640e+00    7.2141520182e-01
        83   -4.5195980052e+01    2.0441886993e+03   -8.2176355491e+01    3.6980375439e+01   -2.3061190036e+01    3.0754632897e+00   -1.1087950664e+01   -5.1102678081e+01   -1.0789166273e+01    5.1200000000e+02    1.0310780920e+00    7.1490478516e-01
        84   -4.5148076074e+01    2.0398351699e+03   -8.2384891066e+01    3.7236814991e+01   -2.3053982853e+01    2.7906393500e+00   -1.1018869482e+01   -5.1102678081e+01   -1.0725767600e+01    5.1200000000e+02    1.0230434490e+00    7.2003173828e-01
        85   -4.5239267338e+01    2.0481790463e+03   -8.2681740684e+01    3.7442473346e+01   -2.3166744583e+01    2.6733204731e+00   -1.1085638493e+01   -5.1102678081e+01   -1.0806743741e+01    5.1200000000e+02    1.0322858840e+00    7.2371419271e-01
        86   -4.5215999494e+01    2.0459598283e+03   -8.2571647798e+01    3.7355648304e+01   -2.2872323400e+01    2.6863754237e+00   -1.1283021740e+01   -5.1102678081e+01   -1.1007416938e+01    5.1200000000e+02    1.0232177460e+00    7.1986897786e-01
        87   -4.5238574630e+01    2.0479114178e+03   -8.2264401501e+01    3.7025826871e+01   -2.2444080813e+01    2.5677763556e+00   -1.1285418963e+01   -5.1102678081e+01   -1.1018764160e+01    5.1200000000e+02    1.0127276670e+00    7.2027587891e-01
        88   -4.5270639974e+01    2.0506904996e+03   -8.2181418629e+01    3.6910778655e+01   -2.2714935756e+01    2.9532138178e+00   -1.1317018609e+01   -5.1102678081e+01   -1.1036081804e+01    5.1200000000e+02    1.0170890030e+00    7.2015380859e-01
        89   -4.5271795553e+01    2.0510401565e+03   -8.2707671528e+01    3.7435875976e+01   -2.3173473618e+01    2.8784247376e+00   -1.1309944566e+01   -5.1102678081e+01   -1.1022499369e+01    5.1200000000e+02    1.0287631470e+00    7.1767171224e-01
        90   -4.5292775983e+01    2.0528113893e+03   -8.3009196306e+01    3.7716420323e+01   -2.3583833069e+01    2.8741986056e+00   -1.1196883761e+01   -5.1102678081e+01   -1.0909743814e+01    5.1200000000e+02    1.0263578130e+00    7.1921793620e-01
        91   -4.5189155046e+01    2.0435033842e+03   -8.2584368435e+01    3.7395213389e+01   -2.2872410950e+01    2.3883174707e+00   -1.0997596875e+01   -5.1102678081e+01   -1.0732370204e+01    5.1200000000e+02    1.0184613990e+00    7.1838378906e-01
        92   -4.5207065673e+01    2.0451271865e+03   -8.2452593936e+01    3.7245528263e+01   -2.2863614661e+01    2.7285860565e+00   -1.1214887251e+01   -5.1102678081e+01   -1.0925988184e+01    5.1200000000e+02    1.0376787320e+00    7.1974690755e-01
        93   -4.5234593206e+01    2.0475459969e+03   -8.2749650128e+01    3.7515056922e+01   -2.2641007884e+01    2.3284205632e+00   -1.1334384727e+01   -5.1102678081e+01   -1.1057353514e+01    5.1200000000e+02    1.0325464790e+00    7.2129313151e-01
        94   -4.5237781321e+01    2.0478640161e+03   -8.2704220648e+01    3.7466439327e+01   -2.3178535344e+01    2.8478241650e+00   -1.1270831387e+01   -5.1102678081e+01   -1.1005161890e+01    5.1200000000e+02    1.0289106800e+00    7.2247314453e-01
        95   -4.5260126783e+01    2.0497736338e+03   -8.2051806113e+01    3.6791679330e+01   -2.2511812494e+01    2.7384491130e+00   -1.1175764651e+01   -5.1102678081e+01   -1.0911796413e+01    5.1200000000e+02    1.0334942740e+00    7.1840413411e-01
        96   -4.5281292161e+01    2.0517257078e+03   -8.2075408382e+01    3.6794116221e+01   -2.2473387252e+01    2.8867386057e+00   -1.1386081655e+01   -5.1102678081e+01   -1.1136809391e+01    5.1200000000e+02    1.0690307740e+00    7.2176106771e-01
        97   -4.5183579493e+01    2.0428327264e+03   -8.2811776611e+01    3.7628197117e+01   -2.2796143011e+01    2.3680161660e+00   -1.1280971685e+01   -5.1102678081e+01   -1.1014051020e+01    5.1200000000e+02    1.0638262280e+00    7.2365315755e-01
        98   -4.5290773374e+01    2.0525452953e+03   -8.2265026130e+01    3.6974252756e+01   -2.2501972478e+01    2.6034759098e+00   -1.1263851481e+01   -5.1102678081e+01   -1.0999046741e+01    5.1200000000e+02    1.0132453470e+00    7.1830240885e-01
        99   -4.5213401366e+01    2.0457377710e+03   -8.2431898526e+01    3.7218497160e+01   -2.2687530459e+01    2.6764874584e+00   -1.1318177444e+01   -5.1102678081e+01   -1.1031088422e+01    5.1200000000e+02    1.0285350470e+00    7.2255452474e-01
       100   -4.5266940911e+01    2.0506125658e+03   -8.2414818549e+01    3.7147877638e+01   -2.3068221129e+01    3.0430735792e+00   -1.1286992918e+01   -5.1102678081e+01   -1.1019021776e+01    5.1200000000e+02    1.0129332190e+00    7.2448730469e-01
       101   -4.5194297792e+01    2.0438046060e+03   -8.2120255324e+01    3.6925957532e+01   -2.3252659270e+01    3.3391416901e+00   -1.1104059663e+01   -5.1102678081e+01   -1.0806207263e+01    5.1200000000e+02    1.0173314430e+00    7.2255452474e-01
       102   -4.5159508757e+01    2.0409618863e+03   -8.2441171489e+01    3.7281662732e+01   -2.3268877107e+01    3.0491109049e+00   -1.1118727206e+01   -5.1102678081e+01   -1.0830001470e+01    5.1200000000e+02    1.0204263180e+00    7.2003173828e-01
       103   -4.5269408506e+01    2.0508185420e+03   -8.2482402666e+01    3.7212994160e+01   -2.3142153024e+01    2.9941791101e+00   -1.1231750672e+01   -5.1102678081e+01   -1.0941046429e+01    5.1200000000e+02    1.0204305070e+00    7.1986897786e-01
       104   -4.5207575460e+01    2.0451854529e+03   -8.2259268636e+01    3.7051693176e+01   -2.2264966785e+01    2.3767642628e+00   -1.1268388033e+01   -5.1102678081e+01   -1.0973114605e+01    5.1200000000e+02    1.0271278910e+00    7.2192382812e-01
       105   -4.5234715274e+01    2.0476215572e+03   -8.2100276338e+01    3.6865561064e+01   -2.2167015955e+01    2.4559506868e+00   -1.1286532989e+01   -5.1102678081e+01   -1.1012831525e+01    5.1200000000e+02    1.0388270590e+00    7.1797688802e-01
       106   -4.5311096037e+01    2.0543989426e+03   -8.1964841381e+01    3.6653745344e+01   -2.2414341066e+01    2.8371088824e+00   -1.1284931117e+01   -5.1102678081e+01   -1.1008500493e+01    5.1200000000e+02    1.0084802760e+00    7.2096761068e-01
       107   -4.5273863717e+01    2.0509780420e+03   -8.1811510110e+01    3.6537646393e+01   -2.2515513489e+01    3.0601527153e+00   -1.1253471255e+01   -5.1102678081e+01   -1.0974730364e+01    5.1200000000e+02    1.0039192260e+00    7.2204589844e-01
       108   -4.5092787975e+01    2.0378689004e+03   -8.2804959142e+01    3.7712171167e+01   -2.2683408537e+01    2.1643046577e+00   -1.1183177182e+01   -5.1102678081e+01   -1.0906820529e+01    5.1200000000e+02    1.0094136000e+00    7.2216796875e-01
       109   -4.5208354083e+01    2.0452528868e+03   -8.2215883950e+01    3.7007529866e+01   -2.2900364033e+01    2.8853123049e+00   -1.1098154141e+01   -5.1102678081e+01   -1.0820511373e+01    5.1200000000e+02    1.0216461920e+00    7.1767171224e-01
       110   -4.5189851399e+01    2.0435432618e+03   -8.1718338245e+01    3.6528486847e+01   -2.2093001829e+01    2.5720407973e+00   -1.1094699133e+01   -5.1102678081e+01   -1.0795924766e+01    5.1200000000e+02    1.0100307250e+00    7.1413167318e-01
       111   -4.5205999900e+01    2.0450321742e+03   -8.2571890284e+01    3.7365890384e+01   -2.3043045694e+01    2.7907367053e+00   -1.1216903214e+01   -5.1102678081e+01   -1.0924484229e+01    5.1200000000e+02    1.0241522970e+00    7.2058105469e-01
       112   -4.5238333518e+01    2.0479632889e+03   -8.2119561057e+01    3.6881227539e+01   -2.2445167887e+01    2.7889123102e+00   -1.1360627399e+01   -5.1102678081e+01   -1.1083194650e+01    5.1200000000e+02    1.0293772240e+00    7.1891276042e-01
       113   -4.5243853496e+01    2.0483399599e+03   -8.1954631766e+01    3.6710778270e+01   -2.2389605257e+01    2.8517455875e+00   -1.1314094015e+01   -5.1102678081e+01   -1.1034113156e+01    5.1200000000e+02    1.0766588050e+00    7.2145589193e-01
       114   -4.5305676624e+01    2.0539852619e+03   -8.2120294544e+01    3.6814617921e+01   -2.2484025301e+01    2.6765898694e+00   -1.1210181032e+01   -5.1102678081e+01   -1.0944806193e+01    5.1200000000e+02    1.0637430510e+00    7.2041829427e-01
       115   -4.5248878784e+01    2.0488884808e+03   -8.1864786540e+01    3.6615907756e+01   -2.2357466528e+01    2.7667035390e+00   -1.1171345470e+01   -5.1102678081e+01   -1.0896469272e+01    5.1200000000e+02    1.0210487960e+00    7.1777343750e-01
       116   -4.5278884612e+01    2.0517255621e+03   -8.2014571403e+01    3.6735686791e+01   -2.2273298529e+01    2.5319389250e+00   -1.1170533718e+01   -5.1102678081e+01   -1.0885300490e+01    5.1200000000e+02    1.0146282640e+00    7.2308349609e-01
       117   -4.5196015396e+01    2.0440817767e+03   -8.2317637536e+01    3.7121622140e+01   -2.2603680687e+01    2.7072253692e+00   -1.1318504138e+01   -5.1102678081e+01   -1.1031520230e+01    5.1200000000e+02    1.0163978140e+00    7.1807861328e-01
       118   -4.5254814081e+01    2.0493423735e+03   -8.1970822230e+01    3.6716008149e+01   -2.2495982556e+01    2.7798641607e+00   -1.1152025753e+01   -5.1102678081e+01   -1.0858624887e+01    5.1200000000e+02    1.0188747940e+00    7.1716308594e-01
       119   -4.5304306567e+01    2.0538677087e+03   -8.2554984641e+01    3.7250678074e+01   -2.2916244555e+01    2.6669025127e+00   -1.1202964517e+01   -5.1102678081e+01   -1.0916782336e+01    5.1200000000e+02    1.0271990540e+00    7.1641031901e-01
       120   -4.5345950389e+01    2.0577095878e+03   -8.2366207801e+01    3.7020257412e+01   -2.2932872014e+01    2.9407936572e+00   -1.1271451363e+01   -5.1102678081e+01   -1.0971373905e+01    5.1200000000e+02    1.0179258960e+00    7.2589111328e-01
       121   -4.5179654750e+01    2.0424047658e+03   -8.1798201695e+01    3.6618546945e+01   -2.2098501984e+01    2.7505518843e+00   -1.1347573515e+01   -5.1102678081e+01   -1.1059557073e+01    5.1200000000e+02    1.0161195070e+00    7.2149658203e-01
       122   -4.5127213071e+01    2.0378146143e+03   -8.1293260225e+01    3.6166047154e+01   -2.2181509608e+01    2.9414221450e+00   -1.0950494681e+01   -5.1102678081e+01   -1.0650147615e+01    5.1200000000e+02    1.0634287390e+00    7.2084554036e-01
       123   -4.5289066035e+01    2.0524202479e+03   -8.1776847800e+01    3.6487781765e+01   -2.2427469000e+01    3.0737559935e+00   -1.1320456712e+01   -5.1102678081e+01   -1.1034496801e+01    5.1200000000e+02    1.0220741910e+00    7.1813964844e-01
       124   -4.5268764009e+01    2.0506014773e+03   -8.2076464957e+01    3.6807700947e+01   -2.2734180658e+01    2.9413440717e+00   -1.1180950289e+01   -5.1102678081e+01   -1.0922726795e+01    5.1200000000e+02    1.0300871810e+00    7.2045898438e-01
       125   -4.5248454759e+01    2.0486847107e+03   -8.2221295806e+01    3.6972841047e+01   -2.2677331666e+01    2.6711091636e+00   -1.1112395222e+01   -5.1102678081e+01   -1.0839052043e+01    5.1200000000e+02    1.0226638210e+00    7.1901448568e-01
       126   -4.5246011361e+01    2.0486171746e+03   -8.2267398144e+01    3.7021386784e+01   -2.2846197881e+01    2.8970019211e+00   -1.1215524103e+01   -5.1102678081e+01   -1.0931965846e+01    5.1200000000e+02    1.0240426050e+00    7.1875000000e-01
       127   -4.5239466501e+01    2.0481571678e+03   -8.2203531720e+01    3.6964065219e+01   -2.2962264383e+01    2.9577224921e+00   -1.1096311747e+01   -5.1102678081e+01   -1.0798626414e+01    5.1200000000e+02    1.0362814790e+00    7.1675618490e-01
       128   -4.5205219029e+01    2.0450955500e+03   -8.2276968997e+01    3.7071749968e+01   -2.2641956116e+01    2.7205635415e+00   -1.1252898342e+01   -5.1102678081e+01   -1.0962140247e+01    5.1200000000e+02    1.0336357200e+00    7.1789550781e-01
       129   -4.5222737297e+01    2.0465323486e+03   -8.2456132675e+01    3.7233395378e+01   -2.3081672145e+01    2.7736455714e+00   -1.1045428020e+01   -5.1102678081e+01   -1.0756451303e+01    5.1200000000e+02    1.0468306820e+00    7.1899414062e-01
       130   -4.5284999072e+01    2.0522311108e+03   -8.2226662989e+01    3.6941663917e+01   -2.2634371187e+01    2.5415541766e+00   -1.1031167898e+01   -5.1102678081e+01   -1.0737964271e+01    5.1200000000e+02    1.0299031110e+00    7.2290039062e-01
       131   -4.5234954370e+01    2.0476937335e+03   -8.2101812987e+01    3.6866858617e+01   -2.2151691344e+01    2.4131122447e+00   -1.1260555806e+01   -5.1102678081e+01   -1.0966027396e+01    5.1200000000e+02    1.0144965890e+00    7.1856689453e-01
       132   -4.5187360047e+01    2.0433680807e+03   -8.2851841051e+01    3.7664481003e+01   -2.2902827357e+01    2.3338886020e+00   -1.1180224215e+01   -5.1102678081e+01   -1.0891218690e+01    5.1200000000e+02    1.0099303490e+00    7.1999104818e-01
       133   -4.5202410581e+01    2.0449060660e+03   -8.1572819940e+01    3.6370409359e+01   -2.2561073133e+01    3.1513257634e+00   -1.1060394489e+01   -5.1102678081e+01   -1.0771565369e+01    5.1200000000e+02    1.0093472290e+00    7.2123209635e-01
       134   -4.5169032690e+01    2.0415543793e+03   -8.2337456595e+01    3.7168423904e+01   -2.2803820925e+01    2.6908506586e+00   -1.1121808247e+01   -5.1102678081e+01   -1.0839447121e+01    5.1200000000e+02    1.0148216490e+00    7.2290039062e-01
       135   -4.5195368543e+01    2.0441466195e+03   -8.2482562895e+01    3.7287194352e+01   -2.2857277050e+01    2.4787866932e+00   -1.1001394458e+01   -5.1102678081e+01   -1.0721200727e+01    5.1200000000e+02    1.0092015810e+00    7.1964518229e-01
       136   -4.5200341759e+01    2.0446218071e+03   -8.2086385677e+01    3.6886043919e+01   -2.2428349642e+01    2.7057441389e+00   -1.1261102093e+01   -5.1102678081e+01   -1.0980292127e+01    5.1200000000e+02    1.0043013770e+00    7.2361246745e-01
       137   -4.5142883515e+01    2.0398766555e+03   -8.3086669090e+01    3.7943785574e+01   -2.3241078791e+01    2.4343966218e+00   -1.1177308840e+01   -5.1102678081e+01   -1.0903976479e+01    5.1200000000e+02    1.0050007940e+00    7.1813964844e-01
       138   -4.5284496093e+01    2.0521894595e+03   -8.2960733712e+01    3.7676237619e+01   -2.3078586635e+01    2.2970526975e+00   -1.1076521693e+01   -5.1102678081e+01   -1.0805652824e+01    5.1200000000e+02    1.0112701210e+00    7.1966552734e-01
       139   -4.5272661122e+01    2.0510999913e+03   -8.2356927601e+01    3.7084266479e+01   -2.2973410137e+01    2.9200757986e+00   -1.1200915181e+01   -5.1102678081e+01   -1.0919207949e+01    5.1200000000e+02    1.0240505990e+00    7.2025553385e-01
       140   -4.5355982543e+01    2.0585516062e+03   -8.2470282358e+01    3.7114299816e+01   -2.2773776465e+01    2.6350093651e+00   -1.1228837177e+01   -5.1102678081e+01   -1.0956995864e+01    5.1200000000e+02    1.0108202460e+00    7.1993001302e-01
       141   -4.5272258341e+01    2.0508351211e+03   -8.2302713794e+01    3.7030455453e+01   -2.3012569835e+01    2.7940158421e+00   -1.0981481720e+01   -5.1102678081e+01   -1.0698892294e+01    5.1200000000e+02    1.0114375410e+00    7.2070312500e-01
       142   -4.5274711208e+01    2.0513708882e+03   -8.2327204096e+01    3.7052492888e+01   -2.2942370456e+01    3.0738360579e+00   -1.1355991617e+01   -5.1102678081e+01   -1.1080114187e+01    5.1200000000e+02    1.0127172680e+00    7.1818033854e-01
       143   -4.5234728958e+01    2.0485861713e+03   -8.2583375850e+01    3.7348646892e+01   -2.3375508348e+01    3.2447288247e+00   -1.1349918245e+01   -5.1102678081e+01   -1.1072031880e+01    5.1200000000e+02    1.0201282810e+00    7.2418212891e-01
       144   -4.5209305138e+01    2.0453839706e+03   -8.2826471620e+01    3.7617166482e+01   -2.3206947189e+01    2.6826170424e+00   -1.1199463392e+01   -5.1102678081e+01   -1.0919519483e+01    5.1200000000e+02    1.0203009050e+00    7.2111002604e-01
       145   -4.5270426578e+01    2.0511064940e+03   -8.2096967075e+01    3.6826540496e+01   -2.2927096808e+01    2.9436877515e+00   -1.1010879937e+01   -5.1102678081e+01   -1.0724635436e+01    5.1200000000e+02    1.0290359640e+00    7.1685791016e-01
       146   -4.5192971927e+01    2.0435661699e+03   -8.2720219496e+01    3.7527247570e+01   -2.3266190616e+01    2.7294299558e+00   -1.1080780755e+01   -5.1102678081e+01   -1.0792553990e+01    5.1200000000e+02    1.0208539390e+00    7.1636962891e-01
       147   -4.5162859582e+01    2.0409104613e+03   -8.3277874666e+01    3.8115015084e+01   -2.3304676976e+01    2.3858251968e+00   -1.1256344806e+01   -5.1102678081e+01   -1.0976766474e+01    5.1200000000e+02    1.0246738790e+00    7.1899414062e-01
       148   -4.5259715821e+01    2.0496012156e+03   -8.2898589184e+01    3.7638873363e+01   -2.3002185496e+01    2.5170256981e+00   -1.1310751305e+01   -5.1102678081e+01   -1.1048154741e+01    5.1200000000e+02    1.0146684820e+00    7.2027587891e-01
       149   -4.5183659086e+01    2.0429251027e+03   -8.1886529702e+01    3.6702870615e+01   -2.2167577322e+01    2.5962424620e+00   -1.1212516760e+01   -5.1102678081e+01   -1.0943425981e+01    5.1200000000e+02    1.0174738860e+00    7.2127278646e-01
       150   -4.5227326553e+01    2.0467667863e+03   -8.2782256907e+01    3.7554930353e+01   -2.3222643115e+01    2.8223321625e+00   -1.1279267873e+01   -5.1102678081e+01   -1.1021450198e+01    5.1200000000e+02    1.0021666500e+00    7.2324625651e-01
       151   -4.5237835884e+01    2.0478977122e+03   -8.2265948698e+01    3.7028112814e+01   -2.3320231526e+01    3.1832858419e+00   -1.1026324932e+01   -5.1102678081e+01   -1.0754288438e+01    5.1200000000e+02    1.0338932100e+00    7.1925862630e-01
       152   -4.5338142386e+01    2.0569635862e+03   -8.2337316706e+01    3.6999174320e+01   -2.2889725301e+01    2.9018059146e+00   -1.1246719239e+01   -5.1102678081e+01   -1.0959448804e+01    5.1200000000e+02    1.0110741990e+00    7.1942138672e-01
       153   -4.5205966729e+01    2.0449176531e+03   -8.2502698260e+01    3.7296731531e+01   -2.2958997967e+01    2.7775767259e+00   -1.1218598938e+01   -5.1102678081e+01   -1.0942867885e+01    5.1200000000e+02    1.0040538020e+00    7.1980794271e-01
       154   -4.5317781845e+01    2.0552543905e+03   -8.2222170182e+01    3.6904388337e+01   -2.2570992842e+01    2.4916009915e+00   -1.1040100251e+01   -5.1102678081e+01   -1.0758584164e+01    5.1200000000e+02    1.0057109280e+00    7.1891276042e-01
       155   -4.5274114051e+01    2.0511887280e+03   -8.2595284062e+01    3.7321170011e+01   -2.3139353859e+01    2.7220577522e+00   -1.1075309874e+01   -5.1102678081e+01   -1.0794205698e+01    5.1200000000e+02    1.0007566170e+00    7.2074381510e-01
       156   -4.5278906465e+01    2.0516236497e+03   -8.2876832116e+01    3.7597925651e+01   -2.3155854754e+01    2.6055972350e+00   -1.1223896516e+01   -5.1102678081e+01   -1.0938144385e+01    5.1200000000e+02    1.0041165640e+00    7.1803792318e-01
       157   -4.5184796376e+01    2.0430896462e+03   -8.3124683024e+01    3.7939886648e+01   -2.3452119565e+01    2.4628797984e+00   -1.1032765176e+01   -5.1102678081e+01   -1.0742183790e+01    5.1200000000e+02    1.0101403900e+00    7.2196451823e-01
       158   -4.5324218920e+01    2.0555568836e+03   -8.2495308768e+01    3.7171089847e+01   -2.2934298675e+01    2.7650732419e+00   -1.1223405254e+01   -5.1102678081e+01   -1.0950016638e+01    5.1200000000e+02    1.0093127640e+00    7.1903483073e-01
       159   -4.5134935606e+01    2.0387171258e+03   -8.2886340823e+01    3.7751405217e+01   -2.3316521143e+01    2.7905653003e+00   -1.1257706899e+01   -5.1102678081e+01   -1.0979769850e+01    5.1200000000e+02    1.0249484400e+00    7.1984863281e-01
       160   -4.5145882088e+01    2.0394704226e+03   -8.2940021360e+01    3.7794139272e+01   -2.2789136746e+01    2.2641704920e+00   -1.1312377025e+01   -5.1102678081e+01   -1.1018663986e+01    5.1200000000e+02    1.0088357560e+00    7.1950276693e-01
       161   -4.5209448580e+01    2.0453001345e+03   -8.2885817124e+01    3.7676368543e+01   -2.2985469012e+01    2.2746383396e+00   -1.1072308370e+01   -5.1102678081e+01   -1.0794353574e+01    5.1200000000e+02    1.0134397870e+00    7.1846516927e-01
       162   -4.5166511614e+01    2.0416359293e+03   -8.2037236704e+01    3.6870725090e+01   -2.2402778273e+01    2.5708666807e+00   -1.1102647031e+01   -5.1102678081e+01   -1.0815509472e+01    5.1200000000e+02    1.0354724950e+00    7.1765136719e-01
       163   -4.5181337973e+01    2.0427185467e+03   -8.2554784308e+01    3.7373446335e+01   -2.3037633043e+01    2.6412351021e+00   -1.1055708286e+01   -5.1102678081e+01   -1.0785899620e+01    5.1200000000e+02    1.0411252340e+00    7.2135416667e-01
       164   -4.5242485175e+01    2.0482690669e+03   -8.2516393523e+01    3.7273908348e+01   -2.2736540524e+01    2.4954620333e+00   -1.1172636951e+01   -5.1102678081e+01   -1.0901703105e+01    5.1200000000e+02    1.0508210110e+00    7.2037760417e-01
       165   -4.5259287232e+01    2.0498405814e+03   -8.2357068860e+01    3.7097781629e+01   -2.2741254245e+01    2.7172893757e+00   -1.1230425910e+01   -5.1102678081e+01   -1.0980757744e+01    5.1200000000e+02    1.0307905170e+00    7.2235107422e-01
       166   -4.5274120730e+01    2.0512208207e+03   -8.1959588220e+01    3.6685467490e+01   -2.2504098245e+01    2.8745744089e+00   -1.1227386303e+01   -5.1102678081e+01   -1.0964433408e+01    5.1200000000e+02    1.0180472300e+00    7.1986897786e-01
       167   -4.5196985426e+01    2.0442692457e+03   -8.2226979212e+01    3.7029993786e+01   -2.2382443435e+01    2.6380967102e+00   -1.1379954406e+01   -5.1102678081e+01   -1.1120797168e+01    5.1200000000e+02    1.0237335550e+00    7.2271728516e-01
       168   -4.5199235975e+01    2.0442645591e+03   -8.2156015492e+01    3.6956779516e+01   -2.2240188640e+01    2.5458951969e+00   -1.1359043968e+01   -5.1102678081e+01   -1.1091032276e+01    5.1200000000e+02    1.0222669570e+00    7.1966552734e-01
       169   -4.5274106793e+01    2.0508918733e+03   -8.2143927361e+01    3.6869820568e+01   -2.2449997899e+01    2.7517327579e+00   -1.1342984138e+01   -5.1102678081e+01   -1.1083993481e+01    5.1200000000e+02    1.0457802550e+00    7.2049967448e-01
       170   -4.5268804209e+01    2.0506460959e+03   -8.2552252231e+01    3.7283448023e+01   -2.2944639977e+01    2.7032145616e+00   -1.1208148735e+01   -5.1102678081e+01   -1.0948213286e+01    5.1200000000e+02    1.0295236010e+00    7.2269694010e-01
       171   -4.5234753882e+01    2.0475811137e+03   -8.2632487042e+01    3.7397733160e+01   -2.3060110961e+01    2.6187528970e+00   -1.1088450897e+01   -5.1102678081e+01   -1.0817257408e+01    5.1200000000e+02    1.0345307090e+00    7.2271728516e-01
       172   -4.5233481035e+01    2.0475541423e+03   -8.2209498547e+01    3.6976017512e+01   -2.2821633087e+01    2.8736947050e+00   -1.1158882083e+01   -5.1102678081e+01   -1.0884533995e+01    5.1200000000e+02    1.0197495710e+00    7.2117106120e-01
       173   -4.5202735605e+01    2.0448063299e+03   -8.1331172518e+01    3.6128436913e+01   -2.2279115258e+01    3.0427835422e+00   -1.0992162721e+01   -5.1102678081e+01   -1.0719592150e+01    5.1200000000e+02    1.0298904420e+00    7.2235107422e-01
       174   -4.5294324619e+01    2.0531937349e+03   -8.1474211868e+01    3.6179887249e+01   -2.1919602294e+01    2.7688962179e+00   -1.1220827711e+01   -5.1102678081e+01   -1.0952896590e+01    5.1200000000e+02    1.0171356550e+00    7.2074381510e-01
       175   -4.5176727630e+01    2.0423998940e+03   -8.1615363694e+01    3.6438636063e+01   -2.1957346253e+01    2.4913867829e+00   -1.1046726143e+01   -5.1102678081e+01   -1.0750961377e+01    5.1200000000e+02    1.0142593180e+00    7.2304280599e-01
       176   -4.5170202628e+01    2.0420024833e+03   -8.2508564466e+01    3.7338361837e+01   -2.2904002653e+01    2.5751705501e+00   -1.1077054282e+01   -5.1102678081e+01   -1.0788916309e+01    5.1200000000e+02    1.0178881330e+00    7.2019449870e-01
       177   -4.5267038408e+01    2.0507151773e+03   -8.2385942328e+01    3.7118903920e+01   -2.2796653808e+01    2.5159604670e+00   -1.1002570906e+01   -5.1102678081e+01   -1.0696476449e+01    5.1200000000e+02    1.0222428260e+00    7.2153727214e-01
       178   -4.5195798168e+01    2.0442699013e+03   -8.2177541159e+01    3.6981742991e+01   -2.3017840892e+01    2.9878833337e+00   -1.1044905520e+01   -5.1102678081e+01   -1.0753730495e+01    5.1200000000e+02    1.0236122540e+00    7.2235107422e-01
       179   -4.5224996814e+01    2.0468835784e+03   -8.2556173648e+01    3.7331176834e+01   -2.3091795433e+01    2.7679536307e+00   -1.1129653765e+01   -5.1102678081e+01   -1.0865968338e+01    5.1200000000e+02    1.0534469960e+00    7.2414143880e-01
       180   -4.5256964709e+01    2.0494867502e+03   -8.2026968077e+01    3.6770003368e+01   -2.2797235421e+01    2.8994331801e+00   -1.1026487755e+01   -5.1102678081e+01   -1.0754661306e+01    5.1200000000e+02    1.0285023450e+00    7.2094726562e-01
       181   -4.5233914311e+01    2.0473592024e+03   -8.2140102385e+01    3.6906188074e+01   -2.2600907250e+01    2.7451229914e+00   -1.1181640046e+01   -5.1102678081e+01   -1.0901977705e+01    5.1200000000e+02    1.0678654270e+00    7.1659342448e-01
       182   -4.5304185304e+01    2.0538648436e+03   -8.2589002348e+01    3.7284817044e+01   -2.2952606929e+01    2.8228969977e+00   -1.1356614336e+01   -5.1102678081e+01   -1.1088021024e+01    5.1200000000e+02    1.0233217050e+00    7.2035725911e-01
       183   -4.5270250028e+01    2.0506153178e+03   -8.2877117281e+01    3.7606867253e+01   -2.3169070035e+01    2.6750461207e+00   -1.1280415285e+01   -5.1102678081e+01   -1.1006180977e+01    5.1200000000e+02    1.0235348650e+00    7.1982828776e-01
       184   -4.5267989011e+01    2.0503415583e+03   -8.2392807899e+01    3.7124818888e+01   -2.3130499298e+01    3.2109039953e+00   -1.1370534515e+01   -5.1102678081e+01   -1.1112369819e+01    5.1200000000e+02    1.0138964270e+00    7.1748860677e-01
       185   -4.5264016072e+01    2.0503455578e+03   -8.2175628123e+01    3.6911612051e+01   -2.2688133273e+01    2.8311437821e+00   -1.1215960551e+01   -5.1102678081e+01   -1.0945063097e+01    5.1200000000e+02    1.0105347300e+00    7.2135416667e-01
       186   -4.5190701723e+01    2.0436516117e+03   -8.3140679828e+01    3.7949978105e+01   -2.3307836978e+01    2.5595034536e+00   -1.1289668222e+01   -5.1102678081e+01   -1.1053125007e+01    5.1200000000e+02    1.0145998700e+00    7.1931966146e-01
       187   -4.5189463269e+01    2.0433354132e+03   -8.2365616690e+01    3.7176153422e+01   -2.2535986223e+01    2.4420042736e+00   -1.1168956660e+01   -5.1102678081e+01   -1.0906767953e+01    5.1200000000e+02    1.0106918220e+00    7.2041829427e-01
       188   -4.5226460143e+01    2.0467238725e+03   -8.2519626052e+01    3.7293165909e+01   -2.2606760863e+01    2.5370066895e+00   -1.1347193798e+01   -5.1102678081e+01   -1.1085310539e+01    5.1200000000e+02    1.0095084250e+00    7.1852620443e-01
       189   -4.5174940510e+01    2.0423070773e+03   -8.2387504210e+01    3.7212563700e+01   -2.3158753202e+01    3.0588831597e+00   -1.1184956086e+01   -5.1102678081e+01   -1.0907476291e+01    5.1200000000e+02    1.0258629850e+00    7.2326660156e-01
       190   -4.5199372258e+01    2.0444191737e+03   -8.2942425474e+01    3.7743053216e+01   -2.2924227407e+01    2.4248456052e+00   -1.1340365591e+01   -5.1102678081e+01   -1.1052838072e+01    5.1200000000e+02    1.0057612640e+00    7.2108968099e-01
       191   -4.5231940713e+01    2.0474722379e+03   -8.2194916088e+01    3.6962975375e+01   -2.2473476243e+01    2.5562297392e+00   -1.1174991503e+01   -5.1102678081e+01   -1.0876116014e+01    5.1200000000e+02    1.0081324900e+00    7.1936035156e-01
       192   -4.5282584929e+01    2.0520547855e+03   -8.1690216982e+01    3.6407632054e+01   -2.2276560630e+01    2.8170168040e+00   -1.1127995075e+01   -5.1102678081e+01   -1.0833398101e+01    5.1200000000e+02    1.0042810970e+00    7.1809895833e-01
       193   -4.5181542589e+01    2.0430242722e+03   -8.1981114263e+01    3.6799571674e+01   -2.2252261062e+01    2.7208145366e+00   -1.1346989657e+01   -5.1102678081e+01   -1.1044086571e+01    5.1200000000e+02    1.0121134550e+00    7.2218831380e-01
       194   -4.5203795183e+01    2.0448106367e+03   -8.2310161088e+01    3.7106365905e+01   -2.2948922493e+01    2.8230743194e+00   -1.1081634833e+01   -5.1102678081e+01   -1.0785170153e+01    5.1200000000e+02    1.0085313950e+00    7.2147623698e-01
       195   -4.5295325829e+01    2.0541661159e+03   -8.1206113152e+01    3.5910787324e+01   -2.2592034264e+01    3.5984742936e+00   -1.1109875101e+01   -5.1102678081e+01   -1.0812677604e+01    5.1200000000e+02    9.7947888200e-01    7.2003173828e-01
       196   -4.5226713065e+01    2.0467408405e+03   -8.1548980530e+01    3.6322267465e+01   -2.2023809530e+01    2.7570632936e+00   -1.1179556213e+01   -5.1102678081e+01   -1.0886992981e+01    5.1200000000e+02    1.0316224060e+00    7.1875000000e-01
       197   -4.5262174563e+01    2.0502621269e+03   -8.2005638152e+01    3.6743463588e+01   -2.2397060248e+01    2.4690703319e+00   -1.0974970154e+01   -5.1102678081e+01   -1.0691732759e+01    5.1200000000e+02    1.0098919160e+00    7.2143554688e-01
       198   -4.5210741779e+01    2.0453179800e+03   -8.1774755386e+01    3.6564013607e+01   -2.2185503458e+01    2.6761601986e+00   -1.1162734046e+01   -5.1102678081e+01   -1.0879009654e+01    5.1200000000e+02    1.0201676920e+00    7.2190348307e-01
       199   -4.5185527611e+01    2.0431188618e+03   -8.2241821352e+01    3.7056293741e+01   -2.2672449235e+01    2.7893744858e+00   -1.1256068522e+01   -5.1102678081e+01   -1.0956216497e+01    5.1200000000e+02    1.0353695930e+00    7.1934000651e-01
