#  Band    State   TwistIndex BandIndex Energy      Kx      Ky      Kz      K1      K2      K3    KmK 
       0        0        1        0    -0.219356  0.4657  0.0000  0.0000  0.2500  0.0000  0.2500      1
       1        1        5        0    -0.219356  1.3970  0.0000 -0.0000  0.7500  0.0000  0.7500      1
       2        2        9        0     0.047489  0.4657  0.9313 -0.0000  0.7500  0.5000  0.2500      1
       3        3        9        1     0.047489  0.4657  0.9313 -0.0000  0.7500  0.5000  0.2500      1
       4        4       13        0     0.047489  0.4657  0.0000  0.9313  0.2500  0.5000  0.7500      1
       5        5       13        1     0.047489  0.4657  0.0000  0.9313  0.2500  0.5000  0.7500      1
       6        6        9        2     0.184593  0.4657  0.9313 -0.0000  0.7500  0.5000  0.2500      1
       7        7        9        3     0.184593  0.4657  0.9313 -0.0000  0.7500  0.5000  0.2500      1
       8        8       13        2     0.184593  0.4657  0.0000  0.9313  0.2500  0.5000  0.7500      1
       9        9       13        3     0.184593  0.4657  0.0000  0.9313  0.2500  0.5000  0.7500      1
      10       10        1        1     0.324021  0.4657  0.0000  0.0000  0.2500  0.0000  0.2500      1
      11       11        5        1     0.324021  1.3970  0.0000 -0.0000  0.7500  0.0000  0.7500      1
      12       12        1        2     0.338995  0.4657  0.0000  0.0000  0.2500  0.0000  0.2500      1
      13       13        1        3     0.338995  0.4657  0.0000  0.0000  0.2500  0.0000  0.2500      1
      14       14        5        2     0.338995  1.3970  0.0000 -0.0000  0.7500  0.0000  0.7500      1
      15       15        5        3     0.338995  1.3970  0.0000 -0.0000  0.7500  0.0000  0.7500      1
      16       16        1        4     0.655031  0.4657  0.0000  0.0000  0.2500  0.0000  0.2500      1
      17       17        5        4     0.655031  1.3970  0.0000 -0.0000  0.7500  0.0000  0.7500      1
      18       18        1        5     0.869714  0.4657  0.0000  0.0000  0.2500  0.0000  0.2500      1
      19       19        5        5     0.869714  1.3970  0.0000 -0.0000  0.7500  0.0000  0.7500      1
      20       20        9        4     0.882061  0.4657  0.9313 -0.0000  0.7500  0.5000  0.2500      1
      21       21        9        5     0.882061  0.4657  0.9313 -0.0000  0.7500  0.5000  0.2500      1
      22       22       13        4     0.882061  0.4657  0.0000  0.9313  0.2500  0.5000  0.7500      1
      23       23       13        5     0.882061  0.4657  0.0000  0.9313  0.2500  0.5000  0.7500      1
      24       24        1        6     0.919096  0.4657  0.0000  0.0000  0.2500  0.0000  0.2500      1
      25       25        1        7     0.919096  0.4657  0.0000  0.0000  0.2500  0.0000  0.2500      1
      26       26        5        6     0.919096  1.3970  0.0000 -0.0000  0.7500  0.0000  0.7500      1
      27       27        5        7     0.919096  1.3970  0.0000 -0.0000  0.7500  0.0000  0.7500      1
      28       28        9        6     0.948135  0.4657  0.9313 -0.0000  0.7500  0.5000  0.2500      1
      29       29        9        7     0.948135  0.4657  0.9313 -0.0000  0.7500  0.5000  0.2500      1
      30       30       13        6     0.948135  0.4657  0.0000  0.9313  0.2500  0.5000  0.7500      1
      31       31       13        7     0.948135  0.4657  0.0000  0.9313  0.2500  0.5000  0.7500      1
