#   index    LocalEnergy         LocalEnergy_sq      LocalPotential      Kinetic             LocalECP            NonLocalECP         ElecElec            IonIon              MPC                 BlockWeight         BlockCPU            AcceptRatio         
         0   -5.2423114763e+01    2.7495894581e+03   -7.3897711240e+01    2.1474596477e+01   -1.8132295181e+01    7.2049404874e+00   -9.2964926290e+00   -5.3673863918e+01   -9.1042766293e+00    4.0954156212e+04    1.0547583450e+00    9.9945555896e-01
         1   -5.2488750034e+01    2.7564633774e+03   -7.3920810605e+01    2.1432060572e+01   -1.8127528816e+01    7.1913109323e+00   -9.3107288036e+00   -5.3673863918e+01   -9.1142801870e+00    4.0959181590e+04    1.0338345010e+00    9.9944030395e-01
         2   -5.2546271688e+01    2.7625162116e+03   -7.3885630070e+01    2.1339358382e+01   -1.8186503019e+01    7.2927301228e+00   -9.3179932554e+00   -5.3673863918e+01   -9.1142626445e+00    4.0958030201e+04    1.0323543850e+00    9.9947349331e-01
         3   -5.2610422671e+01    2.7691615947e+03   -7.3941634707e+01    2.1331212036e+01   -1.8255450878e+01    7.3054823495e+00   -9.3178022615e+00   -5.3673863918e+01   -9.1025427317e+00    4.0969997143e+04    1.0332207860e+00    9.9945832527e-01
         4   -5.2615734181e+01    2.7697175200e+03   -7.3945384497e+01    2.1329650316e+01   -1.8150276551e+01    7.2540611623e+00   -9.3753051900e+00   -5.3673863918e+01   -9.1538935164e+00    4.0970130749e+04    1.0407708570e+00    9.9945611684e-01
         5   -5.2676001117e+01    2.7760461322e+03   -7.4036346744e+01    2.1360345628e+01   -1.8134637801e+01    7.1873321787e+00   -9.4151772037e+00   -5.3673863918e+01   -9.1884408332e+00    4.0944762622e+04    1.0307362460e+00    9.9944704404e-01
         6   -5.2672416520e+01    2.7756641490e+03   -7.4004755590e+01    2.1332339069e+01   -1.8199789554e+01    7.2424079489e+00   -9.3735100668e+00   -5.3673863918e+01   -9.1436462831e+00    4.0950911287e+04    1.0330945000e+00    9.9945836534e-01
         7   -5.2704161824e+01    2.7790203781e+03   -7.3986409900e+01    2.1282248076e+01   -1.8162973193e+01    7.3041367780e+00   -9.4537095673e+00   -5.3673863918e+01   -9.2184544476e+00    4.0972885665e+04    1.0292848060e+00    9.9946920812e-01
         8   -5.2717992917e+01    2.7804499692e+03   -7.3946426904e+01    2.1228433986e+01   -1.8196278512e+01    7.4053595486e+00   -9.4816440224e+00   -5.3673863918e+01   -9.2464889299e+00    4.0954359632e+04    1.0345001340e+00    9.9947410174e-01
         9   -5.2726314121e+01    2.7813048404e+03   -7.3964838609e+01    2.1238524489e+01   -1.8166786259e+01    7.3813564464e+00   -9.5055448787e+00   -5.3673863918e+01   -9.2681252831e+00    4.0966922333e+04    1.0388543410e+00    9.9943624610e-01
        10   -5.2705833144e+01    2.7791316521e+03   -7.3996536268e+01    2.1290703124e+01   -1.8095712809e+01    7.2765836246e+00   -9.5035431661e+00   -5.3673863918e+01   -9.2648306091e+00    4.0944053618e+04    1.0314826700e+00    9.9942613294e-01
        11   -5.2731666490e+01    2.7818988344e+03   -7.3834814101e+01    2.1103147611e+01   -1.8224000203e+01    7.5363848731e+00   -9.4733348538e+00   -5.3673863918e+01   -9.2363773682e+00    4.0961881216e+04    1.0369171770e+00    9.9946771932e-01
        12   -5.2707283229e+01    2.7792787409e+03   -7.4039144119e+01    2.1331860889e+01   -1.8203655467e+01    7.3240514071e+00   -9.4856761415e+00   -5.3673863918e+01   -9.2453210233e+00    4.0942900773e+04    1.0320983900e+00    9.9945818002e-01
        13   -5.2712505284e+01    2.7798116795e+03   -7.4040715215e+01    2.1328209931e+01   -1.8017959073e+01    7.1596301604e+00   -9.5085223848e+00   -5.3673863918e+01   -9.2611213162e+00    4.0963908529e+04    1.0391695520e+00    9.9945468725e-01
        14   -5.2721183936e+01    2.7807137914e+03   -7.3997431833e+01    2.1276247896e+01   -1.8063579606e+01    7.2312237659e+00   -9.4912120748e+00   -5.3673863918e+01   -9.2449272890e+00    4.0965147890e+04    1.0301682490e+00    9.9946361704e-01
        15   -5.2723268861e+01    2.7809133850e+03   -7.4098041961e+01    2.1374773100e+01   -1.8023469319e+01    7.1428965485e+00   -9.5436052731e+00   -5.3673863918e+01   -9.2987717489e+00    4.0958982245e+04    1.0341231110e+00    9.9945812691e-01
        16   -5.2705302557e+01    2.7790510147e+03   -7.4142926814e+01    2.1437624257e+01   -1.8010748153e+01    7.0585030912e+00   -9.5168178345e+00   -5.3673863918e+01   -9.2686041901e+00    4.0953144403e+04    1.0309932990e+00    9.9950087853e-01
        17   -5.2727681613e+01    2.7814318643e+03   -7.4109966180e+01    2.1382284567e+01   -1.8116333414e+01    7.1975727070e+00   -9.5173415551e+00   -5.3673863918e+01   -9.2673458980e+00    4.0952027634e+04    1.0312439600e+00    9.9945489673e-01
        18   -5.2768080894e+01    2.7856934076e+03   -7.4089176649e+01    2.1321095755e+01   -1.8158571075e+01    7.2377736186e+00   -9.4945152754e+00   -5.3673863918e+01   -9.2446862585e+00    4.0958902745e+04    1.0399704320e+00    9.9948013372e-01
        19   -5.2760378343e+01    2.7848335551e+03   -7.4120119458e+01    2.1359741114e+01   -1.8260303006e+01    7.2740380368e+00   -9.4599905706e+00   -5.3673863918e+01   -9.2142005666e+00    4.0943044493e+04    1.0287407600e+00    9.9944338730e-01
        20   -5.2753112171e+01    2.7841201630e+03   -7.4132784410e+01    2.1379672239e+01   -1.8345936396e+01    7.3592769815e+00   -9.4722610775e+00   -5.3673863918e+01   -9.2198950584e+00    4.0940500326e+04    1.0203982460e+00    9.9944272328e-01
        21   -5.2748807896e+01    2.7836245843e+03   -7.4248437262e+01    2.1499629365e+01   -1.8373755015e+01    7.3084855090e+00   -9.5093038385e+00   -5.3673863918e+01   -9.2533096924e+00    4.0956000405e+04    1.0242950800e+00    9.9945080702e-01
        22   -5.2728211491e+01    2.7814231400e+03   -7.4345919204e+01    2.1617707713e+01   -1.8265364942e+01    7.0925832467e+00   -9.4992735908e+00   -5.3673863918e+01   -9.2404343306e+00    4.0946737443e+04    1.0238567390e+00    9.9949595363e-01
        23   -5.2722046747e+01    2.7807679133e+03   -7.4229984541e+01    2.1507937795e+01   -1.8288458379e+01    7.1923225840e+00   -9.4599848291e+00   -5.3673863918e+01   -9.2016099193e+00    4.0971166067e+04    1.0352056090e+00    9.9949231630e-01
        24   -5.2732292084e+01    2.7818762941e+03   -7.4227633084e+01    2.1495341000e+01   -1.8396551881e+01    7.3186778465e+00   -9.4758951318e+00   -5.3673863918e+01   -9.2178135553e+00    4.0971196005e+04    1.0322625350e+00    9.9945012601e-01
        25   -5.2759779660e+01    2.7847638161e+03   -7.4129486697e+01    2.1369707038e+01   -1.8344764600e+01    7.3507275904e+00   -9.4615857697e+00   -5.3673863918e+01   -9.2006494610e+00    4.0953122506e+04    1.0459413620e+00    9.9946395068e-01
        26   -5.2761726833e+01    2.7849930755e+03   -7.4282668390e+01    2.1520941557e+01   -1.8227587655e+01    7.1328299469e+00   -9.5140467635e+00   -5.3673863918e+01   -9.2552700657e+00    4.0944861062e+04    1.0324908310e+00    9.9945351837e-01
        27   -5.2762036943e+01    2.7850378848e+03   -7.4216253258e+01    2.1454216315e+01   -1.8260445855e+01    7.2138980058e+00   -9.4958414913e+00   -5.3673863918e+01   -9.2464120937e+00    4.0950095224e+04    1.0339258300e+00    9.9946971254e-01
        28   -5.2757070586e+01    2.7845296139e+03   -7.4071216586e+01    2.1314145999e+01   -1.8252564791e+01    7.3003479250e+00   -9.4451358017e+00   -5.3673863918e+01   -9.1995733172e+00    4.0975791779e+04    1.0463172130e+00    9.9945624950e-01
        29   -5.2752543403e+01    2.7840477933e+03   -7.4171109478e+01    2.1418566075e+01   -1.8177875857e+01    7.1289851332e+00   -9.4483548365e+00   -5.3673863918e+01   -9.2010173133e+00    4.0958140456e+04    1.0563857410e+00    9.9948071654e-01
        30   -5.2754019462e+01    2.7841873882e+03   -7.4180388211e+01    2.1426368749e+01   -1.8200111020e+01    7.1704889982e+00   -9.4769022714e+00   -5.3673863918e+01   -9.2298734023e+00    4.0959788795e+04    1.0557993750e+00    9.9946461166e-01
        31   -5.2734234191e+01    2.7820989857e+03   -7.4283989994e+01    2.1549755803e+01   -1.8148562598e+01    7.0706163715e+00   -9.5321798494e+00   -5.3673863918e+01   -9.2892015324e+00    4.0951874256e+04    1.0363821070e+00    9.9946211131e-01
        32   -5.2747522461e+01    2.7834793093e+03   -7.4261233888e+01    2.1513711427e+01   -1.8149121027e+01    7.0975609015e+00   -9.5358098440e+00   -5.3673863918e+01   -9.2942442706e+00    4.0933234669e+04    1.0400723710e+00    9.9947117706e-01
        33   -5.2738466646e+01    2.7825481903e+03   -7.4197372406e+01    2.1458905760e+01   -1.8215510475e+01    7.2296483875e+00   -9.5376464004e+00   -5.3673863918e+01   -9.2965281749e+00    4.0948658116e+04    1.0226139510e+00    9.9945896119e-01
        34   -5.2715703671e+01    2.7801344133e+03   -7.4136280780e+01    2.1420577109e+01   -1.8277491483e+01    7.3493010602e+00   -9.5342264392e+00   -5.3673863918e+01   -9.2901307247e+00    4.0961977531e+04    1.0214823410e+00    9.9943076331e-01
        35   -5.2711164200e+01    2.7796576927e+03   -7.4196705390e+01    2.1485541190e+01   -1.8234558628e+01    7.2568059954e+00   -9.5450888398e+00   -5.3673863918e+01   -9.3004395445e+00    4.0960003958e+04    1.0287067500e+00    9.9947900634e-01
        36   -5.2717444758e+01    2.7803052010e+03   -7.3946235961e+01    2.1228791203e+01   -1.8270554481e+01    7.4729109935e+00   -9.4747285551e+00   -5.3673863918e+01   -9.2240101103e+00    4.0959045572e+04    1.0390204540e+00    9.9942472469e-01
        37   -5.2719736130e+01    2.7805331207e+03   -7.3867621685e+01    2.1147885555e+01   -1.8313741914e+01    7.5761039482e+00   -9.4561198011e+00   -5.3673863918e+01   -9.2025328639e+00    4.0969922061e+04    1.0238737740e+00    9.9942924175e-01
        38   -5.2704511486e+01    2.7789549734e+03   -7.4006933196e+01    2.1302421710e+01   -1.8354157949e+01    7.4447368294e+00   -9.4236481588e+00   -5.3673863918e+01   -9.1640951911e+00    4.0954883387e+04    1.0263244510e+00    9.9944426840e-01
        39   -5.2707167960e+01    2.7792181195e+03   -7.4041242672e+01    2.1334074712e+01   -1.8317306251e+01    7.4065275913e+00   -9.4566000940e+00   -5.3673863918e+01   -9.2029198471e+00    4.0977069677e+04    1.0280304550e+00    9.9943127703e-01
        40   -5.2708980000e+01    2.7794550686e+03   -7.4078231982e+01    2.1369251981e+01   -1.8249222437e+01    7.2526474249e+00   -9.4077930521e+00   -5.3673863918e+01   -9.1503396674e+00    4.0924834208e+04    1.0246200080e+00    9.9948109671e-01
        41   -5.2732388855e+01    2.7819424093e+03   -7.4028575209e+01    2.1296186354e+01   -1.8262385052e+01    7.3125025760e+00   -9.4048288156e+00   -5.3673863918e+01   -9.1468037280e+00    4.0961998506e+04    1.0198335520e+00    9.9941823075e-01
        42   -5.2734421608e+01    2.7821682115e+03   -7.4163461126e+01    2.1429039518e+01   -1.8286996743e+01    7.1942629082e+00   -9.3968633729e+00   -5.3673863918e+01   -9.1366710482e+00    4.0966963773e+04    1.0297436690e+00    9.9945470056e-01
        43   -5.2743145435e+01    2.7830969957e+03   -7.4053213676e+01    2.1310068241e+01   -1.8261824037e+01    7.2944004071e+00   -9.4119261291e+00   -5.3673863918e+01   -9.1558098765e+00    4.0971966949e+04    1.0261768120e+00    9.9945490013e-01
        44   -5.2766161417e+01    2.7854940970e+03   -7.4127628117e+01    2.1361466700e+01   -1.8093395240e+01    7.1022851495e+00   -9.4626541088e+00   -5.3673863918e+01   -9.2118306869e+00    4.0972858040e+04    1.0262747410e+00    9.9946081153e-01
        45   -5.2768360570e+01    2.7857543786e+03   -7.4026155485e+01    2.1257794915e+01   -1.8050216201e+01    7.1624851411e+00   -9.4645605067e+00   -5.3673863918e+01   -9.2150997030e+00    4.0983132570e+04    1.0298963170e+00    9.9946716588e-01
        46   -5.2773260031e+01    2.7862411919e+03   -7.4240771721e+01    2.1467511690e+01   -1.8132569491e+01    7.0529670245e+00   -9.4873053368e+00   -5.3673863918e+01   -9.2316704997e+00    4.0931944594e+04    1.0238878910e+00    9.9946684733e-01
        47   -5.2776072252e+01    2.7865054510e+03   -7.4162160357e+01    2.1386088105e+01   -1.8282684385e+01    7.2592691522e+00   -9.4648812062e+00   -5.3673863918e+01   -9.2148815458e+00    4.0976988387e+04    1.0153887170e+00    9.9946686691e-01
        48   -5.2749956013e+01    2.7837882845e+03   -7.4107228257e+01    2.1357272245e+01   -1.8356710415e+01    7.4157814243e+00   -9.4924353492e+00   -5.3673863918e+01   -9.2457655271e+00    4.0957936844e+04    1.0206974580e+00    9.9944088572e-01
        49   -5.2719842718e+01    2.7806059752e+03   -7.4176530496e+01    2.1456687778e+01   -1.8359697639e+01    7.3350454120e+00   -9.4780143510e+00   -5.3673863918e+01   -9.2272905354e+00    4.0932851922e+04    1.0436540560e+00    9.9944377939e-01
        50   -5.2768192635e+01    2.7856758272e+03   -7.4123544796e+01    2.1355352161e+01   -1.8319907214e+01    7.3513219840e+00   -9.4810956484e+00   -5.3673863918e+01   -9.2270821102e+00    4.0716158312e+04    1.0269009680e+00    9.9943194892e-01
        51   -5.2758290332e+01    2.7846550599e+03   -7.4180311038e+01    2.1422020706e+01   -1.8308090015e+01    7.3368255663e+00   -9.5351826711e+00   -5.3673863918e+01   -9.2865130945e+00    4.0766662038e+04    1.0325938960e+00    9.9945436499e-01
        52   -5.2789401840e+01    2.7878754388e+03   -7.4208522125e+01    2.1419120285e+01   -1.8320581542e+01    7.3230191092e+00   -9.5370957746e+00   -5.3673863918e+01   -9.2834848843e+00    4.1006429010e+04    1.0301018560e+00    9.9949080414e-01
        53   -5.2795840191e+01    2.7885874720e+03   -7.4259130569e+01    2.1463290377e+01   -1.8210844529e+01    7.1847310800e+00   -9.5591532015e+00   -5.3673863918e+01   -9.3043354065e+00    4.1440033312e+04    1.0417782960e+00    9.9946261179e-01
        54   -5.2771495061e+01    2.7859903267e+03   -7.4285641429e+01    2.1514146369e+01   -1.8245994835e+01    7.1340889730e+00   -9.4998716498e+00   -5.3673863918e+01   -9.2495450705e+00    4.1524118621e+04    1.0387531440e+00    9.9949666637e-01
        55   -5.2777198713e+01    2.7866175005e+03   -7.4299970415e+01    2.1522771703e+01   -1.8282564486e+01    7.1562936192e+00   -9.4998356302e+00   -5.3673863918e+01   -9.2502717145e+00    4.1534349119e+04    1.0369990020e+00    9.9947152612e-01
        56   -5.2759313757e+01    2.7847556109e+03   -7.4261819523e+01    2.1502505766e+01   -1.8265024007e+01    7.1822112112e+00   -9.5051428096e+00   -5.3673863918e+01   -9.2542870740e+00    4.1655056110e+04    1.0420150580e+00    9.9944384015e-01
        57   -5.2769430968e+01    2.7858190059e+03   -7.4256708443e+01    2.1487277476e+01   -1.8178078475e+01    7.1211219538e+00   -9.5258880042e+00   -5.3673863918e+01   -9.2777596037e+00    4.1768099132e+04    1.0356811310e+00    9.9944706961e-01
        58   -5.2758872340e+01    2.7847173331e+03   -7.4121660169e+01    2.1362787829e+01   -1.8152979528e+01    7.2488625017e+00   -9.5436792249e+00   -5.3673863918e+01   -9.2982328647e+00    4.1597785088e+04    1.0320190460e+00    9.9946710096e-01
        59   -5.2760680239e+01    2.7849101504e+03   -7.4250988107e+01    2.1490307867e+01   -1.8127577743e+01    7.1554473401e+00   -9.6049937857e+00   -5.3673863918e+01   -9.3595410361e+00    4.1584469365e+04    1.0443923770e+00    9.9946340291e-01
        60   -5.2760592934e+01    2.7848723916e+03   -7.4113186727e+01    2.1352593793e+01   -1.8230361444e+01    7.3812190529e+00   -9.5901804173e+00   -5.3673863918e+01   -9.3441318929e+00    4.1122084612e+04    1.0531524690e+00    9.9943242642e-01
        61   -5.2737066462e+01    2.7824064617e+03   -7.4160948587e+01    2.1423882125e+01   -1.8184265187e+01    7.2686174951e+00   -9.5714369775e+00   -5.3673863918e+01   -9.3276753130e+00    4.1236175504e+04    1.0446635420e+00    9.9947072863e-01
        62   -5.2715916510e+01    2.7801547566e+03   -7.4117036638e+01    2.1401120128e+01   -1.8064771721e+01    7.1597626758e+00   -9.5381636743e+00   -5.3673863918e+01   -9.2967217270e+00    4.1409554641e+04    1.0403015180e+00    9.9945828245e-01
        63   -5.2737576570e+01    2.7824449915e+03   -7.4091314132e+01    2.1353737562e+01   -1.8055449362e+01    7.1934386841e+00   -9.5554395369e+00   -5.3673863918e+01   -9.3108124526e+00    4.1608737509e+04    1.0335127720e+00    9.9949246819e-01
        64   -5.2722837256e+01    2.7808732894e+03   -7.4044067776e+01    2.1321230520e+01   -1.8028439787e+01    7.1892995295e+00   -9.5310636011e+00   -5.3673863918e+01   -9.2843275768e+00    4.1464515040e+04    1.0311315710e+00    9.9944721328e-01
        65   -5.2708093889e+01    2.7793447321e+03   -7.3941438315e+01    2.1233344426e+01   -1.7930392522e+01    7.1713341592e+00   -9.5085160344e+00   -5.3673863918e+01   -9.2570607549e+00    4.1511061192e+04    1.0394417930e+00    9.9946313739e-01
        66   -5.2713490118e+01    2.7799259707e+03   -7.3919340768e+01    2.1205850650e+01   -1.7919800557e+01    7.1814028003e+00   -9.5070790929e+00   -5.3673863918e+01   -9.2575103707e+00    4.1514453326e+04    1.0372571740e+00    9.9948900659e-01
        67   -5.2741034641e+01    2.7828472815e+03   -7.3930052498e+01    2.1189017857e+01   -1.8011838866e+01    7.2411006680e+00   -9.4854503824e+00   -5.3673863918e+01   -9.2339496801e+00    4.1773516557e+04    1.0369511890e+00    9.9947985382e-01
        68   -5.2737112866e+01    2.7823846167e+03   -7.4069886165e+01    2.1332773299e+01   -1.8000562410e+01    7.1108820088e+00   -9.5063418463e+00   -5.3673863918e+01   -9.2580920561e+00    4.1536726027e+04    1.0292185960e+00    9.9946338293e-01
        69   -5.2734866326e+01    2.7822391384e+03   -7.4061847981e+01    2.1326981655e+01   -1.8110543124e+01    7.2252855310e+00   -9.5027264706e+00   -5.3673863918e+01   -9.2566463208e+00    4.1377362025e+04    1.0474002360e+00    9.9945659317e-01
        70   -5.2766674312e+01    2.7855520851e+03   -7.4040532001e+01    2.1273857689e+01   -1.8096848019e+01    7.2230813332e+00   -9.4929013968e+00   -5.3673863918e+01   -9.2488272098e+00    4.1463612112e+04    1.0256459540e+00    9.9944940626e-01
        71   -5.2765045563e+01    2.7853781059e+03   -7.3979951231e+01    2.1214905668e+01   -1.8109238171e+01    7.2421609377e+00   -9.4390100801e+00   -5.3673863918e+01   -9.1903036091e+00    4.1512967027e+04    1.0364433870e+00    9.9945535721e-01
        72   -5.2784480205e+01    2.7873894995e+03   -7.4007711957e+01    2.1223231752e+01   -1.8015748411e+01    7.1539477690e+00   -9.4720473978e+00   -5.3673863918e+01   -9.2224258059e+00    4.1847434628e+04    1.0363780680e+00    9.9946317566e-01
        73   -5.2747195235e+01    2.7834591619e+03   -7.4133469570e+01    2.1386274335e+01   -1.7986930861e+01    7.0122603634e+00   -9.4849351550e+00   -5.3673863918e+01   -9.2396270780e+00    4.1849235072e+04    1.0366808900e+00    9.9948603046e-01
        74   -5.2710313663e+01    2.7795657773e+03   -7.4068615688e+01    2.1358302025e+01   -1.7962297024e+01    7.0811941741e+00   -9.5136489207e+00   -5.3673863918e+01   -9.2709283722e+00    4.1826768950e+04    1.0297832600e+00    9.9950566618e-01
        75   -5.2711614626e+01    2.7796836789e+03   -7.4037260691e+01    2.1325646065e+01   -1.7976016229e+01    7.1075090883e+00   -9.4948896327e+00   -5.3673863918e+01   -9.2510309266e+00    4.1627373832e+04    1.0325772420e+00    9.9947926399e-01
        76   -5.2721534278e+01    2.7807009876e+03   -7.4046797874e+01    2.1325263596e+01   -1.7979666994e+01    7.0534332219e+00   -9.4467001841e+00   -5.3673863918e+01   -9.2019242873e+00    4.1384014856e+04    1.0256161880e+00    9.9944787257e-01
        77   -5.2711447557e+01    2.7795944245e+03   -7.4048759405e+01    2.1337311848e+01   -1.8019243854e+01    7.1291311807e+00   -9.4847828139e+00   -5.3673863918e+01   -9.2478965735e+00    4.1692743862e+04    1.0739268120e+00    9.9940930975e-01
        78   -5.2727017318e+01    2.7812851510e+03   -7.4133199318e+01    2.1406182000e+01   -1.8033459147e+01    7.0813136781e+00   -9.5071899307e+00   -5.3673863918e+01   -9.2740861199e+00    4.1817394061e+04    1.0283572560e+00    9.9946409807e-01
        79   -5.2755165569e+01    2.7842847488e+03   -7.4247849319e+01    2.1492683751e+01   -1.8084146633e+01    7.0086551524e+00   -9.4984939209e+00   -5.3673863918e+01   -9.2618067860e+00    4.1713739187e+04    1.0333502400e+00    9.9946268496e-01
        80   -5.2766224327e+01    2.7854798308e+03   -7.4210764544e+01    2.1444540217e+01   -1.8237142030e+01    7.2008749791e+00   -9.5006335755e+00   -5.3673863918e+01   -9.2619111608e+00    4.1667376831e+04    1.0274093410e+00    9.9948312609e-01
        81   -5.2777301815e+01    2.7866318064e+03   -7.4180349365e+01    2.1403047550e+01   -1.8313721301e+01    7.2468308839e+00   -9.4395950300e+00   -5.3673863918e+01   -9.1973952421e+00    4.1793800417e+04    1.0328345090e+00    9.9948058679e-01
        82   -5.2780752966e+01    2.7870115331e+03   -7.4197269094e+01    2.1416516128e+01   -1.8268782788e+01    7.1822090088e+00   -9.4368313973e+00   -5.3673863918e+01   -9.1881480404e+00    4.2185678428e+04    1.0337991150e+00    9.9944495356e-01
        83   -5.2775073046e+01    2.7864142145e+03   -7.4150905555e+01    2.1375832509e+01   -1.8254084518e+01    7.1942916720e+00   -9.4172487916e+00   -5.3673863918e+01   -9.1654432563e+00    4.2229528732e+04    1.0288485760e+00    9.9945884164e-01
        84   -5.2774438008e+01    2.7863255602e+03   -7.4259911569e+01    2.1485473561e+01   -1.8260547109e+01    7.1211422309e+00   -9.4466427732e+00   -5.3673863918e+01   -9.1973619729e+00    4.1970098036e+04    1.0222463360e+00    9.9947755946e-01
        85   -5.2759441685e+01    2.7848033888e+03   -7.4171749841e+01    2.1412308156e+01   -1.8213163620e+01    7.1855183395e+00   -9.4702406427e+00   -5.3673863918e+01   -9.2226712821e+00    4.1681817680e+04    1.0275744670e+00    9.9944530392e-01
        86   -5.2763654763e+01    2.7852076867e+03   -7.4084628232e+01    2.1320973469e+01   -1.8288139566e+01    7.3394961832e+00   -9.4621209311e+00   -5.3673863918e+01   -9.2144002842e+00    4.1463852491e+04    1.0372848610e+00    9.9948059557e-01
        87   -5.2739051751e+01    2.7826412659e+03   -7.4154932383e+01    2.1415880632e+01   -1.8262456021e+01    7.2750874714e+00   -9.4936999156e+00   -5.3673863918e+01   -9.2487505323e+00    4.1062819027e+04    1.0314959450e+00    9.9945893167e-01
        88   -5.2751442496e+01    2.7838969822e+03   -7.4223788271e+01    2.1472345775e+01   -1.8227615409e+01    7.1576411898e+00   -9.4799501342e+00   -5.3673863918e+01   -9.2305290052e+00    4.1039662748e+04    1.0240315940e+00    9.9944313698e-01
        89   -5.2725404543e+01    2.7811835252e+03   -7.4160363756e+01    2.1434959213e+01   -1.8281902577e+01    7.2624931207e+00   -9.4670903823e+00   -5.3673863918e+01   -9.2146839036e+00    4.1080953720e+04    1.0402835600e+00    9.9947345520e-01
        90   -5.2741609793e+01    2.7828675089e+03   -7.4217578314e+01    2.1475968521e+01   -1.8352781159e+01    7.2732199003e+00   -9.4641531375e+00   -5.3673863918e+01   -9.2106777094e+00    4.1294350646e+04    1.0250086420e+00    9.9944307230e-01
        91   -5.2754108390e+01    2.7841890032e+03   -7.4195357691e+01    2.1441249301e+01   -1.8311880590e+01    7.2696739152e+00   -9.4792870984e+00   -5.3673863918e+01   -9.2258360198e+00    4.1196288578e+04    1.0311429510e+00    9.9945650790e-01
        92   -5.2761980072e+01    2.7850074622e+03   -7.4210831971e+01    2.1448851899e+01   -1.8373348087e+01    7.3114511781e+00   -9.4750711446e+00   -5.3673863918e+01   -9.2172522515e+00    4.1312694572e+04    1.0328832210e+00    9.9946451512e-01
        93   -5.2740886627e+01    2.7827456447e+03   -7.4142801794e+01    2.1401915166e+01   -1.8246925852e+01    7.2992572300e+00   -9.5212692542e+00   -5.3673863918e+01   -9.2701756531e+00    4.1261436610e+04    1.0390911020e+00    9.9947809075e-01
        94   -5.2756559724e+01    2.7844693483e+03   -7.4158659219e+01    2.1402099495e+01   -1.8131286228e+01    7.1729822505e+00   -9.5264913242e+00   -5.3673863918e+01   -9.2796260936e+00    4.1114333385e+04    1.0291834790e+00    9.9949397096e-01
        95   -5.2753644190e+01    2.7841353529e+03   -7.4172403463e+01    2.1418759272e+01   -1.8193568322e+01    7.1874008873e+00   -9.4923721107e+00   -5.3673863918e+01   -9.2441379505e+00    4.1313659711e+04    1.0234821090e+00    9.9943857868e-01
        96   -5.2720368281e+01    2.7806004171e+03   -7.4107656887e+01    2.1387288607e+01   -1.8111890755e+01    7.1848103766e+00   -9.5067125915e+00   -5.3673863918e+01   -9.2543320507e+00    4.1158686790e+04    1.0240965680e+00    9.9946735585e-01
        97   -5.2723537925e+01    2.7809532398e+03   -7.4041963241e+01    2.1318425315e+01   -1.8105631311e+01    7.2761500491e+00   -9.5386180610e+00   -5.3673863918e+01   -9.2884712192e+00    4.0780516937e+04    1.0349883910e+00    9.9948630086e-01
        98   -5.2722640505e+01    2.7808786903e+03   -7.4141126167e+01    2.1418485662e+01   -1.8106596643e+01    7.1768121747e+00   -9.5374777803e+00   -5.3673863918e+01   -9.2883871172e+00    4.0807483624e+04    1.0384520230e+00    9.9943165927e-01
        99   -5.2731326504e+01    2.7818021586e+03   -7.4103767436e+01    2.1372440932e+01   -1.8141143474e+01    7.2370671399e+00   -9.5258271842e+00   -5.3673863918e+01   -9.2764158606e+00    4.1038872613e+04    1.0440838410e+00    9.9949309558e-01
       100   -5.2730777393e+01    2.7817549141e+03   -7.4075809867e+01    2.1345032474e+01   -1.8104338034e+01    7.2515387615e+00   -9.5491466769e+00   -5.3673863918e+01   -9.2953710675e+00    4.1128365065e+04    1.0306224710e+00    9.9944736082e-01
       101   -5.2757162762e+01    2.7845034368e+03   -7.4017192271e+01    2.1260029510e+01   -1.8056073041e+01    7.2754639736e+00   -9.5627192854e+00   -5.3673863918e+01   -9.3140070873e+00    4.1035420150e+04    1.0262423090e+00    9.9944186677e-01
       102   -5.2722044554e+01    2.7807539554e+03   -7.4071600826e+01    2.1349556272e+01   -1.8009722151e+01    7.1875804859e+00   -9.5755952436e+00   -5.3673863918e+01   -9.3299334150e+00    4.1069185369e+04    1.0167946980e+00    9.9950833544e-01
       103   -5.2708869656e+01    2.7794153181e+03   -7.4021595162e+01    2.1312725505e+01   -1.8042045464e+01    7.2830666324e+00   -9.5887524124e+00   -5.3673863918e+01   -9.3382564064e+00    4.1042516241e+04    1.0234962330e+00    9.9945041593e-01
       104   -5.2699842076e+01    2.7784794342e+03   -7.4106100148e+01    2.1406258072e+01   -1.8036672479e+01    7.1871189020e+00   -9.5826826533e+00   -5.3673863918e+01   -9.3320712462e+00    4.0739582311e+04    1.0232142210e+00    9.9945949764e-01
       105   -5.2750345035e+01    2.7838470129e+03   -7.4100075225e+01    2.1349730191e+01   -1.8164194585e+01    7.2794071364e+00   -9.5414238589e+00   -5.3673863918e+01   -9.2883387851e+00    4.0659903288e+04    1.0180585680e+00    9.9949909357e-01
       106   -5.2797505573e+01    2.7888097682e+03   -7.4144710237e+01    2.1347204664e+01   -1.8088749174e+01    7.1569198453e+00   -9.5390169901e+00   -5.3673863918e+01   -9.2861434706e+00    4.0564397935e+04    1.0185689870e+00    9.9943342844e-01
       107   -5.2748582622e+01    2.7836434285e+03   -7.4130163020e+01    2.1381580398e+01   -1.8030084989e+01    7.1323988754e+00   -9.5586129888e+00   -5.3673863918e+01   -9.3100476381e+00    4.0971449370e+04    1.0236804780e+00    9.9948327520e-01
       108   -5.2748392581e+01    2.7836019348e+03   -7.4134615983e+01    2.1386223402e+01   -1.8076121958e+01    7.1523117895e+00   -9.5369418962e+00   -5.3673863918e+01   -9.2893578387e+00    4.0968070973e+04    1.0215147700e+00    9.9948680946e-01
       109   -5.2772417012e+01    2.7861104294e+03   -7.4209196827e+01    2.1436779814e+01   -1.8045541846e+01    7.0763764059e+00   -9.5661674689e+00   -5.3673863918e+01   -9.3183487150e+00    4.0840537154e+04    1.0320062350e+00    9.9946602478e-01
       110   -5.2777577427e+01    2.7866513906e+03   -7.4210965684e+01    2.1433388258e+01   -1.8065627799e+01    7.1160023218e+00   -9.5874762898e+00   -5.3673863918e+01   -9.3417954576e+00    4.0770958749e+04    1.0325521280e+00    9.9944654657e-01
       111   -5.2781770722e+01    2.7870753600e+03   -7.4243641030e+01    2.1461870308e+01   -1.8034664782e+01    7.0797079864e+00   -9.6148203167e+00   -5.3673863918e+01   -9.3771103771e+00    4.0502849463e+04    1.0323358120e+00    9.9949164405e-01
       112   -5.2743945456e+01    2.7830931497e+03   -7.4193548964e+01    2.1449603509e+01   -1.8057539978e+01    7.2035866138e+00   -9.6657316824e+00   -5.3673863918e+01   -9.4330633523e+00    4.0189900704e+04    1.0234542640e+00    9.9944042091e-01
       113   -5.2774045121e+01    2.7863181579e+03   -7.4219051038e+01    2.1445005917e+01   -1.7992567486e+01    7.0791120636e+00   -9.6317316976e+00   -5.3673863918e+01   -9.3963810706e+00    4.0308304272e+04    1.0183112540e+00    9.9946680385e-01
       114   -5.2758016001e+01    2.7846307072e+03   -7.4237153793e+01    2.1479137792e+01   -1.8012898491e+01    7.0421578787e+00   -9.5925492631e+00   -5.3673863918e+01   -9.3515785159e+00    4.0620277975e+04    1.0262903390e+00    9.9947156573e-01
       115   -5.2767901718e+01    2.7856257338e+03   -7.4234638426e+01    2.1466736709e+01   -1.8140594475e+01    7.1181324984e+00   -9.5383125319e+00   -5.3673863918e+01   -9.2931114488e+00    4.0449154537e+04    1.0230623240e+00    9.9946507068e-01
       116   -5.2763925267e+01    2.7852389036e+03   -7.4258107278e+01    2.1494182011e+01   -1.8232826155e+01    7.1656095281e+00   -9.5170267334e+00   -5.3673863918e+01   -9.2730346732e+00    4.0563883847e+04    1.0222817030e+00    9.9946539789e-01
       117   -5.2775671203e+01    2.7864406458e+03   -7.4261309985e+01    2.1485638782e+01   -1.8230469430e+01    7.1729661238e+00   -9.5299427611e+00   -5.3673863918e+01   -9.2841411840e+00    4.0680575539e+04    1.0328584370e+00    9.9948669792e-01
       118   -5.2771418502e+01    2.7860299126e+03   -7.4238623785e+01    2.1467205283e+01   -1.8225610230e+01    7.1662527838e+00   -9.5054024207e+00   -5.3673863918e+01   -9.2552955981e+00    4.0920513634e+04    1.0295306350e+00    9.9947483124e-01
       119   -5.2787526899e+01    2.7877771300e+03   -7.4220377282e+01    2.1432850382e+01   -1.8097125953e+01    7.0773649602e+00   -9.5267523709e+00   -5.3673863918e+01   -9.2790827009e+00    4.1067995997e+04    1.0453185980e+00    9.9946302378e-01
       120   -5.2783198532e+01    2.7872756718e+03   -7.4218006468e+01    2.1434807936e+01   -1.8036051477e+01    7.0408343491e+00   -9.5489254219e+00   -5.3673863918e+01   -9.3013375853e+00    4.1272071493e+04    1.0394502070e+00    9.9944028980e-01
       121   -5.2796282644e+01    2.7886415394e+03   -7.4222782183e+01    2.1426499540e+01   -1.8097470720e+01    7.0870165922e+00   -9.5384641380e+00   -5.3673863918e+01   -9.2885784971e+00    4.1437777252e+04    1.0371670040e+00    9.9947723838e-01
       122   -5.2792166268e+01    2.7881959804e+03   -7.4214184244e+01    2.1422017976e+01   -1.8121794630e+01    7.1048647737e+00   -9.5233904699e+00   -5.3673863918e+01   -9.2666120628e+00    4.1441059134e+04    1.0530849510e+00    9.9945492058e-01
       123   -5.2779742248e+01    2.7868822754e+03   -7.4224064800e+01    2.1444322553e+01   -1.8059490845e+01    7.0374565914e+00   -9.5281666288e+00   -5.3673863918e+01   -9.2742490404e+00    4.1781472477e+04    1.0362712740e+00    9.9947927004e-01
       124   -5.2765324162e+01    2.7853290993e+03   -7.4244214848e+01    2.1478890685e+01   -1.8001200197e+01    6.9744078577e+00   -9.5435585909e+00   -5.3673863918e+01   -9.2897093241e+00    4.1945685483e+04    1.0404301030e+00    9.9948658851e-01
       125   -5.2781187921e+01    2.7870526036e+03   -7.4174652539e+01    2.1393464618e+01   -1.8029820579e+01    7.1054031540e+00   -9.5763711963e+00   -5.3673863918e+01   -9.3251096385e+00    4.2109143594e+04    1.0321530080e+00    9.9949318522e-01
       126   -5.2775718961e+01    2.7865047023e+03   -7.4183994006e+01    2.1408275045e+01   -1.8130777758e+01    7.1581646304e+00   -9.5375169605e+00   -5.3673863918e+01   -9.2876950750e+00    4.2194374643e+04    1.0425064300e+00    9.9946706311e-01
       127   -5.2765040052e+01    2.7853539889e+03   -7.4150895462e+01    2.1385855410e+01   -1.8059058640e+01    7.0879746492e+00   -9.5059475540e+00   -5.3673863918e+01   -9.2555698096e+00    4.2262788814e+04    1.0258902390e+00    9.9945122384e-01
       128   -5.2756654371e+01    2.7845054597e+03   -7.4202509137e+01    2.1445854766e+01   -1.8145286613e+01    7.1135435591e+00   -9.4969021657e+00   -5.3673863918e+01   -9.2488071209e+00    4.2165550011e+04    1.0232805800e+00    9.9944997458e-01
       129   -5.2760453538e+01    2.7848438183e+03   -7.4226995972e+01    2.1466542434e+01   -1.8148206299e+01    7.1046165059e+00   -9.5095422613e+00   -5.3673863918e+01   -9.2661267938e+00    4.2196099186e+04    1.0407729020e+00    9.9947521761e-01
       130   -5.2728555083e+01    2.7814786698e+03   -7.4183010634e+01    2.1454455551e+01   -1.8245822440e+01    7.2577742627e+00   -9.5210985386e+00   -5.3673863918e+01   -9.2797414182e+00    4.1872745493e+04    1.0348435830e+00    9.9942522812e-01
       131   -5.2741505751e+01    2.7828775353e+03   -7.4176959584e+01    2.1435453833e+01   -1.8328234442e+01    7.3211884396e+00   -9.4960496639e+00   -5.3673863918e+01   -9.2568295618e+00    4.1848964255e+04    1.0267044520e+00    9.9946040315e-01
       132   -5.2758276256e+01    2.7846715000e+03   -7.4064695345e+01    2.1306419089e+01   -1.8313193172e+01    7.4022095191e+00   -9.4798477748e+00   -5.3673863918e+01   -9.2397501015e+00    4.1465152346e+04    1.0238554600e+00    9.9946769309e-01
       133   -5.2774322424e+01    2.7863549685e+03   -7.4102635706e+01    2.1328313283e+01   -1.8257601925e+01    7.3179215895e+00   -9.4890914529e+00   -5.3673863918e+01   -9.2488588232e+00    4.1466826936e+04    1.0246499070e+00    9.9945825601e-01
       134   -5.2765118714e+01    2.7853743058e+03   -7.4139075762e+01    2.1373957048e+01   -1.8223242577e+01    7.2847668604e+00   -9.5267361272e+00   -5.3673863918e+01   -9.2843182242e+00    4.1600185066e+04    1.0233190190e+00    9.9946061334e-01
       135   -5.2783250506e+01    2.7872700106e+03   -7.4238575563e+01    2.1455325057e+01   -1.8190322062e+01    7.1603967412e+00   -9.5347863239e+00   -5.3673863918e+01   -9.2920602562e+00    4.1742075330e+04    1.0271807330e+00    9.9946182524e-01
       136   -5.2755109389e+01    2.7842989580e+03   -7.4237885923e+01    2.1482776534e+01   -1.8241628866e+01    7.2134419217e+00   -9.5358350610e+00   -5.3673863918e+01   -9.2919026683e+00    4.1742161532e+04    1.0339816290e+00    9.9943035290e-01
       137   -5.2759531998e+01    2.7847998339e+03   -7.4136529977e+01    2.1376997979e+01   -1.8314817282e+01    7.4040492002e+00   -9.5518979782e+00   -5.3673863918e+01   -9.3051184839e+00    4.1904283779e+04    1.0385899890e+00    9.9949308241e-01
       138   -5.2760378788e+01    2.7848519847e+03   -7.4167953833e+01    2.1407575045e+01   -1.8219301894e+01    7.2903746519e+00   -9.5651626734e+00   -5.3673863918e+01   -9.3173812473e+00    4.1933065706e+04    1.0728759600e+00    9.9946667969e-01
       139   -5.2800271214e+01    2.7891011709e+03   -7.4247345422e+01    2.1447074208e+01   -1.8134344086e+01    7.1335650016e+00   -9.5727024199e+00   -5.3673863918e+01   -9.3335071533e+00    4.1806147516e+04    1.0479336950e+00    9.9948361604e-01
       140   -5.2797061596e+01    2.7887124506e+03   -7.4183908622e+01    2.1386847026e+01   -1.8233678767e+01    7.2600493347e+00   -9.5364152722e+00   -5.3673863918e+01   -9.3011033755e+00    4.1993703855e+04    1.0398101580e+00    9.9947606573e-01
       141   -5.2764035857e+01    2.7852292255e+03   -7.4175038671e+01    2.1411002815e+01   -1.8293537846e+01    7.3042471348e+00   -9.5118840423e+00   -5.3673863918e+01   -9.2734516531e+00    4.2258102769e+04    1.0328856830e+00    9.9946675377e-01
       142   -5.2760086327e+01    2.7848256238e+03   -7.4264510877e+01    2.1504424550e+01   -1.8343346392e+01    7.2741990745e+00   -9.5214996420e+00   -5.3673863918e+01   -9.2794877890e+00    4.1683355521e+04    1.0344865230e+00    9.9948336167e-01
       143   -5.2745801473e+01    2.7833465458e+03   -7.4369954768e+01    2.1624153294e+01   -1.8371651086e+01    7.1852048618e+00   -9.5096446258e+00   -5.3673863918e+01   -9.2610847550e+00    4.1722046138e+04    1.0251276900e+00    9.9944530432e-01
       144   -5.2766582409e+01    2.7855223554e+03   -7.4289682292e+01    2.1523099883e+01   -1.8233063789e+01    7.1233128878e+00   -9.5060674730e+00   -5.3673863918e+01   -9.2525042785e+00    4.1694368233e+04    1.0274333090e+00    9.9944546356e-01
       145   -5.2779826352e+01    2.7869710716e+03   -7.4228451282e+01    2.1448624930e+01   -1.8251817589e+01    7.1864367349e+00   -9.4892065106e+00   -5.3673863918e+01   -9.2355329330e+00    4.1970018741e+04    1.0393106750e+00    9.9947407265e-01
       146   -5.2753228636e+01    2.7841107351e+03   -7.4212675536e+01    2.1459446900e+01   -1.8279737607e+01    7.1981351957e+00   -9.4572092063e+00   -5.3673863918e+01   -9.2062603278e+00    4.1994460542e+04    1.0438159060e+00    9.9944599303e-01
       147   -5.2757427986e+01    2.7845962530e+03   -7.4209513241e+01    2.1452085255e+01   -1.8220830434e+01    7.2034412874e+00   -9.5182601766e+00   -5.3673863918e+01   -9.2691479687e+00    4.2045463283e+04    1.0355047130e+00    9.9946348540e-01
       148   -5.2755886047e+01    2.7844344693e+03   -7.4359342157e+01    2.1603456111e+01   -1.8191681971e+01    7.0570328967e+00   -9.5508291647e+00   -5.3673863918e+01   -9.3029516602e+00    4.1847499828e+04    1.0273597750e+00    9.9943820618e-01
       149   -5.2754385047e+01    2.7842922235e+03   -7.4212367049e+01    2.1457982002e+01   -1.8181986897e+01    7.1760531945e+00   -9.5325694286e+00   -5.3673863918e+01   -9.2845804758e+00    4.1625371364e+04    1.0509753020e+00    9.9944691464e-01
       150   -5.2773936310e+01    2.7863099433e+03   -7.4140829421e+01    2.1366893111e+01   -1.8224680950e+01    7.3095594008e+00   -9.5518439546e+00   -5.3673863918e+01   -9.3060922853e+00    4.1711008584e+04    1.0284352100e+00    9.9944390875e-01
       151   -5.2774117056e+01    2.7862972930e+03   -7.4107482528e+01    2.1333365472e+01   -1.8260836219e+01    7.3251692546e+00   -9.4979516455e+00   -5.3673863918e+01   -9.2557489085e+00    4.1596324357e+04    1.0466127100e+00    9.9946817119e-01
       152   -5.2768448565e+01    2.7856647101e+03   -7.4232419850e+01    2.1463971285e+01   -1.8225985417e+01    7.1853245791e+00   -9.5178950943e+00   -5.3673863918e+01   -9.2763252365e+00    4.1568793927e+04    1.0539543390e+00    9.9946430531e-01
       153   -5.2731093307e+01    2.7817682832e+03   -7.4338171994e+01    2.1607078686e+01   -1.8144106359e+01    7.0021363542e+00   -9.5223380714e+00   -5.3673863918e+01   -9.2790288685e+00    4.1640648484e+04    1.0229213960e+00    9.9947938902e-01
       154   -5.2717121345e+01    2.7803555817e+03   -7.4276259084e+01    2.1559137739e+01   -1.8162938154e+01    7.0983347351e+00   -9.5377917481e+00   -5.3673863918e+01   -9.2987079434e+00    4.1550675979e+04    1.0281368030e+00    9.9946832296e-01
       155   -5.2717819323e+01    2.7803686032e+03   -7.4136278497e+01    2.1418459174e+01   -1.8174146103e+01    7.2684479890e+00   -9.5567164656e+00   -5.3673863918e+01   -9.3142419932e+00    4.1369036646e+04    1.0218190550e+00    9.9946715048e-01
       156   -5.2753109460e+01    2.7840720696e+03   -7.4157023250e+01    2.1403913790e+01   -1.8279451328e+01    7.3357343278e+00   -9.5394423327e+00   -5.3673863918e+01   -9.2980455654e+00    4.0834811280e+04    1.0335471570e+00    9.9949648646e-01
       157   -5.2728288824e+01    2.7814700569e+03   -7.4201814159e+01    2.1473525335e+01   -1.8318260013e+01    7.3425762007e+00   -9.5522664296e+00   -5.3673863918e+01   -9.3133044709e+00    4.0628472083e+04    1.0247659430e+00    9.9944594913e-01
       158   -5.2697179791e+01    2.7781830690e+03   -7.4249518219e+01    2.1552338428e+01   -1.8184600274e+01    7.2030350340e+00   -9.5940890619e+00   -5.3673863918e+01   -9.3549445527e+00    4.0723538509e+04    1.0265518320e+00    9.9946410202e-01
       159   -5.2732691987e+01    2.7819287592e+03   -7.4306239232e+01    2.1573547245e+01   -1.8049496956e+01    7.0189003778e+00   -9.6017787355e+00   -5.3673863918e+01   -9.3643372779e+00    4.0739378836e+04    1.0383724870e+00    9.9948217949e-01
       160   -5.2763062343e+01    2.7852488549e+03   -7.4219096287e+01    2.1456033944e+01   -1.8083377347e+01    7.1076862086e+00   -9.5695412303e+00   -5.3673863918e+01   -9.3361505336e+00    4.1132230590e+04    1.0339479800e+00    9.9946393765e-01
       161   -5.2772526809e+01    2.7861886010e+03   -7.4146645275e+01    2.1374118466e+01   -1.8204553347e+01    7.2746613117e+00   -9.5428893216e+00   -5.3673863918e+01   -9.3078674292e+00    4.1072651949e+04    1.0374261940e+00    9.9946135984e-01
       162   -5.2743749992e+01    2.7830803483e+03   -7.4144089002e+01    2.1400339010e+01   -1.8242254491e+01    7.3055140494e+00   -9.5334846428e+00   -5.3673863918e+01   -9.3011067817e+00    4.1102192589e+04    1.0273488280e+00    9.9946359858e-01
       163   -5.2732395628e+01    2.7819162567e+03   -7.4157938401e+01    2.1425542773e+01   -1.8126670049e+01    7.1810979452e+00   -9.5385023795e+00   -5.3673863918e+01   -9.3034013380e+00    4.1186364077e+04    1.0277184320e+00    9.9944400760e-01
       164   -5.2735156315e+01    2.7822452805e+03   -7.4157097577e+01    2.1421941262e+01   -1.8073020723e+01    7.1503775283e+00   -9.5605904642e+00   -5.3673863918e+01   -9.3289912224e+00    4.1273298608e+04    1.0307219870e+00    9.9945226977e-01
       165   -5.2739442361e+01    2.7826492365e+03   -7.4170945989e+01    2.1431503628e+01   -1.8173880566e+01    7.2143969395e+00   -9.5375984449e+00   -5.3673863918e+01   -9.3072386495e+00    4.1371842618e+04    1.0277545610e+00    9.9946594579e-01
       166   -5.2760342974e+01    2.7848582720e+03   -7.4205259291e+01    2.1444916317e+01   -1.8249567276e+01    7.2333526051e+00   -9.5151807025e+00   -5.3673863918e+01   -9.2793081752e+00    4.1186043826e+04    1.0314614560e+00    9.9944511100e-01
       167   -5.2743072685e+01    2.7830507551e+03   -7.4045872512e+01    2.1302799828e+01   -1.8260114983e+01    7.4302259834e+00   -9.5421195947e+00   -5.3673863918e+01   -9.2974166230e+00    4.0702020113e+04    1.0275686840e+00    9.9946249542e-01
       168   -5.2746405255e+01    2.7834210230e+03   -7.4102588750e+01    2.1356183495e+01   -1.8327660419e+01    7.4179402507e+00   -9.5190046646e+00   -5.3673863918e+01   -9.2718993150e+00    4.0809148593e+04    1.0332219090e+00    9.9946569767e-01
       169   -5.2768649709e+01    2.7857199929e+03   -7.4157220477e+01    2.1388570768e+01   -1.8377693794e+01    7.4233966421e+00   -9.5290594076e+00   -5.3673863918e+01   -9.2783164328e+00    4.1204915596e+04    1.0362730960e+00    9.9944238017e-01
       170   -5.2760296313e+01    2.7848282463e+03   -7.4404598668e+01    2.1644302355e+01   -1.8297203802e+01    7.1220467777e+00   -9.5555777259e+00   -5.3673863918e+01   -9.3087510338e+00    4.1436823718e+04    1.0418570800e+00    9.9945083987e-01
       171   -5.2747019716e+01    2.7834553656e+03   -7.4295025070e+01    2.1548005355e+01   -1.8254402929e+01    7.1635344108e+00   -9.5302926337e+00   -5.3673863918e+01   -9.2865502913e+00    4.1587289011e+04    1.0356812840e+00    9.9945639171e-01
       172   -5.2773501101e+01    2.7862304173e+03   -7.4092778186e+01    2.1319277085e+01   -1.8283083809e+01    7.3318466384e+00   -9.4676770984e+00   -5.3673863918e+01   -9.2219134465e+00    4.1746209474e+04    1.0387008750e+00    9.9947592467e-01
       173   -5.2758941914e+01    2.7847198164e+03   -7.4115858065e+01    2.1356916151e+01   -1.8178075904e+01    7.2059885759e+00   -9.4699068191e+00   -5.3673863918e+01   -9.2216995837e+00    4.1562912043e+04    1.0358125820e+00    9.9950239560e-01
       174   -5.2751597406e+01    2.7839381618e+03   -7.4195957327e+01    2.1444359921e+01   -1.8148112880e+01    7.0971166391e+00   -9.4710971688e+00   -5.3673863918e+01   -9.2317868890e+00    4.1737576618e+04    1.0300119670e+00    9.9947236859e-01
       175   -5.2748822452e+01    2.7836843050e+03   -7.4103534627e+01    2.1354712175e+01   -1.8143537151e+01    7.1812078295e+00   -9.4673413871e+00   -5.3673863918e+01   -9.2293711996e+00    4.1698143531e+04    1.0516897250e+00    9.9945666891e-01
       176   -5.2751791942e+01    2.7839592436e+03   -7.4100688742e+01    2.1348896800e+01   -1.8219902806e+01    7.2674202585e+00   -9.4743422769e+00   -5.3673863918e+01   -9.2351588783e+00    4.1565391912e+04    1.0366536140e+00    9.9945257048e-01
       177   -5.2756619339e+01    2.7844754430e+03   -7.4121203490e+01    2.1364584150e+01   -1.8154926735e+01    7.2076386672e+00   -9.5000515039e+00   -5.3673863918e+01   -9.2606314818e+00    4.1253821935e+04    1.0293877520e+00    9.9946909613e-01
       178   -5.2756327950e+01    2.7844438951e+03   -7.4139000020e+01    2.1382672070e+01   -1.8068791089e+01    7.1584330621e+00   -9.5547780756e+00   -5.3673863918e+01   -9.3186863086e+00    4.1124451713e+04    1.0184824390e+00    9.9947631403e-01
       179   -5.2726964686e+01    2.7813481966e+03   -7.4258308596e+01    2.1531343910e+01   -1.8063489464e+01    7.0550579279e+00   -9.5760131425e+00   -5.3673863918e+01   -9.3419951538e+00    4.1180325698e+04    1.0352043390e+00    9.9947947109e-01
       180   -5.2749815315e+01    2.7837575692e+03   -7.4035289500e+01    2.1285474185e+01   -1.8012223575e+01    7.2408441200e+00   -9.5900461276e+00   -5.3673863918e+01   -9.3524879772e+00    4.1292173527e+04    1.0354562230e+00    9.9944775692e-01
       181   -5.2760068255e+01    2.7848036279e+03   -7.4061945707e+01    2.1301877452e+01   -1.8066413656e+01    7.2511910125e+00   -9.5728591465e+00   -5.3673863918e+01   -9.3288742877e+00    4.1375160052e+04    1.0378364480e+00    9.9949128044e-01
       182   -5.2735800166e+01    2.7822556166e+03   -7.3974739046e+01    2.1238938880e+01   -1.7992888747e+01    7.2751441217e+00   -9.5831305029e+00   -5.3673863918e+01   -9.3427187400e+00    4.1073783723e+04    1.0245951760e+00    9.9949649626e-01
       183   -5.2752654855e+01    2.7840616939e+03   -7.3935322789e+01    2.1182667934e+01   -1.7979426023e+01    7.3050118858e+00   -9.5870447339e+00   -5.3673863918e+01   -9.3502818048e+00    4.0714794539e+04    1.0219268240e+00    9.9949379191e-01
       184   -5.2743809963e+01    2.7830924828e+03   -7.3981000456e+01    2.1237190493e+01   -1.7942893813e+01    7.2245202263e+00   -9.5887629513e+00   -5.3673863918e+01   -9.3488245617e+00    4.0590883618e+04    1.0324296570e+00    9.9947483252e-01
       185   -5.2725422570e+01    2.7811780116e+03   -7.3933328611e+01    2.1207906040e+01   -1.7970875355e+01    7.2417765779e+00   -9.5303659157e+00   -5.3673863918e+01   -9.2907774385e+00    4.0514647334e+04    1.0179010850e+00    9.9942753537e-01
       186   -5.2733672309e+01    2.7820783747e+03   -7.4085326687e+01    2.1351654378e+01   -1.8024818011e+01    7.2104062163e+00   -9.5970509746e+00   -5.3673863918e+01   -9.3592815565e+00    4.0657281896e+04    1.0247277120e+00    9.9945652826e-01
       187   -5.2736177049e+01    2.7823457298e+03   -7.4138363615e+01    2.1402186566e+01   -1.8020157278e+01    7.1067015388e+00   -9.5510439584e+00   -5.3673863918e+01   -9.3153139773e+00    4.0502910712e+04    1.0253478120e+00    9.9946105895e-01
       188   -5.2755795271e+01    2.7844154335e+03   -7.4132511756e+01    2.1376716485e+01   -1.8072094265e+01    7.1216003825e+00   -9.5081539556e+00   -5.3673863918e+01   -9.2745161566e+00    4.0881790784e+04    1.0370733960e+00    9.9945111361e-01
       189   -5.2760645872e+01    2.7848743729e+03   -7.4052961556e+01    2.1292315684e+01   -1.8115850639e+01    7.2572865350e+00   -9.5205335339e+00   -5.3673863918e+01   -9.2903886774e+00    4.0716608671e+04    1.0338467940e+00    9.9948121159e-01
       190   -5.2756688769e+01    2.7845245598e+03   -7.4104402914e+01    2.1347714145e+01   -1.8190065646e+01    7.2559577658e+00   -9.4964311162e+00   -5.3673863918e+01   -9.2669115794e+00    4.0798697409e+04    1.0240815640e+00    9.9947210370e-01
       191   -5.2767214312e+01    2.7856740392e+03   -7.4037820863e+01    2.1270606551e+01   -1.8158839688e+01    7.3197647900e+00   -9.5248820475e+00   -5.3673863918e+01   -9.2892948735e+00    4.0881075946e+04    1.0203664210e+00    9.9944510674e-01
       192   -5.2807144637e+01    2.7897806971e+03   -7.4029724143e+01    2.1222579506e+01   -1.8126150064e+01    7.3188944878e+00   -9.5486046490e+00   -5.3673863918e+01   -9.3072532569e+00    4.0613429480e+04    1.0156344340e+00    9.9949118158e-01
       193   -5.2802828375e+01    2.7893108022e+03   -7.4041583035e+01    2.1238754661e+01   -1.8194753174e+01    7.3597428855e+00   -9.5327088294e+00   -5.3673863918e+01   -9.2877726040e+00    4.0531146948e+04    1.0173112060e+00    9.9941189890e-01
       194   -5.2777236871e+01    2.7866129600e+03   -7.4275566499e+01    2.1498329629e+01   -1.8180009690e+01    7.1394312571e+00   -9.5611241490e+00   -5.3673863918e+01   -9.3141336867e+00    4.0964830554e+04    1.0323223600e+00    9.9947122713e-01
       195   -5.2756377110e+01    2.7844296021e+03   -7.4086767298e+01    2.1330390188e+01   -1.8154259731e+01    7.2938141570e+00   -9.5524578061e+00   -5.3673863918e+01   -9.3085959126e+00    4.1030078426e+04    1.0412557040e+00    9.9946261807e-01
       196   -5.2756756781e+01    2.7843967874e+03   -7.4119800921e+01    2.1363044140e+01   -1.8154667309e+01    7.2365600556e+00   -9.5278297500e+00   -5.3673863918e+01   -9.2908876968e+00    4.1042215590e+04    1.0276047870e+00    9.9943306143e-01
       197   -5.2745316399e+01    2.7832721946e+03   -7.4058001656e+01    2.1312685258e+01   -1.8108458736e+01    7.2421972385e+00   -9.5178762407e+00   -5.3673863918e+01   -9.2792172326e+00    4.1523415493e+04    1.0325710950e+00    9.9949020584e-01
       198   -5.2737102287e+01    2.7824019277e+03   -7.4106679309e+01    2.1369577021e+01   -1.8118904132e+01    7.1978229631e+00   -9.5117342222e+00   -5.3673863918e+01   -9.2688734817e+00    4.1693769247e+04    1.0391074640e+00    9.9945020913e-01
       199   -5.2717480438e+01    2.7803067106e+03   -7.4044828830e+01    2.1327348393e+01   -1.7989793649e+01    7.0949977155e+00   -9.4761689793e+00   -5.3673863918e+01   -9.2343746782e+00    4.1605196335e+04    1.0404201250e+00    9.9945611913e-01
