# Index          LocalEnergy            Variance              Weight        NumOfWalkers      AvgSentWalkers         TrialEnergy             DiffEff      LivingFraction
         0   -4.5747290450e+01    1.3652640214e+00    5.1218123078e+02    5.1200000000e+02    0.0000000000e+00   -4.5676219034e+01    9.9388200810e-01    1.0000000000e+00
         1   -4.5713049984e+01    1.5934066459e+00    5.1191256091e+02    5.1200000000e+02    0.0000000000e+00   -4.5782680824e+01    9.9454558759e-01    9.8828125000e-01
         2   -4.5693090303e+01    1.7676714514e+00    5.1004931395e+02    5.1000000000e+02    0.0000000000e+00   -4.5695970579e+01    9.9568677348e-01    9.9215686275e-01
         3   -4.5691742217e+01    1.4177071184e+00    5.0791401226e+02    5.0600000000e+02    0.0000000000e+00   -4.5311369305e+01    9.9493251810e-01    9.9802371542e-01
         4   -4.5711265961e+01    1.3866532122e+00    5.1717581611e+02    5.1300000000e+02    0.0000000000e+00   -4.4890496318e+01    9.9459648267e-01    9.9610136452e-01
         5   -4.5766965184e+01    1.1931060561e+00    5.1002757358e+02    5.1500000000e+02    0.0000000000e+00   -4.6717092111e+01    9.9346214040e-01    9.9611650485e-01
         6   -4.5761947392e+01    1.1299164979e+00    5.1493510561e+02    5.1300000000e+02    0.0000000000e+00   -4.5380981691e+01    9.9423369144e-01    9.9610136452e-01
         7   -4.5700942062e+01    1.0249324305e+00    5.1094771637e+02    5.1400000000e+02    0.0000000000e+00   -4.6333573308e+01    9.9415067077e-01    9.9416342412e-01
         8   -4.5730348062e+01    1.1928914606e+00    5.1514950402e+02    5.1400000000e+02    0.0000000000e+00   -4.5495206426e+01    9.9449642509e-01    9.9805447471e-01
         9   -4.5626198841e+01    1.1191582767e+00    5.1659587949e+02    5.2000000000e+02    0.0000000000e+00   -4.6343601318e+01    9.9383167393e-01    9.9423076923e-01
        10   -4.5676599887e+01    1.1669231333e+00    5.1352922322e+02    5.1800000000e+02    0.0000000000e+00   -4.6519826779e+01    9.9490313913e-01    9.8455598456e-01
        11   -4.5696699224e+01    1.0814428912e+00    5.0856574682e+02    5.1000000000e+02    0.0000000000e+00   -4.5974831146e+01    9.9495772448e-01    9.9607843137e-01
        12   -4.5705725750e+01    1.1267153680e+00    5.1344530886e+02    5.1000000000e+02    0.0000000000e+00   -4.5023686995e+01    9.9607256496e-01    9.9803921569e-01
        13   -4.5753916777e+01    1.0760315301e+00    5.0868497806e+02    5.1000000000e+02    0.0000000000e+00   -4.5987614955e+01    9.9500015300e-01    9.9411764706e-01
        14   -4.5686620401e+01    1.3000680085e+00    5.1111242591e+02    5.0800000000e+02    0.0000000000e+00   -4.5104346407e+01    9.9438173265e-01    9.9606299213e-01
        15   -4.5777852149e+01    1.0956727572e+00    5.1212101363e+02    5.1100000000e+02    0.0000000000e+00   -4.5513115654e+01    9.9377901055e-01    1.0000000000e+00
        16   -4.5702876410e+01    1.0146750401e+00    5.1367590203e+02    5.1400000000e+02    0.0000000000e+00   -4.5801484832e+01    9.9360853288e-01    1.0000000000e+00
        17   -4.5735941869e+01    1.0077411322e+00    5.1440367796e+02    5.1600000000e+02    0.0000000000e+00   -4.6029666485e+01    9.9505657530e-01    9.9806201550e-01
        18   -4.5750593328e+01    1.0250278331e+00    5.1262883809e+02    5.1500000000e+02    0.0000000000e+00   -4.6204311655e+01    9.9427231756e-01    9.9417475728e-01
        19   -4.5721040897e+01    1.0654271689e+00    5.1228930392e+02    5.1300000000e+02    0.0000000000e+00   -4.5873337905e+01    9.9350806653e-01    9.9805068226e-01
        20   -4.5709865094e+01    1.0477689654e+00    5.1166457950e+02    5.1200000000e+02    0.0000000000e+00   -4.5777529612e+01    9.9529988655e-01    9.9804687500e-01
        21   -4.5688204912e+01    1.0065337140e+00    5.1193223590e+02    5.1200000000e+02    0.0000000000e+00   -4.5709209761e+01    9.9485186254e-01    9.8828125000e-01
        22   -4.5749126683e+01    9.9962837456e-01    5.0712641580e+02    5.0700000000e+02    0.0000000000e+00   -4.5698902642e+01    9.9530972085e-01    9.9605522682e-01
        23   -4.5736386257e+01    1.0340951224e+00    5.0819721639e+02    5.0800000000e+02    0.0000000000e+00   -4.5706167918e+01    9.9529389667e-01    9.9803149606e-01
        24   -4.5704063168e+01    1.1162286003e+00    5.1204189091e+02    5.1200000000e+02    0.0000000000e+00   -4.5713440705e+01    9.9530091627e-01    9.9414062500e-01
        25   -4.5705823271e+01    1.0228884658e+00    5.1094887217e+02    5.1100000000e+02    0.0000000000e+00   -4.5717611038e+01    9.9485701600e-01    9.9804305284e-01
        26   -4.5726247950e+01    1.1207832328e+00    5.1099495302e+02    5.1100000000e+02    0.0000000000e+00   -4.5713523136e+01    9.9374053531e-01    9.9608610568e-01
        27   -4.5686416409e+01    1.1397037391e+00    5.0994539366e+02    5.1000000000e+02    0.0000000000e+00   -4.5715137565e+01    9.9475405286e-01    9.9803921569e-01
        28   -4.5714299440e+01    1.2884700159e+00    5.0993969234e+02    5.1000000000e+02    0.0000000000e+00   -4.5709245742e+01    9.9543733009e-01    9.9411764706e-01
        29   -4.5717892559e+01    1.1294411827e+00    5.0702232398e+02    5.0700000000e+02    0.0000000000e+00   -4.5709349308e+01    9.9470791946e-01    9.9605522682e-01
        30   -4.5759364435e+01    1.2699090372e+00    5.0615702500e+02    5.0600000000e+02    0.0000000000e+00   -4.5704062983e+01    9.9314008406e-01    9.9604743083e-01
        31   -4.5721841695e+01    1.6087523258e+00    5.0818799245e+02    5.0800000000e+02    0.0000000000e+00   -4.5706494157e+01    9.9438693894e-01    9.9212598425e-01
        32   -4.5817160032e+01    1.2088947293e+00    5.0731659785e+02    5.0700000000e+02    0.0000000000e+00   -4.5710821141e+01    9.9435110110e-01    9.9802761341e-01
        33   -4.5773604563e+01    1.2387105597e+00    5.0738190800e+02    5.0700000000e+02    0.0000000000e+00   -4.5716710014e+01    9.9426351512e-01    9.9802761341e-01
        34   -4.5799316598e+01    1.2657522848e+00    5.0934006251e+02    5.0900000000e+02    0.0000000000e+00   -4.5720246256e+01    9.9357508103e-01    9.9803536346e-01
        35   -4.5822190182e+01    1.3606913551e+00    5.1140514042e+02    5.1100000000e+02    0.0000000000e+00   -4.5728765472e+01    9.9294687398e-01    9.9804305284e-01
        36   -4.5830665298e+01    1.3599340732e+00    5.1243303363e+02    5.1200000000e+02    0.0000000000e+00   -4.5738325192e+01    9.9376265033e-01    9.9609375000e-01
        37   -4.5791112004e+01    1.1599536926e+00    5.1231831486e+02    5.1200000000e+02    0.0000000000e+00   -4.5745696502e+01    9.9386739895e-01    9.9609375000e-01
        38   -4.5847841295e+01    1.1831436374e+00    5.1439285986e+02    5.1400000000e+02    0.0000000000e+00   -4.5748042657e+01    9.9354115701e-01    9.9610894942e-01
        39   -4.5793828668e+01    1.2269774701e+00    5.1534025783e+02    5.1500000000e+02    0.0000000000e+00   -4.5757369080e+01    9.9362570683e-01    9.9805825243e-01
        40   -4.5782960780e+01    1.1184953247e+00    5.1412390369e+02    5.1400000000e+02    0.0000000000e+00   -4.5761265278e+01    9.9444157212e-01    9.9805447471e-01
        41   -4.5821327427e+01    1.1160598396e+00    5.1620424974e+02    5.1600000000e+02    0.0000000000e+00   -4.5760244969e+01    9.9505397951e-01    9.9806201550e-01
        42   -4.5774864515e+01    1.3425973998e+00    5.1816762680e+02    5.1800000000e+02    0.0000000000e+00   -4.5767247837e+01    9.9337463264e-01    9.9613899614e-01
        43   -4.5802363826e+01    1.2386995974e+00    5.1707545552e+02    5.1700000000e+02    0.0000000000e+00   -4.5771730831e+01    9.9421842619e-01    9.9613152805e-01
        44   -4.5789541973e+01    1.2123442297e+00    5.1611283573e+02    5.1600000000e+02    0.0000000000e+00   -4.5771396148e+01    9.9356707598e-01    9.9806201550e-01
        45   -4.5809010655e+01    1.1507018873e+00    5.1814286368e+02    5.1800000000e+02    0.0000000000e+00   -4.5770653152e+01    9.9341661160e-01    9.9613899614e-01
        46   -4.5818804359e+01    1.1524647923e+00    5.1818537166e+02    5.1800000000e+02    0.0000000000e+00   -4.5776361750e+01    9.9337843149e-01    9.9227799228e-01
        47   -4.5776827460e+01    1.0991940255e+00    5.1509589053e+02    5.1500000000e+02    0.0000000000e+00   -4.5778457452e+01    9.9441318398e-01    9.9417475728e-01
        48   -4.5794500179e+01    1.1382075032e+00    5.1407742544e+02    5.1400000000e+02    0.0000000000e+00   -4.5772848150e+01    9.9369839699e-01    9.9221789883e-01
        49   -4.5826754090e+01    1.2678554043e+00    5.1020339247e+02    5.1000000000e+02    0.0000000000e+00   -4.5771823458e+01    9.9464247744e-01    9.9411764706e-01
        50   -4.5831711667e+01    1.1101454162e+00    5.0932619350e+02    5.0900000000e+02    0.0000000000e+00   -4.5766225022e+01    9.9549198957e-01    9.9607072692e-01
        51   -4.5860665742e+01    1.2793641896e+00    5.0941802366e+02    5.0900000000e+02    0.0000000000e+00   -4.5766503310e+01    9.9380678684e-01    9.9410609037e-01
        52   -4.5779880356e+01    1.1327695656e+00    5.0825334629e+02    5.0800000000e+02    0.0000000000e+00   -4.5769462544e+01    9.9461278666e-01    9.9409448819e-01
        53   -4.5743249265e+01    1.1578427686e+00    5.0796643023e+02    5.0800000000e+02    0.0000000000e+00   -4.5767336125e+01    9.9439218739e-01    9.9606299213e-01
        54   -4.5783206527e+01    1.2202453799e+00    5.0899391757e+02    5.0900000000e+02    0.0000000000e+00   -4.5765846997e+01    9.9400310131e-01    9.9410609037e-01
        55   -4.5757576478e+01    1.1241643262e+00    5.0600340899e+02    5.0600000000e+02    0.0000000000e+00   -4.5768137708e+01    9.9328982800e-01    9.9802371542e-01
        56   -4.5732641174e+01    1.3558923563e+00    5.0489274331e+02    5.0500000000e+02    0.0000000000e+00   -4.5761788109e+01    9.9555606672e-01    1.0000000000e+00
        57   -4.5721136455e+01    1.2122854793e+00    5.0783459085e+02    5.0800000000e+02    0.0000000000e+00   -4.5758484554e+01    9.9508139457e-01    9.9803149606e-01
        58   -4.5692084553e+01    1.1218606800e+00    5.0770926290e+02    5.0800000000e+02    0.0000000000e+00   -4.5762943620e+01    9.9364368269e-01    9.9409448819e-01
        59   -4.5753841866e+01    1.3072466739e+00    5.0681907914e+02    5.0700000000e+02    0.0000000000e+00   -4.5760670444e+01    9.9553757920e-01    9.9802761341e-01
        60   -4.5747279787e+01    1.2122079701e+00    5.0996868846e+02    5.1000000000e+02    0.0000000000e+00   -4.5758534465e+01    9.9419771245e-01    9.9411764706e-01
        61   -4.5811107043e+01    1.6357615162e+00    5.1205740381e+02    5.1200000000e+02    0.0000000000e+00   -4.5764207134e+01    9.9471312463e-01    9.9609375000e-01
        62   -4.5790496879e+01    1.8965066732e+00    5.1098636641e+02    5.1100000000e+02    0.0000000000e+00   -4.5769316556e+01    9.9357778503e-01    1.0000000000e+00
        63   -4.5749807074e+01    1.4797384911e+00    5.1492819932e+02    5.1500000000e+02    0.0000000000e+00   -4.5767717902e+01    9.9140030765e-01    9.9417475728e-01
        64   -4.5750513053e+01    1.1867837319e+00    5.1789113467e+02    5.1800000000e+02    0.0000000000e+00   -4.5774950362e+01    9.9430130113e-01    9.9806949807e-01
        65   -4.5789347265e+01    1.2980023840e+00    5.2100488044e+02    5.2100000000e+02    0.0000000000e+00   -4.5780271624e+01    9.9394934219e-01    9.9616122841e-01
        66   -4.5734736464e+01    1.2688855580e+00    5.2086666450e+02    5.2100000000e+02    0.0000000000e+00   -4.5786711979e+01    9.9478181460e-01    1.0000000000e+00
        67   -4.5739119581e+01    1.2744790733e+00    5.2273211454e+02    5.2300000000e+02    0.0000000000e+00   -4.5785711747e+01    9.9387427653e-01    9.9426386233e-01
        68   -4.5779308252e+01    1.3141550681e+00    5.2183087730e+02    5.2200000000e+02    0.0000000000e+00   -4.5788673811e+01    9.9414189243e-01    9.9808429119e-01
        69   -4.5791700573e+01    1.5499882599e+00    5.2296430704e+02    5.2300000000e+02    0.0000000000e+00   -4.5787180456e+01    9.9398998402e-01    9.9808795411e-01
        70   -4.5780445770e+01    1.3401145541e+00    5.2598290319e+02    5.2600000000e+02    0.0000000000e+00   -4.5789820907e+01    9.9377191254e-01    9.9429657795e-01
        71   -4.5763037658e+01    1.4200789613e+00    5.2585935071e+02    5.2600000000e+02    0.0000000000e+00   -4.5795808037e+01    9.9511332764e-01    1.0000000000e+00
        72   -4.5749519876e+01    1.2671823763e+00    5.2677376670e+02    5.2700000000e+02    0.0000000000e+00   -4.5795461067e+01    9.9437520109e-01    9.9430740038e-01
        73   -4.5778045318e+01    1.1432678060e+00    5.2482675834e+02    5.2500000000e+02    0.0000000000e+00   -4.5796835586e+01    9.9467759721e-01    9.9238095238e-01
        74   -4.5788955281e+01    1.1324420453e+00    5.2598815232e+02    5.2600000000e+02    0.0000000000e+00   -4.5793311459e+01    9.9366343906e-01    9.9239543726e-01
        75   -4.5714561452e+01    1.1942752657e+00    5.2477846921e+02    5.2500000000e+02    0.0000000000e+00   -4.5795892604e+01    9.9526324393e-01    9.9809523810e-01
        76   -4.5749045572e+01    1.2057714063e+00    5.2366111451e+02    5.2400000000e+02    0.0000000000e+00   -4.5792619106e+01    9.9411547032e-01    9.9618320611e-01
        77   -4.5735133640e+01    1.1270647405e+00    5.2374556830e+02    5.2400000000e+02    0.0000000000e+00   -4.5790155679e+01    9.9611126535e-01    9.8664122137e-01
        78   -4.5726766788e+01    1.4101096203e+00    5.1671482215e+02    5.1700000000e+02    0.0000000000e+00   -4.5789756564e+01    9.9325122727e-01    9.9032882012e-01
        79   -4.5744731416e+01    1.1926593486e+00    5.1181130424e+02    5.1200000000e+02    0.0000000000e+00   -4.5775558482e+01    9.9376819047e-01    9.9804687500e-01
        80   -4.5759843506e+01    1.0768773098e+00    5.1292387823e+02    5.1300000000e+02    0.0000000000e+00   -4.5765662362e+01    9.9525515129e-01    9.9415204678e-01
        81   -4.5736384074e+01    1.1830899245e+00    5.1189887088e+02    5.1200000000e+02    0.0000000000e+00   -4.5767732366e+01    9.9285685776e-01    9.8828125000e-01
        82   -4.5777961755e+01    1.1909350134e+00    5.0698349975e+02    5.0700000000e+02    0.0000000000e+00   -4.5765255466e+01    9.9256306951e-01    9.9605522682e-01
        83   -4.5750260261e+01    1.3198319824e+00    5.0502812716e+02    5.0500000000e+02    0.0000000000e+00   -4.5755805388e+01    9.9424272786e-01    9.9801980198e-01
        84   -4.5787637820e+01    1.3061927368e+00    5.0608268306e+02    5.0600000000e+02    0.0000000000e+00   -4.5751700566e+01    9.9607677450e-01    1.0000000000e+00
        85   -4.5770464513e+01    1.3002131295e+00    5.0912590456e+02    5.0900000000e+02    0.0000000000e+00   -4.5754128452e+01    9.9429068452e-01    9.9410609037e-01
        86   -4.5736362318e+01    1.3771842064e+00    5.0797109159e+02    5.0800000000e+02    0.0000000000e+00   -4.5760195120e+01    9.9233737038e-01    1.0000000000e+00
        87   -4.5741854079e+01    1.4689054771e+00    5.0887877040e+02    5.0900000000e+02    0.0000000000e+00   -4.5757484584e+01    9.9364141230e-01    9.9803536346e-01
        88   -4.5758656441e+01    1.1791789208e+00    5.0793199625e+02    5.0800000000e+02    0.0000000000e+00   -4.5758923822e+01    9.9409801040e-01    9.9409448819e-01
        89   -4.5738081843e+01    1.0763363862e+00    5.0699101631e+02    5.0700000000e+02    0.0000000000e+00   -4.5756969084e+01    9.9488654903e-01    9.9605522682e-01
        90   -4.5762471535e+01    1.2232545077e+00    5.0697862899e+02    5.0700000000e+02    0.0000000000e+00   -4.5754731019e+01    9.9471982522e-01    9.9408284024e-01
        91   -4.5803508084e+01    1.2614818802e+00    5.0514583162e+02    5.0500000000e+02    0.0000000000e+00   -4.5754677138e+01    9.9388913191e-01    9.9603960396e-01
        92   -4.5768037769e+01    1.0862601491e+00    5.0417169172e+02    5.0400000000e+02    0.0000000000e+00   -4.5751596772e+01    9.9461900415e-01    1.0000000000e+00
        93   -4.5777725242e+01    1.1195867967e+00    5.0811891566e+02    5.0800000000e+02    0.0000000000e+00   -4.5749707073e+01    9.9590852387e-01    9.9015748031e-01
        94   -4.5766798462e+01    1.3669430751e+00    5.0308541269e+02    5.0300000000e+02    0.0000000000e+00   -4.5757676122e+01    9.9455588986e-01    9.9801192843e-01
        95   -4.5681846204e+01    1.2325445453e+00    5.0386866796e+02    5.0400000000e+02    0.0000000000e+00   -4.5747740755e+01    9.9441469134e-01    9.9206349206e-01
        96   -4.5743814508e+01    1.4774860931e+00    4.9982092940e+02    5.0000000000e+02    0.0000000000e+00   -4.5748198299e+01    9.9372205895e-01    9.9800000000e-01
        97   -4.5761062412e+01    1.5782721782e+00    5.0007672360e+02    5.0000000000e+02    0.0000000000e+00   -4.5739867697e+01    9.9536193447e-01    9.9600000000e-01
        98   -4.5679969438e+01    1.3832856710e+00    5.0190872749e+02    5.0200000000e+02    0.0000000000e+00   -4.5740342414e+01    9.9559872460e-01    9.9601593625e-01
        99   -4.5738767152e+01    1.4716379380e+00    5.0183735836e+02    5.0200000000e+02    0.0000000000e+00   -4.5742936684e+01    9.9353918799e-01    1.0000000000e+00
       100   -4.5663902958e+01    1.3893541729e+00    5.0276349447e+02    5.0300000000e+02    0.0000000000e+00   -4.5742493530e+01    9.9412961214e-01    9.9403578529e-01
       101   -4.5701317370e+01    1.1256169819e+00    5.0268353928e+02    5.0300000000e+02    0.0000000000e+00   -4.5743119553e+01    9.9424133573e-01    1.0000000000e+00
       102   -4.5718803778e+01    1.3272127858e+00    5.0682635045e+02    5.0700000000e+02    0.0000000000e+00   -4.5742228717e+01    9.9433432216e-01    9.9802761341e-01
       103   -4.5722733510e+01    1.5027451878e+00    5.0582896459e+02    5.0600000000e+02    0.0000000000e+00   -4.5749932853e+01    9.9491172770e-01    1.0000000000e+00
       104   -4.5728383991e+01    1.1850943715e+00    5.0989401229e+02    5.1000000000e+02    0.0000000000e+00   -4.5747518301e+01    9.9583481418e-01    9.9803921569e-01
       105   -4.5783376319e+01    1.6427013485e+00    5.1098264101e+02    5.1100000000e+02    0.0000000000e+00   -4.5755154820e+01    9.9230585564e-01    9.9804305284e-01
       106   -4.5808137279e+01    1.0958608848e+00    5.1318270898e+02    5.1300000000e+02    0.0000000000e+00   -4.5757567784e+01    9.9545785571e-01    1.0000000000e+00
       107   -4.5770331290e+01    1.3866399730e+00    5.1412074890e+02    5.1400000000e+02    0.0000000000e+00   -4.5762422501e+01    9.9441874701e-01    9.9416342412e-01
       108   -4.5789805114e+01    1.1114027215e+00    5.1308661183e+02    5.1300000000e+02    0.0000000000e+00   -4.5764364811e+01    9.9376138521e-01    9.9805068226e-01
       109   -4.5834276746e+01    1.1787236544e+00    5.1323907947e+02    5.1300000000e+02    0.0000000000e+00   -4.5762683609e+01    9.9429636139e-01    9.9220272904e-01
       110   -4.5805585664e+01    1.2238554682e+00    5.1534383362e+02    5.1500000000e+02    0.0000000000e+00   -4.5763799758e+01    9.9420606268e-01    1.0000000000e+00
       111   -4.5704729913e+01    1.3779976717e+00    5.1591089234e+02    5.1600000000e+02    0.0000000000e+00   -4.5768378043e+01    9.9443731317e-01    9.9224806202e-01
       112   -4.5731979035e+01    1.2130840370e+00    5.1380219985e+02    5.1400000000e+02    0.0000000000e+00   -4.5768856718e+01    9.9366939142e-01    9.9610894942e-01
       113   -4.5801156830e+01    1.1999594092e+00    5.1400809659e+02    5.1400000000e+02    0.0000000000e+00   -4.5764446311e+01    9.9498617934e-01    9.9610894942e-01
       114   -4.5791125376e+01    1.1549887809e+00    5.1417792831e+02    5.1400000000e+02    0.0000000000e+00   -4.5765274880e+01    9.9483834153e-01    9.9221789883e-01
       115   -4.5750136494e+01    1.0527184602e+00    5.1403995718e+02    5.1400000000e+02    0.0000000000e+00   -4.5765918547e+01    9.9395447849e-01    9.9805447471e-01
       116   -4.5716497907e+01    1.1033857030e+00    5.1584432051e+02    5.1600000000e+02    0.0000000000e+00   -4.5765529997e+01    9.9371254670e-01    9.9418604651e-01
       117   -4.5675866246e+01    1.1190834570e+00    5.1564097092e+02    5.1600000000e+02    0.0000000000e+00   -4.5768569520e+01    9.9513647492e-01    9.9224806202e-01
       118   -4.5724727116e+01    1.1960134826e+00    5.1566866388e+02    5.1600000000e+02    0.0000000000e+00   -4.5767305614e+01    9.9470013955e-01    9.9418604651e-01
       119   -4.5670368313e+01    1.2090873811e+00    5.1463236909e+02    5.1500000000e+02    0.0000000000e+00   -4.5767000809e+01    9.9454501830e-01    9.9611650485e-01
       120   -4.5663493933e+01    1.3723722995e+00    5.1249638525e+02    5.1300000000e+02    0.0000000000e+00   -4.5764094247e+01    9.9368140235e-01    9.9805068226e-01
       121   -4.5679527439e+01    1.0549370305e+00    5.1253499898e+02    5.1300000000e+02    0.0000000000e+00   -4.5758989837e+01    9.9312078862e-01    9.9610136452e-01
       122   -4.5637920638e+01    1.1054081553e+00    5.1247404025e+02    5.1300000000e+02    0.0000000000e+00   -4.5758295635e+01    9.9308082361e-01    9.9220272904e-01
       123   -4.5665427359e+01    9.7958100206e-01    5.1048652614e+02    5.1100000000e+02    0.0000000000e+00   -4.5757018143e+01    9.9430452617e-01    9.9412915851e-01
       124   -4.5657719442e+01    1.1333516226e+00    5.1055558699e+02    5.1100000000e+02    0.0000000000e+00   -4.5752260548e+01    9.9330939820e-01    1.0000000000e+00
       125   -4.5643157959e+01    1.2184987079e+00    5.1247526614e+02    5.1300000000e+02    0.0000000000e+00   -4.5751467238e+01    9.9538300375e-01    9.9220272904e-01
       126   -4.5683438983e+01    1.2367130669e+00    5.0952893789e+02    5.1000000000e+02    0.0000000000e+00   -4.5754171730e+01    9.9490175240e-01    1.0000000000e+00
       127   -4.5669669108e+01    1.3169340145e+00    5.1161992656e+02    5.1200000000e+02    0.0000000000e+00   -4.5747753546e+01    9.9350853607e-01    9.9218750000e-01
       128   -4.5662439943e+01    1.3150431605e+00    5.1056150997e+02    5.1100000000e+02    0.0000000000e+00   -4.5751081117e+01    9.9519464820e-01    9.9608610568e-01
       129   -4.5704823841e+01    2.0617507542e+00    5.1051559863e+02    5.1100000000e+02    0.0000000000e+00   -4.5748190184e+01    9.9523913258e-01    1.0000000000e+00
       130   -4.5693233032e+01    1.7747874200e+00    5.1254523531e+02    5.1300000000e+02    0.0000000000e+00   -4.5747680440e+01    9.9525268883e-01    9.9415204678e-01
       131   -4.5658436232e+01    1.1946019983e+00    5.1051914477e+02    5.1100000000e+02    0.0000000000e+00   -4.5751131544e+01    9.9411593381e-01    9.9608610568e-01
       132   -4.5659106072e+01    1.1445311984e+00    5.0955356341e+02    5.1000000000e+02    0.0000000000e+00   -4.5746352578e+01    9.9329241340e-01    9.8823529412e-01
       133   -4.5667722542e+01    1.0664712013e+00    5.0763094934e+02    5.0800000000e+02    0.0000000000e+00   -4.5743661690e+01    9.9301157870e-01    9.9803149606e-01
       134   -4.5690282211e+01    1.1836575262e+00    5.0870206085e+02    5.0900000000e+02    0.0000000000e+00   -4.5739173272e+01    9.9433627261e-01    9.9607072692e-01
       135   -4.5638933583e+01    1.0923895080e+00    5.0659914321e+02    5.0700000000e+02    0.0000000000e+00   -4.5740781408e+01    9.9302425299e-01    9.9408284024e-01
       136   -4.5711028826e+01    1.2468355581e+00    5.0468611858e+02    5.0500000000e+02    0.0000000000e+00   -4.5735705245e+01    9.9316815344e-01    1.0000000000e+00
       137   -4.5700215866e+01    1.2596594285e+00    5.0988878463e+02    5.1000000000e+02    0.0000000000e+00   -4.5731620341e+01    9.9561103867e-01    9.9607843137e-01
       138   -4.5752069038e+01    1.3185079792e+00    5.0891200003e+02    5.0900000000e+02    0.0000000000e+00   -4.5741488213e+01    9.9547997476e-01    9.9803536346e-01
       139   -4.5748054153e+01    1.3082036386e+00    5.1104152323e+02    5.1100000000e+02    0.0000000000e+00   -4.5739624886e+01    9.9486173583e-01    9.9608610568e-01
       140   -4.5721148951e+01    1.2447740579e+00    5.1195332271e+02    5.1200000000e+02    0.0000000000e+00   -4.5743820450e+01    9.9321269300e-01    9.9804687500e-01
       141   -4.5702592462e+01    1.2463370348e+00    5.1685363897e+02    5.1700000000e+02    0.0000000000e+00   -4.5745400205e+01    9.9313644263e-01    9.9613152805e-01
       142   -4.5738134283e+01    1.1980620147e+00    5.1680572786e+02    5.1700000000e+02    0.0000000000e+00   -4.5754574858e+01    9.9401241298e-01    9.9806576402e-01
       143   -4.5754457255e+01    1.1558641102e+00    5.1995897952e+02    5.2000000000e+02    0.0000000000e+00   -4.5754425201e+01    9.9354361728e-01    9.9615384615e-01
       144   -4.5713322783e+01    1.0713876229e+00    5.1784622051e+02    5.1800000000e+02    0.0000000000e+00   -4.5760583688e+01    9.9463296629e-01    9.9806949807e-01
       145   -4.5728450337e+01    1.2129514583e+00    5.1982854749e+02    5.2000000000e+02    0.0000000000e+00   -4.5756257407e+01    9.9433481433e-01    9.9807692308e-01
       146   -4.5750982880e+01    1.2577704428e+00    5.2188845409e+02    5.2200000000e+02    0.0000000000e+00   -4.5759947539e+01    9.9277832596e-01    9.9425287356e-01
       147   -4.5750084000e+01    1.2921046037e+00    5.2096366096e+02    5.2100000000e+02    0.0000000000e+00   -4.5763951270e+01    9.9451198844e-01    9.9616122841e-01
       148   -4.5707702422e+01    1.2873115147e+00    5.2181651047e+02    5.2200000000e+02    0.0000000000e+00   -4.5762218794e+01    9.9352544216e-01    9.9425287356e-01
       149   -4.5751411370e+01    1.2362407409e+00    5.2183673728e+02    5.2200000000e+02    0.0000000000e+00   -4.5763566449e+01    9.9449960435e-01    9.9808429119e-01
       150   -4.5822298369e+01    1.1178315443e+00    5.2514861888e+02    5.2500000000e+02    0.0000000000e+00   -4.5763657798e+01    9.9321970288e-01    9.9619047619e-01
       151   -4.5789634017e+01    1.2284698259e+00    5.2317014636e+02    5.2300000000e+02    0.0000000000e+00   -4.5770577235e+01    9.9410769172e-01    9.9808795411e-01
       152   -4.5759103919e+01    1.1505737831e+00    5.2302735906e+02    5.2300000000e+02    0.0000000000e+00   -4.5767139133e+01    9.9205307194e-01    9.9235181644e-01
       153   -4.5719915573e+01    1.2686480854e+00    5.2287131018e+02    5.2300000000e+02    0.0000000000e+00   -4.5766968025e+01    9.9477542421e-01    9.9808795411e-01
       154   -4.5713543435e+01    1.1756777983e+00    5.2171654956e+02    5.2200000000e+02    0.0000000000e+00   -4.5766477510e+01    9.9359470712e-01    9.9616858238e-01
       155   -4.5726902478e+01    1.4351044916e+00    5.2176794589e+02    5.2200000000e+02    0.0000000000e+00   -4.5764030100e+01    9.9452091410e-01    9.8850574713e-01
       156   -4.5682766532e+01    1.2537531009e+00    5.1770870439e+02    5.1800000000e+02    0.0000000000e+00   -4.5763993845e+01    9.9361669582e-01    9.9034749035e-01
       157   -4.5759203905e+01    1.2428944691e+00    5.1483416943e+02    5.1500000000e+02    0.0000000000e+00   -4.5755728686e+01    9.9376458365e-01    9.9029126214e-01
       158   -4.5758154358e+01    1.2392010648e+00    5.1106085121e+02    5.1100000000e+02    0.0000000000e+00   -4.5750266327e+01    9.9321104879e-01    9.9804305284e-01
       159   -4.5742601977e+01    1.1841862048e+00    5.1303266506e+02    5.1300000000e+02    0.0000000000e+00   -4.5743006608e+01    9.9461569695e-01    9.9805068226e-01
       160   -4.5786777542e+01    1.4254092059e+00    5.1207036005e+02    5.1200000000e+02    0.0000000000e+00   -4.5746841455e+01    9.9452673868e-01    1.0000000000e+00
       161   -4.5719290948e+01    1.3562237053e+00    5.1402414506e+02    5.1400000000e+02    0.0000000000e+00   -4.5745261500e+01    9.9305634230e-01    9.9805447471e-01
       162   -4.5743875503e+01    1.3555510174e+00    5.1289233261e+02    5.1300000000e+02    0.0000000000e+00   -4.5748887778e+01    9.9210250451e-01    9.9610136452e-01
       163   -4.5764305860e+01    1.5583668901e+00    5.1202916823e+02    5.1200000000e+02    0.0000000000e+00   -4.5746676025e+01    9.9506581922e-01    9.9414062500e-01
       164   -4.5758750636e+01    1.4670204285e+00    5.1209137539e+02    5.1200000000e+02    0.0000000000e+00   -4.5745126194e+01    9.9472994877e-01    9.9414062500e-01
       165   -4.5763712202e+01    1.3466282480e+00    5.1108435230e+02    5.1100000000e+02    0.0000000000e+00   -4.5745342033e+01    9.9280070621e-01    9.9608610568e-01
       166   -4.5761579456e+01    1.5320956550e+00    5.1310486136e+02    5.1300000000e+02    0.0000000000e+00   -4.5743500651e+01    9.9338264866e-01    9.9805068226e-01
       167   -4.5755584694e+01    1.2197828948e+00    5.1505673817e+02    5.1500000000e+02    0.0000000000e+00   -4.5747557042e+01    9.9427102839e-01    9.9417475728e-01
       168   -4.5691244846e+01    1.3364058158e+00    5.1283989736e+02    5.1300000000e+02    0.0000000000e+00   -4.5751422681e+01    9.9425496303e-01    9.9220272904e-01
       169   -4.5696126491e+01    1.2654765740e+00    5.1173900502e+02    5.1200000000e+02    0.0000000000e+00   -4.5746745392e+01    9.9528115074e-01    9.9414062500e-01
       170   -4.5720935697e+01    1.0549206420e+00    5.0984344464e+02    5.1000000000e+02    0.0000000000e+00   -4.5744269894e+01    9.9488937921e-01    9.9803921569e-01
       171   -4.5803263322e+01    1.3133361671e+00    5.0909036149e+02    5.0900000000e+02    0.0000000000e+00   -4.5740400954e+01    9.9496832534e-01    9.9607072692e-01
       172   -4.5742122019e+01    1.2940020560e+00    5.0915948867e+02    5.0900000000e+02    0.0000000000e+00   -4.5739308574e+01    9.9544513749e-01    9.9607072692e-01
       173   -4.5747488755e+01    1.2748264647e+00    5.1203733209e+02    5.1200000000e+02    0.0000000000e+00   -4.5739425490e+01    9.9426613409e-01    9.9414062500e-01
       174   -4.5771279446e+01    1.2942312839e+00    5.1007756350e+02    5.1000000000e+02    0.0000000000e+00   -4.5745077955e+01    9.9585448562e-01    9.9803921569e-01
       175   -4.5736660373e+01    1.2258626567e+00    5.1206512750e+02    5.1200000000e+02    0.0000000000e+00   -4.5741412730e+01    9.9572851135e-01    9.9609375000e-01
       176   -4.5730370856e+01    1.3418406703e+00    5.1192353586e+02    5.1200000000e+02    0.0000000000e+00   -4.5745247172e+01    9.9434184067e-01    1.0000000000e+00
       177   -4.5713015583e+01    1.2022260414e+00    5.1185635809e+02    5.1200000000e+02    0.0000000000e+00   -4.5744876679e+01    9.9284457634e-01    9.9609375000e-01
       178   -4.5732884143e+01    1.0803215392e+00    5.1188085628e+02    5.1200000000e+02    0.0000000000e+00   -4.5744542847e+01    9.9383678043e-01    9.9609375000e-01
       179   -4.5806463555e+01    1.1399644292e+00    5.1313161778e+02    5.1300000000e+02    0.0000000000e+00   -4.5744515617e+01    9.9457602705e-01    9.9805068226e-01
       180   -4.5759473996e+01    1.2464112900e+00    5.1518706299e+02    5.1500000000e+02    0.0000000000e+00   -4.5747341819e+01    9.9404488167e-01    9.9611650485e-01
       181   -4.5742979425e+01    1.2407513171e+00    5.1298374661e+02    5.1300000000e+02    0.0000000000e+00   -4.5751428574e+01    9.9320816458e-01    9.9805068226e-01
       182   -4.5789500014e+01    1.1659210108e+00    5.1409383468e+02    5.1400000000e+02    0.0000000000e+00   -4.5747128821e+01    9.9448766131e-01    1.0000000000e+00
       183   -4.5725468631e+01    1.3201536407e+00    5.1703146566e+02    5.1700000000e+02    0.0000000000e+00   -4.5749562188e+01    9.9434030017e-01    9.9806576402e-01
       184   -4.5752578019e+01    1.2215089067e+00    5.1893147105e+02    5.1900000000e+02    0.0000000000e+00   -4.5755138090e+01    9.9561255186e-01    9.9229287091e-01
       185   -4.5769651368e+01    1.2070270992e+00    5.1702141299e+02    5.1700000000e+02    0.0000000000e+00   -4.5758849941e+01    9.9606599431e-01    9.9806576402e-01
       186   -4.5739091841e+01    1.1584770999e+00    5.1798036172e+02    5.1800000000e+02    0.0000000000e+00   -4.5755308475e+01    9.9280606408e-01    9.9806949807e-01
       187   -4.5783669907e+01    1.1044737412e+00    5.2203630889e+02    5.2200000000e+02    0.0000000000e+00   -4.5757122848e+01    9.9334116362e-01    9.9425287356e-01
       188   -4.5764031814e+01    1.1967974209e+00    5.2003719973e+02    5.2000000000e+02    0.0000000000e+00   -4.5765149803e+01    9.9502027700e-01    9.9615384615e-01
       189   -4.5753159287e+01    1.4874374969e+00    5.1897847638e+02    5.1900000000e+02    0.0000000000e+00   -4.5761421259e+01    9.9403727022e-01    9.9807321773e-01
       190   -4.5776008802e+01    1.4938343168e+00    5.2001152035e+02    5.2000000000e+02    0.0000000000e+00   -4.5759426345e+01    9.9473517431e-01    9.9038461538e-01
       191   -4.5789448013e+01    1.3301118382e+00    5.1613262613e+02    5.1600000000e+02    0.0000000000e+00   -4.5761591041e+01    9.9413067795e-01    9.9224806202e-01
       192   -4.5846439328e+01    1.5006829435e+00    5.1433915321e+02    5.1400000000e+02    0.0000000000e+00   -4.5754356064e+01    9.9441893989e-01    9.9610894942e-01
       193   -4.5834214963e+01    1.2750105313e+00    5.1344693337e+02    5.1300000000e+02    0.0000000000e+00   -4.5751453925e+01    9.9553418176e-01    9.9610136452e-01
       194   -4.5861377776e+01    1.2498242981e+00    5.1349243610e+02    5.1300000000e+02    0.0000000000e+00   -4.5750219562e+01    9.9434494000e-01    9.9805068226e-01
       195   -4.5833462855e+01    1.3020135788e+00    5.1550276932e+02    5.1500000000e+02    0.0000000000e+00   -4.5750959496e+01    9.9452857727e-01    9.9805825243e-01
       196   -4.5794532398e+01    1.0791639552e+00    5.1630361166e+02    5.1600000000e+02    0.0000000000e+00   -4.5755352180e+01    9.9318531802e-01    9.9612403101e-01
       197   -4.5765927399e+01    1.0924955042e+00    5.1611610827e+02    5.1600000000e+02    0.0000000000e+00   -4.5757164369e+01    9.9302622447e-01    9.9612403101e-01
       198   -4.5808525100e+01    1.1572286868e+00    5.1615611084e+02    5.1600000000e+02    0.0000000000e+00   -4.5756897393e+01    9.9303471141e-01    9.9418604651e-01
       199   -4.5792818384e+01    1.1509195866e+00    5.1521810989e+02    5.1500000000e+02    0.0000000000e+00   -4.5757308052e+01    9.9397247247e-01    9.9805825243e-01
       200   -4.5802103622e+01    1.1917213483e+00    5.1721624769e+02    5.1700000000e+02    0.0000000000e+00   -4.5755731312e+01    9.9444024124e-01    9.9806576402e-01
       201   -4.5845277192e+01    1.3474114318e+00    5.1732332636e+02    5.1700000000e+02    0.0000000000e+00   -4.5759892865e+01    9.9421832356e-01    9.9613152805e-01
       202   -4.5822482471e+01    1.1338278754e+00    5.1840713519e+02    5.1800000000e+02    0.0000000000e+00   -4.5760624712e+01    9.9435616213e-01    9.9806949807e-01
       203   -4.5857015432e+01    1.1645206833e+00    5.2040357504e+02    5.2000000000e+02    0.0000000000e+00   -4.5763112094e+01    9.9438946189e-01    9.9423076923e-01
       204   -4.5852041947e+01    1.2302252620e+00    5.1843418216e+02    5.1800000000e+02    0.0000000000e+00   -4.5767533735e+01    9.9514484930e-01    1.0000000000e+00
       205   -4.5853826930e+01    1.3319464056e+00    5.1842897371e+02    5.1800000000e+02    0.0000000000e+00   -4.5764287000e+01    9.9443041882e-01    9.9613899614e-01
       206   -4.5828044223e+01    1.2488618990e+00    5.1839844719e+02    5.1800000000e+02    0.0000000000e+00   -4.5764825493e+01    9.9374199039e-01    9.9806949807e-01
       207   -4.5817032455e+01    1.2027300556e+00    5.2332011680e+02    5.2300000000e+02    0.0000000000e+00   -4.5765171406e+01    9.9619573731e-01    9.9617590822e-01
       208   -4.5832493810e+01    1.2097359813e+00    5.2224669712e+02    5.2200000000e+02    0.0000000000e+00   -4.5774962529e+01    9.9477284057e-01    9.9808429119e-01
       209   -4.5803061502e+01    1.3304817696e+00    5.2321682111e+02    5.2300000000e+02    0.0000000000e+00   -4.5773329356e+01    9.9488477757e-01    1.0000000000e+00
       210   -4.5782088524e+01    1.1995501347e+00    5.2406575300e+02    5.2400000000e+02    0.0000000000e+00   -4.5775446007e+01    9.9481815457e-01    9.9809160305e-01
       211   -4.5725633034e+01    1.2517196580e+00    5.2487668279e+02    5.2500000000e+02    0.0000000000e+00   -4.5777215456e+01    9.9442348275e-01    1.0000000000e+00
       212   -4.5814770964e+01    1.2919955795e+00    5.2994271435e+02    5.3000000000e+02    0.0000000000e+00   -4.5778614299e+01    9.9449177559e-01    9.9622641509e-01
       213   -4.5753609571e+01    1.2021120054e+00    5.2898205884e+02    5.2900000000e+02    0.0000000000e+00   -4.5788535907e+01    9.9476026715e-01    9.9432892250e-01
       214   -4.5768794198e+01    1.2869493024e+00    5.2686701451e+02    5.2700000000e+02    0.0000000000e+00   -4.5786719023e+01    9.9486485834e-01    9.9620493359e-01
       215   -4.5785527456e+01    1.2117359579e+00    5.2596405247e+02    5.2600000000e+02    0.0000000000e+00   -4.5782788090e+01    9.9559756421e-01    9.9809885932e-01
       216   -4.5730006635e+01    1.2686102501e+00    5.2888941193e+02    5.2900000000e+02    0.0000000000e+00   -4.5781232802e+01    9.9535971186e-01    1.0000000000e+00
       217   -4.5754419040e+01    1.3030353297e+00    5.3174630181e+02    5.3200000000e+02    0.0000000000e+00   -4.5786655850e+01    9.9525551210e-01    9.9624060150e-01
       218   -4.5760075598e+01    1.1731820674e+00    5.2980196350e+02    5.3000000000e+02    0.0000000000e+00   -4.5792044092e+01    9.9494608079e-01    9.9433962264e-01
       219   -4.5721079093e+01    1.1974139763e+00    5.2674685755e+02    5.2700000000e+02    0.0000000000e+00   -4.5788410390e+01    9.9449475897e-01    9.9620493359e-01
       220   -4.5724523617e+01    1.3764609793e+00    5.2467101493e+02    5.2500000000e+02    0.0000000000e+00   -4.5782461430e+01    9.9499835263e-01    9.9809523810e-01
       221   -4.5759608259e+01    1.2633367884e+00    5.2479177287e+02    5.2500000000e+02    0.0000000000e+00   -4.5778365795e+01    9.9550474775e-01    9.9809523810e-01
       222   -4.5748774718e+01    1.2370199577e+00    5.2887046382e+02    5.2900000000e+02    0.0000000000e+00   -4.5778624092e+01    9.9423298277e-01    9.9810964083e-01
       223   -4.5727068244e+01    1.3403899016e+00    5.2873201025e+02    5.2900000000e+02    0.0000000000e+00   -4.5786340583e+01    9.9593570463e-01    9.9432892250e-01
       224   -4.5793937811e+01    1.4320200623e+00    5.2988267421e+02    5.3000000000e+02    0.0000000000e+00   -4.5785947124e+01    9.9516851378e-01    9.9811320755e-01
       225   -4.5786493720e+01    1.1967473708e+00    5.2999571890e+02    5.3000000000e+02    0.0000000000e+00   -4.5788316872e+01    9.9543391352e-01    9.9811320755e-01
       226   -4.5797547805e+01    1.2143501275e+00    5.3202276890e+02    5.3200000000e+02    0.0000000000e+00   -4.5788687994e+01    9.9471829073e-01    9.9624060150e-01
       227   -4.5797264786e+01    1.2936569526e+00    5.3402969710e+02    5.3400000000e+02    0.0000000000e+00   -4.5792715034e+01    9.9527625280e-01    9.9250936330e-01
       228   -4.5853972412e+01    1.2636824080e+00    5.3114728258e+02    5.3100000000e+02    0.0000000000e+00   -4.5796686501e+01    9.9363196064e-01    9.9623352166e-01
       229   -4.5867045309e+01    1.3208124213e+00    5.3134555320e+02    5.3100000000e+02    0.0000000000e+00   -4.5791750061e+01    9.9556542655e-01    9.9435028249e-01
       230   -4.5874433884e+01    1.2188035922e+00    5.3140279044e+02    5.3100000000e+02    0.0000000000e+00   -4.5792656660e+01    9.9486735397e-01    1.0000000000e+00
       231   -4.5833901220e+01    1.0840000273e+00    5.3330663378e+02    5.3300000000e+02    0.0000000000e+00   -4.5793327718e+01    9.9591454770e-01    9.9812382739e-01
       232   -4.5791048575e+01    1.2316976521e+00    5.3606811126e+02    5.3600000000e+02    0.0000000000e+00   -4.5797270825e+01    9.9554746952e-01    9.9626865672e-01
       233   -4.5823480859e+01    1.2056711872e+00    5.3603331369e+02    5.3600000000e+02    0.0000000000e+00   -4.5802597700e+01    9.9508060263e-01    9.9626865672e-01
       234   -4.5843998293e+01    1.2471387323e+00    5.3616023810e+02    5.3600000000e+02    0.0000000000e+00   -4.5802845027e+01    9.9464282806e-01    9.9253731343e-01
       235   -4.5832612803e+01    1.4892755418e+00    5.3418537605e+02    5.3400000000e+02    0.0000000000e+00   -4.5803486551e+01    9.9546392259e-01    9.9625468165e-01
       236   -4.5836025558e+01    1.4386173001e+00    5.3620835856e+02    5.3600000000e+02    0.0000000000e+00   -4.5800144717e+01    9.9488338233e-01    9.9626865672e-01
       237   -4.5795505418e+01    1.3333489471e+00    5.3806142403e+02    5.3800000000e+02    0.0000000000e+00   -4.5804285431e+01    9.9548372720e-01    9.9442379182e-01
       238   -4.5726151813e+01    1.0967843178e+00    5.3675128607e+02    5.3700000000e+02    0.0000000000e+00   -4.5807906985e+01    9.9414185889e-01    9.9813780261e-01
       239   -4.5784651358e+01    1.2687416181e+00    5.3773068165e+02    5.3800000000e+02    0.0000000000e+00   -4.5805322485e+01    9.9302783137e-01    9.9628252788e-01
       240   -4.5797789027e+01    1.4252288737e+00    5.3590245585e+02    5.3600000000e+02    0.0000000000e+00   -4.5807266128e+01    9.9335888642e-01    9.9440298507e-01
       241   -4.5830598804e+01    1.2880828186e+00    5.3405888414e+02    5.3400000000e+02    0.0000000000e+00   -4.5804039431e+01    9.9386819573e-01    9.9438202247e-01
       242   -4.5795739782e+01    1.2285638695e+00    5.3105192603e+02    5.3100000000e+02    0.0000000000e+00   -4.5800918541e+01    9.9445216042e-01    9.9811676083e-01
       243   -4.5780128927e+01    1.2632374079e+00    5.3094737009e+02    5.3100000000e+02    0.0000000000e+00   -4.5795438175e+01    9.9584717856e-01    9.9246704331e-01
       244   -4.5805434448e+01    1.3841131760e+00    5.3202137624e+02    5.3200000000e+02    0.0000000000e+00   -4.5795336030e+01    9.9306363589e-01    9.9248120301e-01
       245   -4.5784801001e+01    1.4020412887e+00    5.2898321426e+02    5.2900000000e+02    0.0000000000e+00   -4.5797563183e+01    9.9480055771e-01    9.9432892250e-01
       246   -4.5760664898e+01    1.1999532125e+00    5.2688475840e+02    5.2700000000e+02    0.0000000000e+00   -4.5791949474e+01    9.9453308854e-01    9.9810246679e-01
       247   -4.5821752150e+01    1.2751059888e+00    5.2600029639e+02    5.2600000000e+02    0.0000000000e+00   -4.5787980560e+01    9.9467680895e-01    9.9809885932e-01
       248   -4.5764333824e+01    1.2241941206e+00    5.2601557311e+02    5.2600000000e+02    0.0000000000e+00   -4.5786574297e+01    9.9437937998e-01    9.9619771863e-01
       249   -4.5744903146e+01    1.2342442251e+00    5.2582840123e+02    5.2600000000e+02    0.0000000000e+00   -4.5786624024e+01    9.9453416957e-01    9.9619771863e-01
       250   -4.5732840688e+01    1.2588010653e+00    5.2676389147e+02    5.2700000000e+02    0.0000000000e+00   -4.5786204154e+01    9.9381780185e-01    9.9620493359e-01
       251   -4.5715769295e+01    1.3324255056e+00    5.2666419410e+02    5.2700000000e+02    0.0000000000e+00   -4.5787866011e+01    9.9450229049e-01    9.9430740038e-01
       252   -4.5776821091e+01    1.4813935343e+00    5.2477469194e+02    5.2500000000e+02    0.0000000000e+00   -4.5787488501e+01    9.9359584734e-01    1.0000000000e+00
       253   -4.5810555089e+01    1.4883384810e+00    5.2702492389e+02    5.2700000000e+02    0.0000000000e+00   -4.5783969783e+01    9.9479386321e-01    9.9430740038e-01
       254   -4.5726569735e+01    1.2465843064e+00    5.2591106302e+02    5.2600000000e+02    0.0000000000e+00   -4.5788467543e+01    9.9463244826e-01    9.9809885932e-01
       255   -4.5767333587e+01    1.4580204254e+00    5.2677636838e+02    5.2700000000e+02    0.0000000000e+00   -4.5786211501e+01    9.9420064567e-01    9.9051233397e-01
       256   -4.5789738561e+01    1.5077982020e+00    5.2295396462e+02    5.2300000000e+02    0.0000000000e+00   -4.5787889094e+01    9.9611385209e-01    9.9617590822e-01
       257   -4.5832379523e+01    1.3241632137e+00    5.2115269979e+02    5.2100000000e+02    0.0000000000e+00   -4.5780734274e+01    9.9396946700e-01    1.0000000000e+00
       258   -4.5783199192e+01    1.2605207024e+00    5.2213477301e+02    5.2200000000e+02    0.0000000000e+00   -4.5777589866e+01    9.9259291465e-01    1.0000000000e+00
       259   -4.5799384334e+01    1.3286302164e+00    5.2605368456e+02    5.2600000000e+02    0.0000000000e+00   -4.5779570123e+01    9.9299864267e-01    9.9619771863e-01
       260   -4.5759301475e+01    1.1177145828e+00    5.2594602108e+02    5.2600000000e+02    0.0000000000e+00   -4.5787211883e+01    9.9453957633e-01    9.9049429658e-01
       261   -4.5762184153e+01    1.0844484651e+00    5.2187571690e+02    5.2200000000e+02    0.0000000000e+00   -4.5787003748e+01    9.9504899175e-01    1.0000000000e+00
       262   -4.5739518275e+01    1.3084641828e+00    5.2484727628e+02    5.2500000000e+02    0.0000000000e+00   -4.5779243121e+01    9.9474690445e-01    9.9809523810e-01
       263   -4.5703948024e+01    1.2183906807e+00    5.2566450613e+02    5.2600000000e+02    0.0000000000e+00   -4.5784836113e+01    9.9483301276e-01    9.9619771863e-01
       264   -4.5777043780e+01    1.6181150849e+00    5.2575362747e+02    5.2600000000e+02    0.0000000000e+00   -4.5786162044e+01    9.9379868419e-01    1.0000000000e+00
       265   -4.5765579637e+01    1.5285496814e+00    5.3093300886e+02    5.3100000000e+02    0.0000000000e+00   -4.5786401856e+01    9.9538310696e-01    9.9623352166e-01
       266   -4.5779757740e+01    1.1730270529e+00    5.2985714969e+02    5.3000000000e+02    0.0000000000e+00   -4.5796228108e+01    9.9359294239e-01    9.9433962264e-01
       267   -4.5776056434e+01    1.2247234040e+00    5.2791122882e+02    5.2800000000e+02    0.0000000000e+00   -4.5794280024e+01    9.9531362592e-01    1.0000000000e+00
       268   -4.5758109927e+01    1.3504774678e+00    5.2885367548e+02    5.2900000000e+02    0.0000000000e+00   -4.5790665480e+01    9.9546990862e-01    9.9243856333e-01
       269   -4.5743466515e+01    1.2502303567e+00    5.2779469889e+02    5.2800000000e+02    0.0000000000e+00   -4.5792441286e+01    9.9378657241e-01    9.9810606061e-01
       270   -4.5766344206e+01    1.5235934964e+00    5.2678555913e+02    5.2700000000e+02    0.0000000000e+00   -4.5790370528e+01    9.9261644963e-01    1.0000000000e+00
       271   -4.5694219802e+01    1.3397876815e+00    5.2766422170e+02    5.2800000000e+02    0.0000000000e+00   -4.5788482029e+01    9.9549100083e-01    9.9431818182e-01
       272   -4.5615320533e+01    1.8842139419e+00    5.2630116999e+02    5.2700000000e+02    0.0000000000e+00   -4.5789887525e+01    9.9472767598e-01    9.9430740038e-01
       273   -4.5727642603e+01    1.9819775638e+00    5.2638664006e+02    5.2700000000e+02    0.0000000000e+00   -4.5786730128e+01    9.9329078491e-01    9.9620493359e-01
       274   -4.5693099454e+01    1.0458347225e+00    5.2648707240e+02    5.2700000000e+02    0.0000000000e+00   -4.5786768345e+01    9.9441295238e-01    9.9810246679e-01
       275   -4.5713869473e+01    1.2386784322e+00    5.2655250058e+02    5.2700000000e+02    0.0000000000e+00   -4.5786700465e+01    9.9291671615e-01    9.9240986717e-01
       276   -4.5714658740e+01    1.1200539697e+00    5.2463550637e+02    5.2500000000e+02    0.0000000000e+00   -4.5786649228e+01    9.9461948602e-01    9.9619047619e-01
       277   -4.5729473960e+01    1.2157976438e+00    5.2368081660e+02    5.2400000000e+02    0.0000000000e+00   -4.5782830866e+01    9.9419770515e-01    9.9618320611e-01
       278   -4.5760863498e+01    1.4598912553e+00    5.2279781640e+02    5.2300000000e+02    0.0000000000e+00   -4.5780897171e+01    9.9457745707e-01    9.9808795411e-01
       279   -4.5753247230e+01    1.2784174128e+00    5.2388527292e+02    5.2400000000e+02    0.0000000000e+00   -4.5779219352e+01    9.9420114378e-01    9.9809160305e-01
       280   -4.5787945982e+01    1.2858977719e+00    5.2291494133e+02    5.2300000000e+02    0.0000000000e+00   -4.5781277639e+01    9.9482750829e-01    9.9617590822e-01
       281   -4.5770186371e+01    1.2165436742e+00    5.2097077345e+02    5.2100000000e+02    0.0000000000e+00   -4.5779537212e+01    9.9468037630e-01    1.0000000000e+00
       282   -4.5782029763e+01    1.1130646704e+00    5.2297739953e+02    5.2300000000e+02    0.0000000000e+00   -4.5775857162e+01    9.9456288803e-01    1.0000000000e+00
       283   -4.5784986266e+01    1.2600752606e+00    5.2399898149e+02    5.2400000000e+02    0.0000000000e+00   -4.5779790982e+01    9.9535765318e-01    9.9618320611e-01
       284   -4.5796625538e+01    1.6936975489e+00    5.2299258014e+02    5.2300000000e+02    0.0000000000e+00   -4.5781842506e+01    9.9522225408e-01    1.0000000000e+00
       285   -4.5767879782e+01    1.3911146669e+00    5.2492297662e+02    5.2500000000e+02    0.0000000000e+00   -4.5780063243e+01    9.9462616649e-01    1.0000000000e+00
       286   -4.5788019271e+01    1.3338263144e+00    5.2494124757e+02    5.2500000000e+02    0.0000000000e+00   -4.5783781564e+01    9.9419648212e-01    9.9238095238e-01
       287   -4.5807525684e+01    1.2673749485e+00    5.2208056682e+02    5.2200000000e+02    0.0000000000e+00   -4.5783925601e+01    9.9386498119e-01    9.9808429119e-01
       288   -4.5792695738e+01    1.5170101836e+00    5.2209787358e+02    5.2200000000e+02    0.0000000000e+00   -4.5778642373e+01    9.9418804904e-01    9.9425287356e-01
       289   -4.5775196097e+01    1.3135992415e+00    5.2203448258e+02    5.2200000000e+02    0.0000000000e+00   -4.5778800246e+01    9.9554029823e-01    9.9425287356e-01
       290   -4.5769155812e+01    1.4837303569e+00    5.2196955416e+02    5.2200000000e+02    0.0000000000e+00   -4.5778737809e+01    9.9573587560e-01    9.9233716475e-01
       291   -4.5729180552e+01    1.1486192037e+00    5.2087372504e+02    5.2100000000e+02    0.0000000000e+00   -4.5778649688e+01    9.9336472433e-01    9.9424184261e-01
       292   -4.5783401823e+01    1.1507750300e+00    5.2391295493e+02    5.2400000000e+02    0.0000000000e+00   -4.5776437096e+01    9.9532118830e-01    9.9236641221e-01
       293   -4.5741536512e+01    1.1866971870e+00    5.2290958160e+02    5.2300000000e+02    0.0000000000e+00   -4.5782343462e+01    9.9415970223e-01    9.9617590822e-01
       294   -4.5725639481e+01    1.0857730506e+00    5.2176127985e+02    5.2200000000e+02    0.0000000000e+00   -4.5780361487e+01    9.9378893851e-01    9.9425287356e-01
       295   -4.5740614935e+01    1.2460118424e+00    5.1977585114e+02    5.2000000000e+02    0.0000000000e+00   -4.5778040767e+01    9.9502264244e-01    9.9807692308e-01
       296   -4.5742052514e+01    1.2627950508e+00    5.1981110329e+02    5.2000000000e+02    0.0000000000e+00   -4.5774161090e+01    9.9448016274e-01    9.9615384615e-01
       297   -4.5646547217e+01    1.2560415783e+00    5.1756903321e+02    5.1800000000e+02    0.0000000000e+00   -4.5774167409e+01    9.9459695628e-01    9.9227799228e-01
       298   -4.5706664328e+01    1.2682494773e+00    5.1553015263e+02    5.1600000000e+02    0.0000000000e+00   -4.5769440239e+01    9.9484194081e-01    9.9806201550e-01
       299   -4.5682054764e+01    1.0830404130e+00    5.1662494494e+02    5.1700000000e+02    0.0000000000e+00   -4.5765306891e+01    9.9457549799e-01    9.9613152805e-01
