# Index          LocalEnergy            Variance              Weight        NumOfWalkers      AvgSentWalkers         TrialEnergy             DiffEff      LivingFraction
         0   -4.5832179052e+01    1.1620826379e+00    5.1211671127e+02    5.1200000000e+02    0.0000000000e+00   -4.5786460588e+01    9.9438758767e-01    1.0000000000e+00
         1   -4.5806607098e+01    1.3388422690e+00    5.1193444401e+02    5.1200000000e+02    0.0000000000e+00   -4.5854971624e+01    9.9366035720e-01    9.9023437500e-01
         2   -4.5808248734e+01    1.1740641748e+00    5.1205079707e+02    5.1200000000e+02    0.0000000000e+00   -4.5793802374e+01    9.9387397298e-01    9.9218750000e-01
         3   -4.5810372532e+01    1.1868308976e+00    5.1097197960e+02    5.1100000000e+02    0.0000000000e+00   -4.5818169545e+01    9.9414056446e-01    9.9412915851e-01
         4   -4.5801738376e+01    1.4402237447e+00    5.1100961814e+02    5.1000000000e+02    0.0000000000e+00   -4.5609385455e+01    9.9439244595e-01    9.9607843137e-01
         5   -4.5837538300e+01    1.5252092479e+00    5.1410359756e+02    5.1300000000e+02    0.0000000000e+00   -4.5608117094e+01    9.9514038187e-01    9.9610136452e-01
         6   -4.5800845147e+01    1.0831161772e+00    5.0981536236e+02    5.1200000000e+02    0.0000000000e+00   -4.6247555478e+01    9.9532996458e-01    9.9609375000e-01
         7   -4.5788707613e+01    1.1518226090e+00    5.1313569221e+02    5.1100000000e+02    0.0000000000e+00   -4.5373245200e+01    9.9520859009e-01    9.9804305284e-01
         8   -4.5851621845e+01    1.1720766362e+00    5.1101693596e+02    5.1200000000e+02    0.0000000000e+00   -4.6010276851e+01    9.9488275291e-01    9.9804687500e-01
         9   -4.5879759071e+01    1.3143936113e+00    5.1303702850e+02    5.1200000000e+02    0.0000000000e+00   -4.5659432584e+01    9.9356655788e-01    1.0000000000e+00
        10   -4.5878806264e+01    1.2754216102e+00    5.1194972294e+02    5.1300000000e+02    0.0000000000e+00   -4.6082098854e+01    9.9484432862e-01    1.0000000000e+00
        11   -4.5816030585e+01    1.3127301722e+00    5.1386916317e+02    5.1400000000e+02    0.0000000000e+00   -4.5868986044e+01    9.9347592326e-01    9.9805447471e-01
        12   -4.5799490757e+01    1.3011514113e+00    5.1107945744e+02    5.1300000000e+02    0.0000000000e+00   -4.6180436751e+01    9.9480863764e-01    9.9025341131e-01
        13   -4.5770657326e+01    1.3160471670e+00    5.0982996064e+02    5.0900000000e+02    0.0000000000e+00   -4.5619535466e+01    9.9505445655e-01    9.9410609037e-01
        14   -4.5812823198e+01    1.2430938320e+00    5.1430871292e+02    5.1200000000e+02    0.0000000000e+00   -4.5345920784e+01    9.9410259517e-01    9.9804687500e-01
        15   -4.5818762866e+01    1.1610232533e+00    5.1373931212e+02    5.1600000000e+02    0.0000000000e+00   -4.6262730089e+01    9.9516260654e-01    9.9031007752e-01
        16   -4.5795610626e+01    1.1875871233e+00    5.1123148702e+02    5.1300000000e+02    0.0000000000e+00   -4.6157896556e+01    9.9463698950e-01    9.9610136452e-01
        17   -4.5815020186e+01    1.1385596670e+00    5.1180696655e+02    5.1100000000e+02    0.0000000000e+00   -4.5645397671e+01    9.9364356562e-01    9.9412915851e-01
        18   -4.5811286874e+01    1.0937142825e+00    5.1119024362e+02    5.1100000000e+02    0.0000000000e+00   -4.5777311232e+01    9.9429183162e-01    1.0000000000e+00
        19   -4.5825423118e+01    1.2202585084e+00    5.1383593545e+02    5.1300000000e+02    0.0000000000e+00   -4.5653006133e+01    9.9420671410e-01    9.9610136452e-01
        20   -4.5819211312e+01    1.2072275056e+00    5.1217490018e+02    5.1400000000e+02    0.0000000000e+00   -4.6183362891e+01    9.9467775366e-01    9.9805447471e-01
        21   -4.5858726446e+01    1.1917889117e+00    5.1409400796e+02    5.1400000000e+02    0.0000000000e+00   -4.5819552855e+01    9.9493380909e-01    9.8638132296e-01
        22   -4.5853034589e+01    1.2768585993e+00    5.0809539418e+02    5.0800000000e+02    0.0000000000e+00   -4.5843050398e+01    9.9475024918e-01    9.9606299213e-01
        23   -4.5842210210e+01    1.3483218008e+00    5.0704723172e+02    5.0700000000e+02    0.0000000000e+00   -4.5836002038e+01    9.9460440460e-01    1.0000000000e+00
        24   -4.5819023997e+01    1.3118519706e+00    5.0795962715e+02    5.0800000000e+02    0.0000000000e+00   -4.5833575173e+01    9.9660658016e-01    9.9409448819e-01
        25   -4.5853201349e+01    1.3870252936e+00    5.0602661951e+02    5.0600000000e+02    0.0000000000e+00   -4.5830518656e+01    9.9255025881e-01    9.9407114625e-01
        26   -4.5873536118e+01    1.4338028508e+00    5.0415990020e+02    5.0400000000e+02    0.0000000000e+00   -4.5829165968e+01    9.9376971201e-01    9.9603174603e-01
        27   -4.5853000106e+01    1.5509443969e+00    5.0617253489e+02    5.0600000000e+02    0.0000000000e+00   -4.5830132287e+01    9.9559629573e-01    9.9802371542e-01
        28   -4.5860235550e+01    1.4793572277e+00    5.0710368439e+02    5.0700000000e+02    0.0000000000e+00   -4.5835045980e+01    9.9545756709e-01    9.9605522682e-01
        29   -4.5817909099e+01    1.1998200633e+00    5.0901480525e+02    5.0900000000e+02    0.0000000000e+00   -4.5838410827e+01    9.9282894562e-01    9.9607072692e-01
        30   -4.5825186317e+01    1.2420497403e+00    5.1092085504e+02    5.1100000000e+02    0.0000000000e+00   -4.5839161356e+01    9.9681016163e-01    9.9804305284e-01
        31   -4.5704042639e+01    1.1659132748e+00    5.0958802122e+02    5.1000000000e+02    0.0000000000e+00   -4.5841096897e+01    9.9509242492e-01    9.9803921569e-01
        32   -4.5754693148e+01    1.2880857591e+00    5.1249944731e+02    5.1300000000e+02    0.0000000000e+00   -4.5826887784e+01    9.9499547720e-01    9.9610136452e-01
        33   -4.5760870406e+01    1.1174938141e+00    5.1365063843e+02    5.1400000000e+02    0.0000000000e+00   -4.5826668152e+01    9.9414893917e-01    9.9221789883e-01
        34   -4.5825569373e+01    1.2022906356e+00    5.1185002310e+02    5.1200000000e+02    0.0000000000e+00   -4.5824281667e+01    9.9488777946e-01    9.9023437500e-01
        35   -4.5813480105e+01    1.3732546067e+00    5.0800193568e+02    5.0800000000e+02    0.0000000000e+00   -4.5821070411e+01    9.9392798810e-01    9.9606299213e-01
        36   -4.5813420751e+01    1.1084663838e+00    5.0698503148e+02    5.0700000000e+02    0.0000000000e+00   -4.5813031306e+01    9.9493410697e-01    9.9013806706e-01
        37   -4.5864774278e+01    9.9173230647e-01    5.0416515497e+02    5.0400000000e+02    0.0000000000e+00   -4.5810589296e+01    9.9468038963e-01    1.0000000000e+00
        38   -4.5848634161e+01    9.3499515341e-01    5.0523239400e+02    5.0500000000e+02    0.0000000000e+00   -4.5807475155e+01    9.9400165500e-01    9.9801980198e-01
        39   -4.5836383053e+01    1.0967507501e+00    5.0515304300e+02    5.0500000000e+02    0.0000000000e+00   -4.5810944408e+01    9.9544583834e-01    9.9801980198e-01
        40   -4.5815915512e+01    1.0202326507e+00    5.0506068503e+02    5.0500000000e+02    0.0000000000e+00   -4.5811393964e+01    9.9458887342e-01    9.9405940594e-01
        41   -4.5835321120e+01    1.1212442926e+00    5.0207002749e+02    5.0200000000e+02    0.0000000000e+00   -4.5810785323e+01    9.9420338760e-01    9.9800796813e-01
        42   -4.5815811394e+01    1.5206238676e+00    5.0208341063e+02    5.0200000000e+02    0.0000000000e+00   -4.5805341329e+01    9.9289002724e-01    9.9800796813e-01
        43   -4.5742629467e+01    1.1186094963e+00    5.0185792809e+02    5.0200000000e+02    0.0000000000e+00   -4.5804971682e+01    9.9561780466e-01    1.0000000000e+00
        44   -4.5730570836e+01    1.1106327877e+00    5.0366754730e+02    5.0400000000e+02    0.0000000000e+00   -4.5801109964e+01    9.9406292848e-01    9.9603174603e-01
        45   -4.5770383839e+01    1.1551905505e+00    5.0273132158e+02    5.0300000000e+02    0.0000000000e+00   -4.5801087450e+01    9.9422082812e-01    9.9801192843e-01
        46   -4.5754416674e+01    1.2966194051e+00    5.0281270485e+02    5.0300000000e+02    0.0000000000e+00   -4.5797414911e+01    9.9355107292e-01    9.9602385686e-01
        47   -4.5799402063e+01    1.2709787903e+00    5.0391235554e+02    5.0400000000e+02    0.0000000000e+00   -4.5795307632e+01    9.9530489765e-01    9.9603174603e-01
        48   -4.5830046373e+01    1.2713666962e+00    5.0610987626e+02    5.0600000000e+02    0.0000000000e+00   -4.5796991798e+01    9.9572309073e-01    9.9407114625e-01
        49   -4.5774043546e+01    1.0971117688e+00    5.0500243880e+02    5.0500000000e+02    0.0000000000e+00   -4.5801934005e+01    9.9572198055e-01    1.0000000000e+00
        50   -4.5819828878e+01    1.2257783184e+00    5.0597060613e+02    5.0600000000e+02    0.0000000000e+00   -4.5798428095e+01    9.9322602262e-01    9.9407114625e-01
        51   -4.5795441458e+01    1.2142703392e+00    5.0302866481e+02    5.0300000000e+02    0.0000000000e+00   -4.5800589846e+01    9.9522316115e-01    9.9801192843e-01
        52   -4.5805756379e+01    1.4375274558e+00    5.0604948367e+02    5.0600000000e+02    0.0000000000e+00   -4.5794227349e+01    9.9529277199e-01    9.9407114625e-01
        53   -4.5828203984e+01    1.1252007227e+00    5.0411098868e+02    5.0400000000e+02    0.0000000000e+00   -4.5800028335e+01    9.9434315337e-01    9.9603174603e-01
        54   -4.5841846849e+01    1.4175313712e+00    5.0519324584e+02    5.0500000000e+02    0.0000000000e+00   -4.5796675203e+01    9.9383477030e-01    9.9603960396e-01
        55   -4.5801375502e+01    1.1898789403e+00    5.0409086530e+02    5.0400000000e+02    0.0000000000e+00   -4.5799666721e+01    9.9535868327e-01    9.9603174603e-01
        56   -4.5828540874e+01    1.1461574450e+00    5.0308229886e+02    5.0300000000e+02    0.0000000000e+00   -4.5797157940e+01    9.9436927975e-01    9.9801192843e-01
        57   -4.5826559723e+01    1.3355259755e+00    5.0316146239e+02    5.0300000000e+02    0.0000000000e+00   -4.5795582601e+01    9.9529589003e-01    9.9602385686e-01
        58   -4.5873646628e+01    1.4877343610e+00    5.0327175409e+02    5.0300000000e+02    0.0000000000e+00   -4.5796092742e+01    9.9415694568e-01    9.9602385686e-01
        59   -4.5837878173e+01    1.1613885434e+00    5.0328546956e+02    5.0300000000e+02    0.0000000000e+00   -4.5797853976e+01    9.9407855340e-01    1.0000000000e+00
        60   -4.5818665231e+01    1.1884511546e+00    5.0312444382e+02    5.0300000000e+02    0.0000000000e+00   -4.5798451975e+01    9.9493106546e-01    9.9403578529e-01
        61   -4.5841991306e+01    1.1378999870e+00    5.0215843436e+02    5.0200000000e+02    0.0000000000e+00   -4.5798206272e+01    9.9426328693e-01    9.9800796813e-01
        62   -4.5903123691e+01    1.2442428952e+00    5.0437552022e+02    5.0400000000e+02    0.0000000000e+00   -4.5796910547e+01    9.9441880468e-01    9.9801587302e-01
        63   -4.5888375389e+01    1.3972182636e+00    5.0547293799e+02    5.0500000000e+02    0.0000000000e+00   -4.5803334643e+01    9.9326926766e-01    9.8613861386e-01
        64   -4.5882164365e+01    1.0090716961e+00    5.0243880475e+02    5.0200000000e+02    0.0000000000e+00   -4.5807099829e+01    9.9616289184e-01    9.9800796813e-01
        65   -4.5904224106e+01    1.1956384046e+00    5.0445212811e+02    5.0400000000e+02    0.0000000000e+00   -4.5802462165e+01    9.9342909028e-01    9.9603174603e-01
        66   -4.5916661698e+01    1.1097121890e+00    5.0451299583e+02    5.0400000000e+02    0.0000000000e+00   -4.5808263676e+01    9.9335855908e-01    9.9603174603e-01
        67   -4.5890792050e+01    1.2268563090e+00    5.0648819042e+02    5.0600000000e+02    0.0000000000e+00   -4.5810374678e+01    9.9406249188e-01    9.9802371542e-01
        68   -4.5863944540e+01    1.3013666433e+00    5.0529805730e+02    5.0500000000e+02    0.0000000000e+00   -4.5815650551e+01    9.9621960446e-01    9.9405940594e-01
        69   -4.5863620528e+01    1.2845121321e+00    5.0323099434e+02    5.0300000000e+02    0.0000000000e+00   -4.5814062713e+01    9.9552104342e-01    1.0000000000e+00
        70   -4.5870260101e+01    1.2069296120e+00    5.0526046246e+02    5.0500000000e+02    0.0000000000e+00   -4.5810691177e+01    9.9538984251e-01    1.0000000000e+00
        71   -4.5875402197e+01    1.1449619501e+00    5.0928208057e+02    5.0900000000e+02    0.0000000000e+00   -4.5815545228e+01    9.9380301726e-01    9.9607072692e-01
        72   -4.5885552066e+01    1.1604872431e+00    5.0826832194e+02    5.0800000000e+02    0.0000000000e+00   -4.5824369491e+01    9.9541381015e-01    1.0000000000e+00
        73   -4.5856123459e+01    1.3582056699e+00    5.1022716951e+02    5.1000000000e+02    0.0000000000e+00   -4.5823430905e+01    9.9445289049e-01    9.9803921569e-01
        74   -4.5806706208e+01    1.3135813478e+00    5.1100253866e+02    5.1100000000e+02    0.0000000000e+00   -4.5827747413e+01    9.9313521643e-01    9.9608610568e-01
        75   -4.5862969879e+01    1.2603301201e+00    5.1508224246e+02    5.1500000000e+02    0.0000000000e+00   -4.5828820283e+01    9.9333123535e-01    9.9417475728e-01
        76   -4.5945129590e+01    1.0756348116e+00    5.1534901697e+02    5.1500000000e+02    0.0000000000e+00   -4.5837347298e+01    9.9496766908e-01    9.9417475728e-01
        77   -4.5929591263e+01    1.2423226938e+00    5.1249386957e+02    5.1200000000e+02    0.0000000000e+00   -4.5839861305e+01    9.9425586338e-01    9.9609375000e-01
        78   -4.5921668045e+01    1.3122583808e+00    5.1346951000e+02    5.1300000000e+02    0.0000000000e+00   -4.5835965158e+01    9.9331763813e-01    9.9610136452e-01
        79   -4.5913459875e+01    1.2629819204e+00    5.1541750191e+02    5.1500000000e+02    0.0000000000e+00   -4.5839335992e+01    9.9483144239e-01    9.9805825243e-01
        80   -4.5980682917e+01    1.3306080010e+00    5.1553256782e+02    5.1500000000e+02    0.0000000000e+00   -4.5844405762e+01    9.9456844910e-01    9.9611650485e-01
        81   -4.5969530635e+01    1.2528935055e+00    5.1466914121e+02    5.1400000000e+02    0.0000000000e+00   -4.5846972096e+01    9.9489112644e-01    9.9805447471e-01
        82   -4.5881808092e+01    1.1586530658e+00    5.1538246790e+02    5.1500000000e+02    0.0000000000e+00   -4.5847383519e+01    9.9477888101e-01    9.9611650485e-01
        83   -4.5909199018e+01    1.2214388044e+00    5.1423068261e+02    5.1400000000e+02    0.0000000000e+00   -4.5849397505e+01    9.9288361390e-01    9.9610894942e-01
        84   -4.5916762236e+01    1.1268883968e+00    5.1532493843e+02    5.1500000000e+02    0.0000000000e+00   -4.5848197472e+01    9.9367859443e-01    1.0000000000e+00
        85   -4.5931293627e+01    1.2243636498e+00    5.1534658158e+02    5.1500000000e+02    0.0000000000e+00   -4.5851444883e+01    9.9444139732e-01    9.9805825243e-01
        86   -4.5922552701e+01    1.1571923998e+00    5.1537509630e+02    5.1500000000e+02    0.0000000000e+00   -4.5852794787e+01    9.9548253183e-01    9.9417475728e-01
        87   -4.5899630181e+01    1.1386666105e+00    5.1428723098e+02    5.1400000000e+02    0.0000000000e+00   -4.5853988518e+01    9.9561991576e-01    9.9805447471e-01
        88   -4.5921180106e+01    1.6848172753e+00    5.1318328503e+02    5.1300000000e+02    0.0000000000e+00   -4.5852643289e+01    9.9408964621e-01    9.9805068226e-01
        89   -4.5897152414e+01    1.0797742335e+00    5.1218697097e+02    5.1200000000e+02    0.0000000000e+00   -4.5851552312e+01    9.9334388317e-01    9.9609375000e-01
        90   -4.5869164069e+01    1.1249710893e+00    5.1014377536e+02    5.1000000000e+02    0.0000000000e+00   -4.5850293394e+01    9.9477819870e-01    9.9607843137e-01
        91   -4.5893327901e+01    9.9279352073e-01    5.1118613994e+02    5.1100000000e+02    0.0000000000e+00   -4.5846567183e+01    9.9504086936e-01    9.9804305284e-01
        92   -4.5896741312e+01    1.1690006963e+00    5.1323488987e+02    5.1300000000e+02    0.0000000000e+00   -4.5849207384e+01    9.9418224725e-01    9.9220272904e-01
        93   -4.5918704002e+01    1.1901604965e+00    5.1429960741e+02    5.1400000000e+02    0.0000000000e+00   -4.5853836567e+01    9.9414681363e-01    9.9805447471e-01
        94   -4.5914041203e+01    1.0953416744e+00    5.1430011560e+02    5.1400000000e+02    0.0000000000e+00   -4.5856818082e+01    9.9339310419e-01    9.9805447471e-01
        95   -4.5877877773e+01    1.1779030910e+00    5.1619018075e+02    5.1600000000e+02    0.0000000000e+00   -4.5857641796e+01    9.9605602798e-01    9.9612403101e-01
        96   -4.5925284366e+01    1.1200836716e+00    5.1620420577e+02    5.1600000000e+02    0.0000000000e+00   -4.5861635325e+01    9.9430610390e-01    9.9806201550e-01
        97   -4.5894086482e+01    1.1190186318e+00    5.1924674283e+02    5.1900000000e+02    0.0000000000e+00   -4.5862594958e+01    9.9440420223e-01    1.0000000000e+00
        98   -4.5900908482e+01    1.2391200471e+00    5.2012943669e+02    5.2000000000e+02    0.0000000000e+00   -4.5868980294e+01    9.9522394041e-01    9.9807692308e-01
        99   -4.5914794281e+01    1.2435926718e+00    5.2117301858e+02    5.2100000000e+02    0.0000000000e+00   -4.5871260862e+01    9.9330122496e-01    9.9808061420e-01
       100   -4.5951339057e+01    1.1560675282e+00    5.2331299553e+02    5.2300000000e+02    0.0000000000e+00   -4.5874006322e+01    9.9337696509e-01    9.9808795411e-01
       101   -4.5892372249e+01    1.2507758606e+00    5.2320597608e+02    5.2300000000e+02    0.0000000000e+00   -4.5879277946e+01    9.9556075107e-01    9.9235181644e-01
       102   -4.5948041177e+01    1.2775931564e+00    5.2223129131e+02    5.2200000000e+02    0.0000000000e+00   -4.5879499633e+01    9.9505363180e-01    9.9233716475e-01
       103   -4.5921335672e+01    1.1154012582e+00    5.2031209539e+02    5.2000000000e+02    0.0000000000e+00   -4.5878721640e+01    9.9604796584e-01    9.9807692308e-01
       104   -4.5899204619e+01    1.1773396602e+00    5.1916253970e+02    5.1900000000e+02    0.0000000000e+00   -4.5875782735e+01    9.9527059899e-01    9.9229287091e-01
       105   -4.5922429137e+01    1.0890820325e+00    5.1920314372e+02    5.1900000000e+02    0.0000000000e+00   -4.5874035946e+01    9.9447335985e-01    1.0000000000e+00
       106   -4.5903718630e+01    1.2238475072e+00    5.2117559850e+02    5.2100000000e+02    0.0000000000e+00   -4.5874838404e+01    9.9395564239e-01    9.9616122841e-01
       107   -4.5958238042e+01    1.3190246721e+00    5.2125874401e+02    5.2100000000e+02    0.0000000000e+00   -4.5879122748e+01    9.9369645360e-01    9.9808061420e-01
       108   -4.5917603609e+01    1.1598739582e+00    5.2127924527e+02    5.2100000000e+02    0.0000000000e+00   -4.5880383153e+01    9.9412334254e-01    9.9424184261e-01
       109   -4.6014780554e+01    1.3054483914e+00    5.2146601085e+02    5.2100000000e+02    0.0000000000e+00   -4.5881042060e+01    9.9453956903e-01    9.9424184261e-01
       110   -4.6001059208e+01    1.5411182639e+00    5.2368725264e+02    5.2300000000e+02    0.0000000000e+00   -4.5883085832e+01    9.9535126954e-01    9.9808795411e-01
       111   -4.5973241953e+01    1.3660127329e+00    5.2752914347e+02    5.2700000000e+02    0.0000000000e+00   -4.5888834119e+01    9.9444745013e-01    1.0000000000e+00
       112   -4.6008475266e+01    1.3191350007e+00    5.2846859222e+02    5.2800000000e+02    0.0000000000e+00   -4.5897306374e+01    9.9460193868e-01    9.9431818182e-01
       113   -4.6006476636e+01    1.3317606332e+00    5.2856740719e+02    5.2800000000e+02    0.0000000000e+00   -4.5900602286e+01    9.9554970418e-01    9.9431818182e-01
       114   -4.6011378421e+01    1.2317661474e+00    5.2757349433e+02    5.2700000000e+02    0.0000000000e+00   -4.5902252370e+01    9.9549362375e-01    9.9620493359e-01
       115   -4.5957320869e+01    1.1663207214e+00    5.2742475096e+02    5.2700000000e+02    0.0000000000e+00   -4.5901854124e+01    9.9498221143e-01    9.9810246679e-01
       116   -4.5938897381e+01    1.2109208283e+00    5.3024138133e+02    5.3000000000e+02    0.0000000000e+00   -4.5902462044e+01    9.9408385967e-01    9.9622641509e-01
       117   -4.5943115706e+01    1.2142829682e+00    5.3016944255e+02    5.3000000000e+02    0.0000000000e+00   -4.5908469798e+01    9.9447787254e-01    9.9622641509e-01
       118   -4.5995071573e+01    1.2596762864e+00    5.3231549677e+02    5.3200000000e+02    0.0000000000e+00   -4.5909044869e+01    9.9427768786e-01    9.9812030075e-01
       119   -4.5959852981e+01    1.3040533561e+00    5.3332734330e+02    5.3300000000e+02    0.0000000000e+00   -4.5914305762e+01    9.9465453803e-01    9.9812382739e-01
       120   -4.5944699654e+01    1.2179234504e+00    5.3416621337e+02    5.3400000000e+02    0.0000000000e+00   -4.5917049387e+01    9.9419088281e-01    9.9438202247e-01
       121   -4.6002495729e+01    1.2991322083e+00    5.3429155272e+02    5.3400000000e+02    0.0000000000e+00   -4.5919298882e+01    9.9431034466e-01    9.9812734082e-01
       122   -4.5929082713e+01    1.1889072384e+00    5.3624287345e+02    5.3600000000e+02    0.0000000000e+00   -4.5920764669e+01    9.9448761419e-01    9.9626865672e-01
       123   -4.5914191866e+01    1.1810123337e+00    5.3697905043e+02    5.3700000000e+02    0.0000000000e+00   -4.5924904696e+01    9.9385200699e-01    9.9813780261e-01
       124   -4.5915910526e+01    1.3904259747e+00    5.3692426746e+02    5.3700000000e+02    0.0000000000e+00   -4.5926618422e+01    9.9491866539e-01    9.9627560521e-01
       125   -4.5881727081e+01    1.4384934638e+00    5.3483740885e+02    5.3500000000e+02    0.0000000000e+00   -4.5926868077e+01    9.9318395491e-01    9.9439252336e-01
       126   -4.5887298129e+01    1.1524111971e+00    5.3279598438e+02    5.3300000000e+02    0.0000000000e+00   -4.5922996374e+01    9.9514321849e-01    9.9812382739e-01
       127   -4.5879349173e+01    1.3680255042e+00    5.3380076443e+02    5.3400000000e+02    0.0000000000e+00   -4.5919246369e+01    9.9391431530e-01    1.0000000000e+00
       128   -4.5936747631e+01    1.3058489294e+00    5.3390186182e+02    5.3400000000e+02    0.0000000000e+00   -4.5921129685e+01    9.9454255128e-01    9.9812734082e-01
       129   -4.5936139444e+01    1.3911648785e+00    5.3607372021e+02    5.3600000000e+02    0.0000000000e+00   -4.5921844894e+01    9.9288466035e-01    9.9813432836e-01
       130   -4.5920280517e+01    1.2374420007e+00    5.3700776458e+02    5.3700000000e+02    0.0000000000e+00   -4.5926415286e+01    9.9441779929e-01    9.9441340782e-01
       131   -4.5968370246e+01    1.3531243497e+00    5.3508196374e+02    5.3500000000e+02    0.0000000000e+00   -4.5928514819e+01    9.9496600081e-01    9.9626168224e-01
       132   -4.5970463525e+01    1.2826281152e+00    5.3523185736e+02    5.3500000000e+02    0.0000000000e+00   -4.5925703841e+01    9.9465526540e-01    9.9439252336e-01
       133   -4.5887658600e+01    1.2295381484e+00    5.3401099760e+02    5.3400000000e+02    0.0000000000e+00   -4.5926770261e+01    9.9393077367e-01    9.9250936330e-01
       134   -4.5893674065e+01    1.2437600880e+00    5.3082006535e+02    5.3100000000e+02    0.0000000000e+00   -4.5924532837e+01    9.9582794222e-01    9.9623352166e-01
       135   -4.5905556776e+01    1.5644175684e+00    5.2988270735e+02    5.3000000000e+02    0.0000000000e+00   -4.5918637186e+01    9.9262984015e-01    9.9433962264e-01
       136   -4.5909091164e+01    1.4518260974e+00    5.3296804261e+02    5.3300000000e+02    0.0000000000e+00   -4.5917068189e+01    9.9507338560e-01    1.0000000000e+00
       137   -4.5952534362e+01    1.6520058003e+00    5.3603735663e+02    5.3600000000e+02    0.0000000000e+00   -4.5923099226e+01    9.9294275429e-01    9.9626865672e-01
       138   -4.5968437940e+01    1.5235356960e+00    5.3413903001e+02    5.3400000000e+02    0.0000000000e+00   -4.5929431209e+01    9.9360902762e-01    9.9625468165e-01
       139   -4.5852029751e+01    1.2068314579e+00    5.3491253475e+02    5.3500000000e+02    0.0000000000e+00   -4.5926596843e+01    9.9416604913e-01    9.9439252336e-01
       140   -4.5910270245e+01    1.4893337769e+00    5.3274433646e+02    5.3300000000e+02    0.0000000000e+00   -4.5927775300e+01    9.9337946280e-01    9.9812382739e-01
       141   -4.5899704604e+01    1.1568415418e+00    5.3388802081e+02    5.3400000000e+02    0.0000000000e+00   -4.5923930830e+01    9.9598708199e-01    9.9812734082e-01
       142   -4.5921927915e+01    1.6962152661e+00    5.3387862738e+02    5.3400000000e+02    0.0000000000e+00   -4.5926202281e+01    9.9514759326e-01    9.9438202247e-01
       143   -4.5892141430e+01    1.3484994120e+00    5.3388140397e+02    5.3400000000e+02    0.0000000000e+00   -4.5926490273e+01    9.9621145552e-01    9.9250936330e-01
       144   -4.5848310582e+01    1.1518373675e+00    5.2970209718e+02    5.3000000000e+02    0.0000000000e+00   -4.5926555918e+01    9.9519399813e-01    9.9811320755e-01
       145   -4.5861900053e+01    1.1721652835e+00    5.2864629104e+02    5.2900000000e+02    0.0000000000e+00   -4.5918405791e+01    9.9414801853e-01    1.0000000000e+00
       146   -4.5847579132e+01    1.2474113248e+00    5.2965382837e+02    5.3000000000e+02    0.0000000000e+00   -4.5916231900e+01    9.9446357078e-01    9.9622641509e-01
       147   -4.5877500040e+01    1.2979813261e+00    5.3073365224e+02    5.3100000000e+02    0.0000000000e+00   -4.5917847323e+01    9.9584989848e-01    9.9811676083e-01
       148   -4.5848681309e+01    1.2045922292e+00    5.3068318210e+02    5.3100000000e+02    0.0000000000e+00   -4.5919833606e+01    9.9484050679e-01    9.9435028249e-01
       149   -4.5893058008e+01    1.1342479473e+00    5.2974571304e+02    5.3000000000e+02    0.0000000000e+00   -4.5919465509e+01    9.9497088486e-01    9.9811320755e-01
       150   -4.5855689239e+01    1.0262266781e+00    5.2975757274e+02    5.3000000000e+02    0.0000000000e+00   -4.5917769977e+01    9.9453712962e-01    9.9245283019e-01
       151   -4.5879851924e+01    1.1687277767e+00    5.2573276507e+02    5.2600000000e+02    0.0000000000e+00   -4.5917578560e+01    9.9472642018e-01    9.9619771863e-01
       152   -4.5854825939e+01    1.2428718675e+00    5.2376792747e+02    5.2400000000e+02    0.0000000000e+00   -4.5909924588e+01    9.9438758251e-01    9.9618320611e-01
       153   -4.5906397782e+01    1.3636385283e+00    5.2487515630e+02    5.2500000000e+02    0.0000000000e+00   -4.5905964990e+01    9.9395883193e-01    9.9428571429e-01
       154   -4.5858961870e+01    1.2466012788e+00    5.2186296461e+02    5.2200000000e+02    0.0000000000e+00   -4.5908249539e+01    9.9452438768e-01    9.9616858238e-01
       155   -4.5872722652e+01    1.3554706242e+00    5.2079740161e+02    5.2100000000e+02    0.0000000000e+00   -4.5902313011e+01    9.9514296634e-01    9.9808061420e-01
       156   -4.5842879246e+01    1.4303617080e+00    5.2176463499e+02    5.2200000000e+02    0.0000000000e+00   -4.5900191800e+01    9.9455126293e-01    9.9616858238e-01
       157   -4.5883384577e+01    1.2413610992e+00    5.2380534927e+02    5.2400000000e+02    0.0000000000e+00   -4.5901753308e+01    9.9567283451e-01    9.9618320611e-01
       158   -4.5875402271e+01    1.4594187311e+00    5.2386328907e+02    5.2400000000e+02    0.0000000000e+00   -4.5905660649e+01    9.9436584965e-01    9.9236641221e-01
       159   -4.5869040481e+01    1.2684804571e+00    5.2182843033e+02    5.2200000000e+02    0.0000000000e+00   -4.5905717566e+01    9.9456853724e-01    9.9616858238e-01
       160   -4.5882773758e+01    1.2538707378e+00    5.2187748605e+02    5.2200000000e+02    0.0000000000e+00   -4.5901727307e+01    9.9606251639e-01    9.9233716475e-01
       161   -4.5883324201e+01    1.2127788332e+00    5.1789955012e+02    5.1800000000e+02    0.0000000000e+00   -4.5901821740e+01    9.9506051893e-01    9.9806949807e-01
       162   -4.5885461161e+01    1.2234735990e+00    5.1793555228e+02    5.1800000000e+02    0.0000000000e+00   -4.5894174486e+01    9.9616480516e-01    9.9613899614e-01
       163   -4.5854904827e+01    1.1812554577e+00    5.1787260103e+02    5.1800000000e+02    0.0000000000e+00   -4.5894263184e+01    9.9545196539e-01    9.9034749035e-01
       164   -4.5887808282e+01    1.1941670187e+00    5.1589913441e+02    5.1600000000e+02    0.0000000000e+00   -4.5893948355e+01    9.9621135869e-01    9.9224806202e-01
       165   -4.5816362756e+01    1.2108220996e+00    5.1583943891e+02    5.1600000000e+02    0.0000000000e+00   -4.5890166665e+01    9.9451051571e-01    9.9224806202e-01
       166   -4.5820870173e+01    1.2175338932e+00    5.1162625265e+02    5.1200000000e+02    0.0000000000e+00   -4.5889597404e+01    9.9397878098e-01    9.9414062500e-01
       167   -4.5882503763e+01    1.9612830860e+00    5.0976064019e+02    5.1000000000e+02    0.0000000000e+00   -4.5880979525e+01    9.9590008440e-01    9.9411764706e-01
       168   -4.5892997585e+01    1.1523412885e+00    5.1094243180e+02    5.1100000000e+02    0.0000000000e+00   -4.5877331789e+01    9.9371800206e-01    9.9608610568e-01
       169   -4.5920638646e+01    1.1656021495e+00    5.1113354075e+02    5.1100000000e+02    0.0000000000e+00   -4.5879723154e+01    9.9482390016e-01    9.9412915851e-01
       170   -4.5951153388e+01    1.1950578454e+00    5.0928517639e+02    5.0900000000e+02    0.0000000000e+00   -4.5880356102e+01    9.9544070288e-01    9.9214145383e-01
       171   -4.5886086641e+01    1.1555998280e+00    5.0722786127e+02    5.0700000000e+02    0.0000000000e+00   -4.5877190980e+01    9.9414305180e-01    9.9408284024e-01
       172   -4.5872140462e+01    1.1976392924e+00    5.0704133716e+02    5.0700000000e+02    0.0000000000e+00   -4.5873166733e+01    9.9562026153e-01    9.9802761341e-01
       173   -4.5861119683e+01    1.2536628108e+00    5.0794984406e+02    5.0800000000e+02    0.0000000000e+00   -4.5872731021e+01    9.9448715376e-01    9.9803149606e-01
       174   -4.5845325430e+01    1.1806948089e+00    5.0990314478e+02    5.1000000000e+02    0.0000000000e+00   -4.5874382604e+01    9.9562749528e-01    9.9607843137e-01
       175   -4.5846875230e+01    1.1096472923e+00    5.0781364037e+02    5.0800000000e+02    0.0000000000e+00   -4.5877981986e+01    9.9506792653e-01    9.9212598425e-01
       176   -4.5893816315e+01    1.0324282471e+00    5.0500144465e+02    5.0500000000e+02    0.0000000000e+00   -4.5873650012e+01    9.9293518934e-01    9.9603960396e-01
       177   -4.5861808421e+01    1.0018012684e+00    5.0805963835e+02    5.0800000000e+02    0.0000000000e+00   -4.5868172925e+01    9.9511404839e-01    1.0000000000e+00
       178   -4.5908866888e+01    1.0532698603e+00    5.1105992107e+02    5.1100000000e+02    0.0000000000e+00   -4.5874083083e+01    9.9490342434e-01    9.9804305284e-01
       179   -4.5949575200e+01    1.0746058926e+00    5.1424842552e+02    5.1400000000e+02    0.0000000000e+00   -4.5880141266e+01    9.9454961609e-01    9.9610894942e-01
       180   -4.5930115071e+01    1.0684860124e+00    5.1326049105e+02    5.1300000000e+02    0.0000000000e+00   -4.5886783363e+01    9.9242132066e-01    9.9805068226e-01
       181   -4.5918530621e+01    1.1612621982e+00    5.1218819912e+02    5.1200000000e+02    0.0000000000e+00   -4.5885156750e+01    9.9557760340e-01    9.9609375000e-01
       182   -4.5867801579e+01    1.1522850936e+00    5.1104348527e+02    5.1100000000e+02    0.0000000000e+00   -4.5883286577e+01    9.9433873615e-01    9.9804305284e-01
       183   -4.5929957127e+01    1.1381267644e+00    5.1208040499e+02    5.1200000000e+02    0.0000000000e+00   -4.5880956383e+01    9.9400026454e-01    9.9804687500e-01
       184   -4.5931008759e+01    1.1567065812e+00    5.1323066108e+02    5.1300000000e+02    0.0000000000e+00   -4.5883270735e+01    9.9295686465e-01    9.9610136452e-01
       185   -4.5908632157e+01    1.1014037201e+00    5.1117307847e+02    5.1100000000e+02    0.0000000000e+00   -4.5885804730e+01    9.9446833524e-01    9.9804305284e-01
       186   -4.5871081746e+01    1.0836782266e+00    5.1103031359e+02    5.1100000000e+02    0.0000000000e+00   -4.5881939569e+01    9.9505268057e-01    9.9608610568e-01
       187   -4.5860891955e+01    1.3559550434e+00    5.0991553774e+02    5.1000000000e+02    0.0000000000e+00   -4.5881585546e+01    9.9562695314e-01    9.9411764706e-01
       188   -4.5868199198e+01    1.1314303829e+00    5.0892010528e+02    5.0900000000e+02    0.0000000000e+00   -4.5879267275e+01    9.9467092898e-01    9.9607072692e-01
       189   -4.5824456117e+01    1.0962605904e+00    5.0682925320e+02    5.0700000000e+02    0.0000000000e+00   -4.5877223584e+01    9.9514741904e-01    9.9802761341e-01
       190   -4.5859119696e+01    1.2081087884e+00    5.0683388087e+02    5.0700000000e+02    0.0000000000e+00   -4.5872760824e+01    9.9511838062e-01    9.9408284024e-01
       191   -4.5886242068e+01    1.1835431759e+00    5.0399997546e+02    5.0400000000e+02    0.0000000000e+00   -4.5872630822e+01    9.9539204283e-01    9.9404761905e-01
       192   -4.5831202616e+01    1.2568128702e+00    5.0195759104e+02    5.0200000000e+02    0.0000000000e+00   -4.5867043917e+01    9.9577350679e-01    1.0000000000e+00
       193   -4.5833418357e+01    1.3808501608e+00    5.0483632049e+02    5.0500000000e+02    0.0000000000e+00   -4.5862685127e+01    9.9434489355e-01    9.9603960396e-01
       194   -4.5877503079e+01    1.2866011533e+00    5.0494059011e+02    5.0500000000e+02    0.0000000000e+00   -4.5868121706e+01    9.9413979095e-01    9.8613861386e-01
       195   -4.5931441010e+01    1.3144273024e+00    4.9919964776e+02    4.9900000000e+02    0.0000000000e+00   -4.5868301317e+01    9.9371151921e-01    9.9398797595e-01
       196   -4.5881158684e+01    1.3689975528e+00    4.9623868518e+02    4.9600000000e+02    0.0000000000e+00   -4.5857146512e+01    9.9488214546e-01    9.9395161290e-01
       197   -4.5916981515e+01    1.4226888252e+00    4.9524097559e+02    4.9500000000e+02    0.0000000000e+00   -4.5851190052e+01    9.9349267185e-01    9.9595959596e-01
       198   -4.5897536102e+01    1.1021627003e+00    4.9427745133e+02    4.9400000000e+02    0.0000000000e+00   -4.5849371438e+01    9.9294098147e-01    9.9595141700e-01
       199   -4.5912959313e+01    1.1932389210e+00    4.9428630976e+02    4.9400000000e+02    0.0000000000e+00   -4.5847507130e+01    9.9419984436e-01    9.9190283401e-01
       200   -4.5902320231e+01    1.1557434991e+00    4.9130522183e+02    4.9100000000e+02    0.0000000000e+00   -4.5847692966e+01    9.9463082322e-01    9.9592668024e-01
       201   -4.5921388557e+01    1.1491771511e+00    4.9134226402e+02    4.9100000000e+02    0.0000000000e+00   -4.5841750890e+01    9.9534055420e-01    9.9796334012e-01
       202   -4.5927603632e+01    1.1301084697e+00    4.9139391689e+02    4.9100000000e+02    0.0000000000e+00   -4.5842037154e+01    9.9394304861e-01    9.9796334012e-01
       203   -4.5962290371e+01    1.1250002569e+00    4.9149936991e+02    4.9100000000e+02    0.0000000000e+00   -4.5842384803e+01    9.9414231212e-01    9.9185336049e-01
       204   -4.5979702152e+01    1.3068507863e+00    4.8863855074e+02    4.8800000000e+02    0.0000000000e+00   -4.5843027788e+01    9.9462092772e-01    9.9590163934e-01
       205   -4.5941486382e+01    1.1661653265e+00    4.8959365561e+02    4.8900000000e+02    0.0000000000e+00   -4.5837708080e+01    9.9538463516e-01    9.9591002045e-01
       206   -4.5945883624e+01    1.1647697468e+00    4.9354439686e+02    4.9300000000e+02    0.0000000000e+00   -4.5839967661e+01    9.9410989251e-01    9.9797160243e-01
       207   -4.5946950214e+01    1.1122888818e+00    4.9447137452e+02    4.9400000000e+02    0.0000000000e+00   -4.5848331803e+01    9.9321647062e-01    9.9797570850e-01
       208   -4.5896485309e+01    1.0754644417e+00    4.9332611123e+02    4.9300000000e+02    0.0000000000e+00   -4.5850537537e+01    9.9410621799e-01    9.9797160243e-01
       209   -4.5914765987e+01    1.0356794380e+00    4.9430732702e+02    4.9400000000e+02    0.0000000000e+00   -4.5848277510e+01    9.9576572411e-01    9.9797570850e-01
       210   -4.5904470266e+01    1.3327482641e+00    4.9528612614e+02    4.9500000000e+02    0.0000000000e+00   -4.5850418906e+01    9.9436469198e-01    9.9393939394e-01
       211   -4.5879290626e+01    1.0762300483e+00    4.9319936347e+02    4.9300000000e+02    0.0000000000e+00   -4.5852495961e+01    9.9484755176e-01    9.9797160243e-01
       212   -4.5873290449e+01    1.1260707984e+00    4.9614227812e+02    4.9600000000e+02    0.0000000000e+00   -4.5848240509e+01    9.9450291661e-01    9.9193548387e-01
       213   -4.5933264793e+01    1.3511668705e+00    4.9324864485e+02    4.9300000000e+02    0.0000000000e+00   -4.5854125718e+01    9.9487565604e-01    1.0000000000e+00
       214   -4.5881370116e+01    1.4321237865e+00    4.9426577167e+02    4.9400000000e+02    0.0000000000e+00   -4.5848522137e+01    9.9427578433e-01    9.9797570850e-01
       215   -4.5924295070e+01    1.6706862005e+00    4.9623699464e+02    4.9600000000e+02    0.0000000000e+00   -4.5850559223e+01    9.9472821662e-01    9.9596774194e-01
       216   -4.5965345209e+01    1.7527292089e+00    4.9540864192e+02    4.9500000000e+02    0.0000000000e+00   -4.5854735826e+01    9.9249011078e-01    9.9595959596e-01
       217   -4.5918129370e+01    2.0004121656e+00    4.9539193575e+02    4.9500000000e+02    0.0000000000e+00   -4.5853467895e+01    9.9357073052e-01    9.9797979798e-01
       218   -4.5936998857e+01    1.1168804268e+00    4.9533487070e+02    4.9500000000e+02    0.0000000000e+00   -4.5853594374e+01    9.9351029346e-01    1.0000000000e+00
       219   -4.5942318276e+01    1.2149588807e+00    4.9740300029e+02    4.9700000000e+02    0.0000000000e+00   -4.5853732588e+01    9.9290872160e-01    1.0000000000e+00
       220   -4.5917474819e+01    1.2465268182e+00    4.9833989690e+02    4.9800000000e+02    0.0000000000e+00   -4.5858176587e+01    9.9518527137e-01    9.9799196787e-01
       221   -4.5921872464e+01    1.1301535930e+00    4.9931193116e+02    4.9900000000e+02    0.0000000000e+00   -4.5860209507e+01    9.9513227027e-01    1.0000000000e+00
       222   -4.5986420890e+01    1.4346624274e+00    5.0348702749e+02    5.0300000000e+02    0.0000000000e+00   -4.5862329541e+01    9.9661709102e-01    9.9403578529e-01
       223   -4.5996783044e+01    1.2145136185e+00    5.0261978791e+02    5.0200000000e+02    0.0000000000e+00   -4.5871144149e+01    9.9557629357e-01    9.9601593625e-01
       224   -4.5956569857e+01    1.2518878703e+00    5.0152842170e+02    5.0100000000e+02    0.0000000000e+00   -4.5869953885e+01    9.9470989885e-01    9.9600798403e-01
       225   -4.5969151453e+01    1.3477156883e+00    5.0449749655e+02    5.0400000000e+02    0.0000000000e+00   -4.5868112487e+01    9.9471113642e-01    9.9801587302e-01
       226   -4.5939208001e+01    1.1256914606e+00    5.0540167599e+02    5.0500000000e+02    0.0000000000e+00   -4.5874405253e+01    9.9453335414e-01    9.9405940594e-01
       227   -4.5931504421e+01    1.1230777392e+00    5.0429871871e+02    5.0400000000e+02    0.0000000000e+00   -4.5876437631e+01    9.9525768142e-01    9.9603174603e-01
       228   -4.5912096030e+01    1.1890748627e+00    5.0424893952e+02    5.0400000000e+02    0.0000000000e+00   -4.5874455291e+01    9.9491067058e-01    9.9603174603e-01
       229   -4.5992101766e+01    1.3699467507e+00    5.0438573360e+02    5.0400000000e+02    0.0000000000e+00   -4.5874464160e+01    9.9455369986e-01    9.9007936508e-01
       230   -4.5955786872e+01    1.0358257849e+00    5.0054641885e+02    5.0000000000e+02    0.0000000000e+00   -4.5875222944e+01    9.9437569204e-01    9.9800000000e-01
       231   -4.5954463933e+01    1.0595149542e+00    4.9941267778e+02    4.9900000000e+02    0.0000000000e+00   -4.5867892773e+01    9.9343635774e-01    9.9799599198e-01
       232   -4.5868573942e+01    1.2219029614e+00    5.0021359159e+02    5.0000000000e+02    0.0000000000e+00   -4.5865926833e+01    9.9551486940e-01    9.9800000000e-01
       233   -4.5874584405e+01    1.3507890430e+00    5.0101547819e+02    5.0100000000e+02    0.0000000000e+00   -4.5867424824e+01    9.9610415470e-01    9.9800399202e-01
       234   -4.5945834342e+01    1.1993344993e+00    5.0320152500e+02    5.0300000000e+02    0.0000000000e+00   -4.5868951256e+01    9.9635343414e-01    1.0000000000e+00
       235   -4.6000633223e+01    1.2820940986e+00    5.0649219623e+02    5.0600000000e+02    0.0000000000e+00   -4.5873561720e+01    9.9331343465e-01    9.9604743083e-01
       236   -4.5942157515e+01    1.3486191713e+00    5.0847667349e+02    5.0800000000e+02    0.0000000000e+00   -4.5880587945e+01    9.9432661611e-01    9.9015748031e-01
       237   -4.5937777423e+01    1.2212036975e+00    5.0632900182e+02    5.0600000000e+02    0.0000000000e+00   -4.5884732258e+01    9.9438058764e-01    1.0000000000e+00
       238   -4.5902960098e+01    1.1193381633e+00    5.0920162177e+02    5.0900000000e+02    0.0000000000e+00   -4.5880711227e+01    9.9431182138e-01    9.9803536346e-01
       239   -4.5912758353e+01    1.4775467095e+00    5.0911076736e+02    5.0900000000e+02    0.0000000000e+00   -4.5886419354e+01    9.9467178186e-01    9.9803536346e-01
       240   -4.5916666346e+01    1.2713383071e+00    5.1012920600e+02    5.1000000000e+02    0.0000000000e+00   -4.5886335724e+01    9.9548211996e-01    9.9803921569e-01
       241   -4.5874691550e+01    1.2091040068e+00    5.1002608449e+02    5.1000000000e+02    0.0000000000e+00   -4.5888445789e+01    9.9386137797e-01    9.9607843137e-01
       242   -4.5872859277e+01    1.1765824954e+00    5.0993336043e+02    5.1000000000e+02    0.0000000000e+00   -4.5888165175e+01    9.9422997034e-01    9.9607843137e-01
       243   -4.5861908663e+01    1.2455808046e+00    5.0989381940e+02    5.1000000000e+02    0.0000000000e+00   -4.5887897398e+01    9.9498098315e-01    1.0000000000e+00
       244   -4.5841394897e+01    9.9303675737e-01    5.0979205818e+02    5.1000000000e+02    0.0000000000e+00   -4.5887685776e+01    9.9386426776e-01    9.9803921569e-01
       245   -4.5899295095e+01    1.1672799203e+00    5.1089796512e+02    5.1100000000e+02    0.0000000000e+00   -4.5887262125e+01    9.9433373008e-01    9.9608610568e-01
       246   -4.5889349035e+01    1.4122018037e+00    5.1102922527e+02    5.1100000000e+02    0.0000000000e+00   -4.5889463226e+01    9.9474504232e-01    9.9021526419e-01
       247   -4.5807513456e+01    1.3586726739e+00    5.0880757905e+02    5.0900000000e+02    0.0000000000e+00   -4.5889710118e+01    9.9377762430e-01    9.8624754420e-01
       248   -4.5863158466e+01    1.2001745288e+00    5.0378430172e+02    5.0400000000e+02    0.0000000000e+00   -4.5884984409e+01    9.9218514015e-01    1.0000000000e+00
       249   -4.5848759139e+01    1.2838994775e+00    5.0488608740e+02    5.0500000000e+02    0.0000000000e+00   -4.5874940082e+01    9.9436072427e-01    9.9603960396e-01
       250   -4.5944350535e+01    1.2511066629e+00    5.0409690174e+02    5.0400000000e+02    0.0000000000e+00   -4.5876940550e+01    9.9304254548e-01    1.0000000000e+00
       251   -4.5991895839e+01    1.3706856952e+00    5.0443585355e+02    5.0400000000e+02    0.0000000000e+00   -4.5875607479e+01    9.9479084968e-01    9.9801587302e-01
       252   -4.6006917112e+01    1.4098970583e+00    5.0562178797e+02    5.0500000000e+02    0.0000000000e+00   -4.5876713837e+01    9.9452455959e-01    9.9603960396e-01
       253   -4.5990294185e+01    1.3794118885e+00    5.0660808873e+02    5.0600000000e+02    0.0000000000e+00   -4.5879557022e+01    9.9394371224e-01    9.9802371542e-01
       254   -4.5926235100e+01    1.1355132934e+00    5.0636505846e+02    5.0600000000e+02    0.0000000000e+00   -4.5881925456e+01    9.9444135631e-01    9.9407114625e-01
       255   -4.5813821250e+01    1.2194896009e+00    5.0796898908e+02    5.0800000000e+02    0.0000000000e+00   -4.5881589121e+01    9.9465564109e-01    9.9606299213e-01
       256   -4.5893940636e+01    1.1774868488e+00    5.0986011982e+02    5.1000000000e+02    0.0000000000e+00   -4.5884417608e+01    9.9562261441e-01    1.0000000000e+00
       257   -4.5885295359e+01    1.1733758563e+00    5.0998341640e+02    5.1000000000e+02    0.0000000000e+00   -4.5888140451e+01    9.9577941532e-01    9.9607843137e-01
       258   -4.5854901484e+01    1.1245852114e+00    5.0889172916e+02    5.0900000000e+02    0.0000000000e+00   -4.5888352694e+01    9.9437861014e-01    1.0000000000e+00
       259   -4.5849001309e+01    1.1656460709e+00    5.0981015470e+02    5.1000000000e+02    0.0000000000e+00   -4.5886053292e+01    9.9526993305e-01    9.9607843137e-01
       260   -4.5842523645e+01    1.1975366033e+00    5.0877118942e+02    5.0900000000e+02    0.0000000000e+00   -4.5887676666e+01    9.9347435266e-01    9.9803536346e-01
       261   -4.5890501025e+01    1.0456959211e+00    5.0989423974e+02    5.1000000000e+02    0.0000000000e+00   -4.5885431499e+01    9.9556976994e-01    9.9607843137e-01
       262   -4.5910904140e+01    1.2873741778e+00    5.0905067793e+02    5.0900000000e+02    0.0000000000e+00   -4.5887631251e+01    9.9430088059e-01    9.9410609037e-01
       263   -4.5911907715e+01    1.2346941102e+00    5.0914775826e+02    5.0900000000e+02    0.0000000000e+00   -4.5886054309e+01    9.9432241896e-01    9.9803536346e-01
       264   -4.5859043993e+01    1.1137368414e+00    5.1002424734e+02    5.1000000000e+02    0.0000000000e+00   -4.5886327279e+01    9.9359747113e-01    9.9803921569e-01
       265   -4.5831855188e+01    1.1147265570e+00    5.1478617015e+02    5.1500000000e+02    0.0000000000e+00   -4.5887913120e+01    9.9524443560e-01    1.0000000000e+00
       266   -4.5887184762e+01    1.2704264963e+00    5.1579116646e+02    5.1600000000e+02    0.0000000000e+00   -4.5896962868e+01    9.9453946793e-01    9.9612403101e-01
       267   -4.5942076608e+01    1.2882789319e+00    5.1608073145e+02    5.1600000000e+02    0.0000000000e+00   -4.5898895608e+01    9.9406762166e-01    9.9612403101e-01
       268   -4.5935261565e+01    1.2730282428e+00    5.1519827173e+02    5.1500000000e+02    0.0000000000e+00   -4.5899660715e+01    9.9466941355e-01    9.9611650485e-01
       269   -4.5928370369e+01    1.2556748398e+00    5.1415817693e+02    5.1400000000e+02    0.0000000000e+00   -4.5898124183e+01    9.9331579572e-01    9.9805447471e-01
       270   -4.5921485241e+01    1.2602705200e+00    5.1514946792e+02    5.1500000000e+02    0.0000000000e+00   -4.5896249211e+01    9.9533105482e-01    9.9611650485e-01
       271   -4.5879375719e+01    1.2212086072e+00    5.1299324279e+02    5.1300000000e+02    0.0000000000e+00   -4.5898292644e+01    9.9456054415e-01    9.9415204678e-01
       272   -4.5890809768e+01    1.2376052792e+00    5.1095607859e+02    5.1100000000e+02    0.0000000000e+00   -4.5894047497e+01    9.9346350847e-01    9.9608610568e-01
       273   -4.5904317976e+01    1.3163690189e+00    5.1103024187e+02    5.1100000000e+02    0.0000000000e+00   -4.5890063322e+01    9.9434378841e-01    9.9608610568e-01
       274   -4.5884513833e+01    1.2311607428e+00    5.1001109821e+02    5.1000000000e+02    0.0000000000e+00   -4.5890256543e+01    9.9550925754e-01    9.9803921569e-01
       275   -4.5902046468e+01    1.1274653545e+00    5.1102109113e+02    5.1100000000e+02    0.0000000000e+00   -4.5888230304e+01    9.9541938274e-01    9.9217221135e-01
       276   -4.5882011101e+01    1.1417151853e+00    5.1002089601e+02    5.1000000000e+02    0.0000000000e+00   -4.5890247447e+01    9.9620579598e-01    9.9803921569e-01
       277   -4.5881771245e+01    1.1107720941e+00    5.0894991188e+02    5.0900000000e+02    0.0000000000e+00   -4.5888248786e+01    9.9399922134e-01    9.9803536346e-01
       278   -4.5911840191e+01    1.3134562426e+00    5.0904281611e+02    5.0900000000e+02    0.0000000000e+00   -4.5886106577e+01    9.9511791696e-01    9.9803536346e-01
       279   -4.5900733711e+01    1.2534309438e+00    5.1009634380e+02    5.1000000000e+02    0.0000000000e+00   -4.5886365389e+01    9.9347077350e-01    1.0000000000e+00
       280   -4.5923901391e+01    1.3091740615e+00    5.1211307738e+02    5.1200000000e+02    0.0000000000e+00   -4.5888465860e+01    9.9308871140e-01    9.9414062500e-01
       281   -4.5874719235e+01    1.2586104054e+00    5.0902483236e+02    5.0900000000e+02    0.0000000000e+00   -4.5892533194e+01    9.9415979947e-01    9.9214145383e-01
       282   -4.5873444688e+01    1.1934372243e+00    5.0595203646e+02    5.0600000000e+02    0.0000000000e+00   -4.5886417391e+01    9.9438495828e-01    9.9802371542e-01
       283   -4.5886478725e+01    1.2216828800e+00    5.0597417342e+02    5.0600000000e+02    0.0000000000e+00   -4.5880290980e+01    9.9386295543e-01    9.9604743083e-01
       284   -4.5866317065e+01    1.4153009110e+00    5.0797616681e+02    5.0800000000e+02    0.0000000000e+00   -4.5880313160e+01    9.9468501156e-01    9.9606299213e-01
       285   -4.5853700161e+01    1.2156180521e+00    5.0688839938e+02    5.0700000000e+02    0.0000000000e+00   -4.5884164572e+01    9.9403467340e-01    9.9605522682e-01
       286   -4.5938940919e+01    1.1159232051e+00    5.0607357506e+02    5.0600000000e+02    0.0000000000e+00   -4.5881876711e+01    9.9461336575e-01    9.9604743083e-01
       287   -4.5944480521e+01    1.3996221403e+00    5.0732651233e+02    5.0700000000e+02    0.0000000000e+00   -4.5880444060e+01    9.9571975872e-01    1.0000000000e+00
       288   -4.5981250453e+01    1.3096691958e+00    5.1039348816e+02    5.1000000000e+02    0.0000000000e+00   -4.5883112300e+01    9.9459394410e-01    9.9607843137e-01
       289   -4.5927388529e+01    1.2556620442e+00    5.1232340982e+02    5.1200000000e+02    0.0000000000e+00   -4.5889470206e+01    9.9360254927e-01    9.9804687500e-01
       290   -4.5954772397e+01    1.1960804406e+00    5.1525154179e+02    5.1500000000e+02    0.0000000000e+00   -4.5893373117e+01    9.9481284351e-01    9.9805825243e-01
       291   -4.5916911345e+01    1.2023400125e+00    5.1617415540e+02    5.1600000000e+02    0.0000000000e+00   -4.5899301139e+01    9.9548099491e-01    9.9612403101e-01
       292   -4.5853261778e+01    1.3290041756e+00    5.1591713160e+02    5.1600000000e+02    0.0000000000e+00   -4.5901178164e+01    9.9371229162e-01    9.9224806202e-01
       293   -4.5867154870e+01    1.4122831243e+00    5.1582202027e+02    5.1600000000e+02    0.0000000000e+00   -4.5900534324e+01    9.9447595050e-01    9.9612403101e-01
       294   -4.5922949399e+01    1.3058906181e+00    5.1496727587e+02    5.1500000000e+02    0.0000000000e+00   -4.5900255946e+01    9.9508308768e-01    9.9417475728e-01
       295   -4.5900949259e+01    1.4574072006e+00    5.1507349422e+02    5.1500000000e+02    0.0000000000e+00   -4.5898707084e+01    9.9404470939e-01    1.0000000000e+00
       296   -4.5871637929e+01    1.4488822372e+00    5.1992663059e+02    5.2000000000e+02    0.0000000000e+00   -4.5898942387e+01    9.9275078379e-01    9.9807692308e-01
       297   -4.5924819509e+01    1.3354838040e+00    5.2093145918e+02    5.2100000000e+02    0.0000000000e+00   -4.5908243530e+01    9.9576484047e-01    9.9424184261e-01
       298   -4.5890416732e+01    1.3608275196e+00    5.1797137443e+02    5.1800000000e+02    0.0000000000e+00   -4.5910289189e+01    9.9425451905e-01    9.9806949807e-01
       299   -4.5896595279e+01    1.2168410930e+00    5.2099036909e+02    5.2100000000e+02    0.0000000000e+00   -4.5904581449e+01    9.9408617655e-01    9.9424184261e-01
