#   index    LocalEnergy         LocalEnergy_sq      LocalPotential      Kinetic             LocalECP            NonLocalECP         ElecElec            IonIon              MPC                 BlockWeight         BlockCPU            AcceptRatio         
         0   -4.4930022028e+01    2.0201106426e+03   -8.2786864971e+01    3.7856842943e+01   -2.3237079515e+01    2.7024154620e+00   -1.1149522837e+01   -5.1102678081e+01   -1.0831021775e+01    5.1200000000e+02    1.0293761320e+00    7.1903483073e-01
         1   -4.5044392807e+01    2.0304466944e+03   -8.2625162346e+01    3.7580769539e+01   -2.3473173753e+01    2.9886330166e+00   -1.1037943529e+01   -5.1102678081e+01   -1.0750693221e+01    5.1200000000e+02    1.0727463050e+00    7.1545410156e-01
         2   -4.5008242431e+01    2.0270632428e+03   -8.2094160818e+01    3.7085918388e+01   -2.3079047503e+01    3.1782450484e+00   -1.1090680282e+01   -5.1102678081e+01   -1.0786005173e+01    5.1200000000e+02    1.0598417820e+00    7.1718343099e-01
         3   -4.4997251293e+01    2.0270443355e+03   -8.2146535886e+01    3.7149284592e+01   -2.2940864537e+01    3.0314768492e+00   -1.1134470117e+01   -5.1102678081e+01   -1.0849775402e+01    5.1200000000e+02    1.0464658920e+00    7.2182210286e-01
         4   -4.5035302101e+01    2.0294427956e+03   -8.2507328830e+01    3.7472026730e+01   -2.3320978483e+01    3.1363736976e+00   -1.1220045964e+01   -5.1102678081e+01   -1.0928979930e+01    5.1200000000e+02    1.0275835240e+00    7.2072347005e-01
         5   -4.5038298011e+01    2.0297900088e+03   -8.2716290349e+01    3.7677992338e+01   -2.3273532780e+01    2.7511884155e+00   -1.1091267903e+01   -5.1102678081e+01   -1.0788727108e+01    5.1200000000e+02    1.0092746270e+00    7.2143554688e-01
         6   -4.5067352909e+01    2.0326043936e+03   -8.2764926845e+01    3.7697573935e+01   -2.3442998944e+01    2.8954426996e+00   -1.1114692519e+01   -5.1102678081e+01   -1.0821008781e+01    5.1200000000e+02    1.0137235540e+00    7.1614583333e-01
         7   -4.5064947252e+01    2.0324590075e+03   -8.2217825921e+01    3.7152878668e+01   -2.3089094660e+01    3.0106245749e+00   -1.1036677754e+01   -5.1102678081e+01   -1.0752215843e+01    5.1200000000e+02    1.0475455960e+00    7.1870930990e-01
         8   -4.5069313430e+01    2.0326325926e+03   -8.2584231754e+01    3.7514918325e+01   -2.3170217585e+01    2.7360587544e+00   -1.1047394843e+01   -5.1102678081e+01   -1.0772885699e+01    5.1200000000e+02    9.9004962300e-01    7.1769205729e-01
         9   -4.5049515609e+01    2.0308744332e+03   -8.2481785119e+01    3.7432269510e+01   -2.3247490292e+01    2.7416900361e+00   -1.0873306782e+01   -5.1102678081e+01   -1.0602676132e+01    5.1200000000e+02    1.0145161460e+00    7.1573893229e-01
        10   -4.5013305877e+01    2.0276387009e+03   -8.2661107914e+01    3.7647802037e+01   -2.3311577661e+01    2.7801354021e+00   -1.1026987573e+01   -5.1102678081e+01   -1.0742701480e+01    5.1200000000e+02    9.9484831000e-01    7.1520996094e-01
        11   -4.5004519693e+01    2.0267823289e+03   -8.2395806074e+01    3.7391286381e+01   -2.3258449510e+01    2.9948090846e+00   -1.1029487568e+01   -5.1102678081e+01   -1.0740861147e+01    5.1200000000e+02    9.9870974100e-01    7.1844482422e-01
        12   -4.4970392039e+01    2.0238184897e+03   -8.3250788660e+01    3.8280396621e+01   -2.3573323917e+01    2.3760480702e+00   -1.0950834732e+01   -5.1102678081e+01   -1.0648552460e+01    5.1200000000e+02    1.0030696460e+00    7.1820068359e-01
        13   -4.4942973791e+01    2.0215341964e+03   -8.2794534942e+01    3.7851561151e+01   -2.3249973635e+01    2.6191107859e+00   -1.1060994011e+01   -5.1102678081e+01   -1.0765798112e+01    5.1200000000e+02    1.0277715350e+00    7.1712239583e-01
        14   -4.5009873466e+01    2.0270977975e+03   -8.2029795097e+01    3.7019921631e+01   -2.2531374944e+01    2.4840162400e+00   -1.0879758312e+01   -5.1102678081e+01   -1.0606334625e+01    5.1200000000e+02    1.1191765870e+00    7.2304280599e-01
        15   -4.5068488589e+01    2.0331950231e+03   -8.2345921370e+01    3.7277432781e+01   -2.2953634535e+01    2.6972788393e+00   -1.0986887593e+01   -5.1102678081e+01   -1.0714620663e+01    5.1200000000e+02    1.0042933310e+00    7.1736653646e-01
        16   -4.5129131992e+01    2.0380092274e+03   -8.2328707260e+01    3.7199575268e+01   -2.3320525855e+01    3.0345488197e+00   -1.0940052143e+01   -5.1102678081e+01   -1.0672630435e+01    5.1200000000e+02    9.8659919300e-01    7.1464029948e-01
        17   -4.5070079690e+01    2.0328189306e+03   -8.2217498687e+01    3.7147418998e+01   -2.3107541080e+01    3.0437669493e+00   -1.1051046475e+01   -5.1102678081e+01   -1.0784750278e+01    5.1200000000e+02    1.0305964300e+00    7.1270751953e-01
        18   -4.5117710842e+01    2.0372912361e+03   -8.1930207000e+01    3.6812496158e+01   -2.2592684159e+01    3.0238746935e+00   -1.1258719454e+01   -5.1102678081e+01   -1.0982261897e+01    5.1200000000e+02    1.0490101730e+00    7.1645100911e-01
        19   -4.5046899398e+01    2.0308068243e+03   -8.2428186231e+01    3.7381286833e+01   -2.2914289043e+01    2.7617045415e+00   -1.1172923649e+01   -5.1102678081e+01   -1.0898620503e+01    5.1200000000e+02    1.0559634110e+00    7.1868896484e-01
        20   -4.4934599217e+01    2.0204726410e+03   -8.2450700430e+01    3.7516101213e+01   -2.3112784065e+01    2.8672140518e+00   -1.1102452336e+01   -5.1102678081e+01   -1.0818774733e+01    5.1200000000e+02    1.0455436660e+00    7.1889241536e-01
        21   -4.4966569003e+01    2.0233242099e+03   -8.3231660736e+01    3.8265091733e+01   -2.4020548028e+01    3.1443044119e+00   -1.1252739039e+01   -5.1102678081e+01   -1.0965293825e+01    5.1200000000e+02    1.0154124840e+00    7.1803792318e-01
        22   -4.4981023681e+01    2.0247715644e+03   -8.2826418378e+01    3.7845394697e+01   -2.3315982614e+01    2.8036953338e+00   -1.1211453017e+01   -5.1102678081e+01   -1.0935654216e+01    5.1200000000e+02    1.0057757200e+00    7.1464029948e-01
        23   -4.5013836517e+01    2.0276128101e+03   -8.2976606293e+01    3.7962769776e+01   -2.3424376070e+01    2.7290247468e+00   -1.1178576889e+01   -5.1102678081e+01   -1.0881010688e+01    5.1200000000e+02    1.0500776150e+00    7.2121175130e-01
        24   -4.5064972798e+01    2.0322010069e+03   -8.2256206585e+01    3.7191233787e+01   -2.3109553214e+01    3.0043113490e+00   -1.1048286639e+01   -5.1102678081e+01   -1.0786513915e+01    5.1200000000e+02    9.9490759100e-01    7.1606445312e-01
        25   -4.5022301139e+01    2.0282334305e+03   -8.2937275805e+01    3.7914974665e+01   -2.3543292900e+01    2.7889236163e+00   -1.1080228440e+01   -5.1102678081e+01   -1.0795373265e+01    5.1200000000e+02    1.0139504220e+00    7.1815999349e-01
        26   -4.5086754430e+01    2.0343870555e+03   -8.2602230238e+01    3.7515475808e+01   -2.2967422132e+01    2.5221579436e+00   -1.1054287968e+01   -5.1102678081e+01   -1.0778006588e+01    5.1200000000e+02    1.0200087380e+00    7.1789550781e-01
        27   -4.5063846688e+01    2.0322095795e+03   -8.3340040860e+01    3.8276194172e+01   -2.4052460269e+01    2.8263418085e+00   -1.1011244318e+01   -5.1102678081e+01   -1.0727681811e+01    5.1200000000e+02    1.0278306060e+00    7.1738688151e-01
        28   -4.4985055838e+01    2.0250915993e+03   -8.2613988454e+01    3.7628932616e+01   -2.3189118157e+01    2.7304974058e+00   -1.1052689622e+01   -5.1102678081e+01   -1.0758616876e+01    5.1200000000e+02    1.0223570760e+00    7.1809895833e-01
        29   -4.4964820692e+01    2.0234252525e+03   -8.2629425484e+01    3.7664604793e+01   -2.3636380783e+01    3.1711615981e+00   -1.1061528219e+01   -5.1102678081e+01   -1.0747510774e+01    5.1200000000e+02    1.0346448480e+00    7.2023518880e-01
        30   -4.4948861728e+01    2.0216441448e+03   -8.2515795050e+01    3.7566933322e+01   -2.3214932438e+01    2.8689513624e+00   -1.1067135894e+01   -5.1102678081e+01   -1.0759826291e+01    5.1200000000e+02    1.0118565720e+00    7.1464029948e-01
        31   -4.5045774633e+01    2.0304481367e+03   -8.1841580688e+01    3.6795806055e+01   -2.2519339205e+01    2.9614638610e+00   -1.1181027263e+01   -5.1102678081e+01   -1.0899744436e+01    5.1200000000e+02    1.0567807410e+00    7.1813964844e-01
        32   -4.4957013004e+01    2.0225916657e+03   -8.2449165448e+01    3.7492152444e+01   -2.2632738543e+01    2.5114404975e+00   -1.1225189322e+01   -5.1102678081e+01   -1.0934409600e+01    5.1200000000e+02    1.0869740320e+00    7.1836344401e-01
        33   -4.4966404152e+01    2.0235948662e+03   -8.2324560520e+01    3.7358156368e+01   -2.2742221210e+01    2.8619923718e+00   -1.1341653600e+01   -5.1102678081e+01   -1.1060359823e+01    5.1200000000e+02    1.0152041200e+00    7.1618652344e-01
        34   -4.4984499974e+01    2.0248102521e+03   -8.2490166770e+01    3.7505666796e+01   -2.2932376430e+01    2.7727304830e+00   -1.1227842742e+01   -5.1102678081e+01   -1.0958335881e+01    5.1200000000e+02    1.0951526400e+00    7.1691894531e-01
        35   -4.5132993971e+01    2.0388230970e+03   -8.1781305059e+01    3.6648311088e+01   -2.2529888584e+01    3.0822959950e+00   -1.1231034389e+01   -5.1102678081e+01   -1.0970689135e+01    5.1200000000e+02    1.0731637760e+00    7.2163899740e-01
        36   -4.5036008639e+01    2.0297111185e+03   -8.2615208602e+01    3.7579199963e+01   -2.3258727478e+01    2.7922201144e+00   -1.1046023158e+01   -5.1102678081e+01   -1.0775752594e+01    5.1200000000e+02    1.0583741750e+00    7.1720377604e-01
        37   -4.4975469422e+01    2.0240114964e+03   -8.3100241944e+01    3.8124772522e+01   -2.3708949467e+01    2.7600705343e+00   -1.1048684929e+01   -5.1102678081e+01   -1.0775882623e+01    5.1200000000e+02    1.0604458500e+00    7.1516927083e-01
        38   -4.5078972566e+01    2.0335869854e+03   -8.2288111800e+01    3.7209139234e+01   -2.3098277186e+01    2.9577272561e+00   -1.1044883789e+01   -5.1102678081e+01   -1.0772068880e+01    5.1200000000e+02    1.0083984710e+00    7.1844482422e-01
        39   -4.4945869819e+01    2.0214729216e+03   -8.1819435665e+01    3.6873565846e+01   -2.2891249730e+01    3.2740124572e+00   -1.1099520311e+01   -5.1102678081e+01   -1.0809881328e+01    5.1200000000e+02    1.0162884120e+00    7.1421305339e-01
        40   -4.4917797802e+01    2.0187506309e+03   -8.2269517284e+01    3.7351719482e+01   -2.3303177124e+01    3.1709036277e+00   -1.1034565707e+01   -5.1102678081e+01   -1.0737233745e+01    5.1200000000e+02    9.9764570200e-01    7.1520996094e-01
        41   -4.4986062509e+01    2.0249688759e+03   -8.2403103786e+01    3.7417041277e+01   -2.3022953843e+01    2.7862353511e+00   -1.1063707212e+01   -5.1102678081e+01   -1.0783016346e+01    5.1200000000e+02    1.0048917440e+00    7.1510823568e-01
        42   -4.4992669356e+01    2.0259601222e+03   -8.2031477678e+01    3.7038808321e+01   -2.2807512317e+01    2.9405033941e+00   -1.1061790674e+01   -5.1102678081e+01   -1.0765798346e+01    5.1200000000e+02    9.9661471900e-01    7.1795654297e-01
        43   -4.5138162691e+01    2.0389485873e+03   -8.1927623169e+01    3.6789460479e+01   -2.3050721886e+01    3.1789786599e+00   -1.0953201862e+01   -5.1102678081e+01   -1.0649727485e+01    5.1200000000e+02    1.0011955010e+00    7.1714274089e-01
        44   -4.4965910737e+01    2.0234612596e+03   -8.2071694546e+01    3.7105783810e+01   -2.3199900601e+01    3.2784158280e+00   -1.1047531692e+01   -5.1102678081e+01   -1.0746547504e+01    5.1200000000e+02    1.0016239320e+00    7.1569824219e-01
        45   -4.4977113250e+01    2.0243025053e+03   -8.2402756272e+01    3.7425643023e+01   -2.3249573936e+01    2.9274260336e+00   -1.0977930289e+01   -5.1102678081e+01   -1.0683397960e+01    5.1200000000e+02    1.0078427910e+00    7.1584065755e-01
        46   -4.5056018433e+01    2.0313145407e+03   -8.2594789152e+01    3.7538770719e+01   -2.3575917262e+01    3.0256428589e+00   -1.0941836668e+01   -5.1102678081e+01   -1.0653367796e+01    5.1200000000e+02    1.0079050160e+00    7.1868896484e-01
        47   -4.5031664433e+01    2.0291456634e+03   -8.2515424428e+01    3.7483759994e+01   -2.3558594086e+01    3.2163466974e+00   -1.1070498958e+01   -5.1102678081e+01   -1.0768931281e+01    5.1200000000e+02    9.9748567700e-01    7.1649169922e-01
        48   -4.4980722358e+01    2.0246938123e+03   -8.2768846642e+01    3.7788124284e+01   -2.3603356774e+01    2.9948260979e+00   -1.1057637884e+01   -5.1102678081e+01   -1.0771907689e+01    5.1200000000e+02    1.0001716740e+00    7.1706136068e-01
        49   -4.5134003592e+01    2.0385294327e+03   -8.1962681786e+01    3.6828678194e+01   -2.2437455971e+01    2.7477315176e+00   -1.1170279251e+01   -5.1102678081e+01   -1.0907697062e+01    5.1200000000e+02    1.0557139980e+00    7.1934000651e-01
        50   -4.5069572149e+01    2.0325499366e+03   -8.1709691942e+01    3.6640119794e+01   -2.2379911675e+01    2.7954852491e+00   -1.1022587435e+01   -5.1102678081e+01   -1.0756649666e+01    5.1200000000e+02    1.0026460190e+00    7.1907552083e-01
        51   -4.4939953435e+01    2.0210322475e+03   -8.2363403289e+01    3.7423449855e+01   -2.3153118033e+01    3.1028059798e+00   -1.1210413155e+01   -5.1102678081e+01   -1.0926135173e+01    5.1200000000e+02    1.0161697000e+00    7.1708170573e-01
        52   -4.5026553206e+01    2.0288942732e+03   -8.2659756293e+01    3.7633203087e+01   -2.3245814135e+01    2.7944573724e+00   -1.1105721449e+01   -5.1102678081e+01   -1.0793611782e+01    5.1200000000e+02    1.0269474340e+00    7.1264648438e-01
        53   -4.4961741536e+01    2.0228840471e+03   -8.2403386233e+01    3.7441644696e+01   -2.3255244521e+01    3.0086706403e+00   -1.1054134271e+01   -5.1102678081e+01   -1.0764960893e+01    5.1200000000e+02    1.0357418120e+00    7.2076416016e-01
        54   -4.4969774156e+01    2.0235984784e+03   -8.2683947115e+01    3.7714172959e+01   -2.3146751568e+01    2.7078371823e+00   -1.1142354648e+01   -5.1102678081e+01   -1.0836699338e+01    5.1200000000e+02    1.0343730500e+00    7.1736653646e-01
        55   -4.5012673876e+01    2.0274324938e+03   -8.1860717081e+01    3.6848043205e+01   -2.2580633504e+01    3.0356978537e+00   -1.1213103350e+01   -5.1102678081e+01   -1.0929148989e+01    5.1200000000e+02    1.0238226340e+00    7.1272786458e-01
        56   -4.4935452333e+01    2.0202979043e+03   -8.1862346955e+01    3.6926894621e+01   -2.2303987772e+01    2.8369071946e+00   -1.1292588297e+01   -5.1102678081e+01   -1.1032122787e+01    5.1200000000e+02    9.9827059300e-01    7.1993001302e-01
        57   -4.5002031321e+01    2.0265814359e+03   -8.2160256056e+01    3.7158224735e+01   -2.2684174999e+01    2.7724959845e+00   -1.1145898961e+01   -5.1102678081e+01   -1.0869768957e+01    5.1200000000e+02    9.9574777800e-01    7.1242268880e-01
        58   -4.4971565227e+01    2.0239467259e+03   -8.2325721180e+01    3.7354155953e+01   -2.3263563563e+01    3.1615330951e+00   -1.1121012631e+01   -5.1102678081e+01   -1.0834300177e+01    5.1200000000e+02    9.9935777600e-01    7.1677652995e-01
        59   -4.4903137424e+01    2.0179851940e+03   -8.2170900681e+01    3.7267763257e+01   -2.2790172529e+01    2.8896280135e+00   -1.1167678084e+01   -5.1102678081e+01   -1.0880202424e+01    5.1200000000e+02    1.0241198250e+00    7.1724446615e-01
        60   -4.5003574319e+01    2.0267549492e+03   -8.2217206118e+01    3.7213631798e+01   -2.2563684629e+01    2.6442847230e+00   -1.1195128131e+01   -5.1102678081e+01   -1.0907045308e+01    5.1200000000e+02    1.0115881800e+00    7.1783447266e-01
        61   -4.5051765380e+01    2.0309791525e+03   -8.2259218032e+01    3.7207452652e+01   -2.2607158513e+01    2.6848313048e+00   -1.1234212743e+01   -5.1102678081e+01   -1.0946184713e+01    5.1200000000e+02    1.0138497860e+00    7.1695963542e-01
        62   -4.4958964538e+01    2.0226377526e+03   -8.2511022597e+01    3.7552058059e+01   -2.3320397820e+01    2.8974050526e+00   -1.0985351748e+01   -5.1102678081e+01   -1.0693489085e+01    5.1200000000e+02    1.0184125070e+00    7.1486409505e-01
        63   -4.5008464349e+01    2.0271355048e+03   -8.2952260362e+01    3.7943796012e+01   -2.3729010538e+01    2.8093294357e+00   -1.0929901178e+01   -5.1102678081e+01   -1.0641024490e+01    5.1200000000e+02    1.0167582730e+00    7.1783447266e-01
        64   -4.5053202160e+01    2.0309256191e+03   -8.3183852739e+01    3.8130650579e+01   -2.3620859808e+01    2.7593910542e+00   -1.1219705904e+01   -5.1102678081e+01   -1.0940495311e+01    5.1200000000e+02    1.0069493100e+00    7.1482340495e-01
        65   -4.5033552638e+01    2.0297303645e+03   -8.2333555721e+01    3.7300003083e+01   -2.3170833010e+01    3.0988685750e+00   -1.1158913205e+01   -5.1102678081e+01   -1.0877434123e+01    5.1200000000e+02    1.0174306440e+00    7.1824137370e-01
        66   -4.5004505291e+01    2.0266074585e+03   -8.2648949244e+01    3.7644443953e+01   -2.3240855911e+01    2.7334886119e+00   -1.1038903864e+01   -5.1102678081e+01   -1.0759730781e+01    5.1200000000e+02    1.0170304700e+00    7.2019449870e-01
        67   -4.5060427162e+01    2.0317421070e+03   -8.2015289892e+01    3.6954862730e+01   -2.3216424282e+01    3.2497107875e+00   -1.0945898316e+01   -5.1102678081e+01   -1.0659391457e+01    5.1200000000e+02    1.0133356720e+00    7.1948242188e-01
        68   -4.5058837389e+01    2.0318625427e+03   -8.3145851808e+01    3.8087014419e+01   -2.3228291073e+01    2.3235497941e+00   -1.1138432448e+01   -5.1102678081e+01   -1.0867870981e+01    5.1200000000e+02    1.0702204510e+00    7.2039794922e-01
        69   -4.5016008290e+01    2.0276724562e+03   -8.2547351643e+01    3.7531343353e+01   -2.3419747026e+01    3.0514885377e+00   -1.1076415073e+01   -5.1102678081e+01   -1.0805090735e+01    5.1200000000e+02    1.0736891190e+00    7.1769205729e-01
        70   -4.5000963722e+01    2.0264710610e+03   -8.2232310486e+01    3.7231346764e+01   -2.3178727190e+01    3.0776716636e+00   -1.1028576878e+01   -5.1102678081e+01   -1.0753047502e+01    5.1200000000e+02    1.0521026920e+00    7.1606445312e-01
        71   -4.4903821899e+01    2.0175446658e+03   -8.2571377560e+01    3.7667555660e+01   -2.3101541978e+01    2.8470726092e+00   -1.1214230110e+01   -5.1102678081e+01   -1.0929772375e+01    5.1200000000e+02    1.0596259540e+00    7.1677652995e-01
        72   -4.4978762334e+01    2.0246716278e+03   -8.2575137921e+01    3.7596375587e+01   -2.3103313793e+01    2.9821585212e+00   -1.1351304567e+01   -5.1102678081e+01   -1.1069020312e+01    5.1200000000e+02    1.0491230450e+00    7.1675618490e-01
        73   -4.4972491495e+01    2.0238101491e+03   -8.2862969213e+01    3.7890477718e+01   -2.3197198340e+01    2.6627093799e+00   -1.1225802172e+01   -5.1102678081e+01   -1.0942626779e+01    5.1200000000e+02    1.0125295850e+00    7.1466064453e-01
        74   -4.5003099978e+01    2.0267588478e+03   -8.2646787954e+01    3.7643687976e+01   -2.3189321082e+01    2.8001492238e+00   -1.1154938015e+01   -5.1102678081e+01   -1.0877503521e+01    5.1200000000e+02    1.0268577940e+00    7.1630859375e-01
        75   -4.5108402462e+01    2.0363646761e+03   -8.2277943402e+01    3.7169540940e+01   -2.2798598119e+01    2.9424387594e+00   -1.1319105962e+01   -5.1102678081e+01   -1.1069340626e+01    5.1200000000e+02    1.0190414610e+00    7.1765136719e-01
        76   -4.5198494456e+01    2.0446025266e+03   -8.2138853475e+01    3.6940359019e+01   -2.2466895979e+01    2.6520209346e+00   -1.1221300350e+01   -5.1102678081e+01   -1.0968620327e+01    5.1200000000e+02    1.0229997110e+00    7.1818033854e-01
        77   -4.5115301222e+01    2.0367043352e+03   -8.1436581202e+01    3.6321279980e+01   -2.2406498546e+01    3.3630101570e+00   -1.1290414731e+01   -5.1102678081e+01   -1.1019147783e+01    5.1200000000e+02    1.0244305320e+00    7.2137451172e-01
        78   -4.5040642742e+01    2.0301962109e+03   -8.2296084467e+01    3.7255441725e+01   -2.3331955835e+01    3.2289834635e+00   -1.1090434014e+01   -5.1102678081e+01   -1.0803558133e+01    5.1200000000e+02    1.0271548750e+00    7.1549479167e-01
        79   -4.4920707424e+01    2.0192519277e+03   -8.2420238026e+01    3.7499530602e+01   -2.3174915660e+01    2.9247328232e+00   -1.1067377108e+01   -5.1102678081e+01   -1.0773086444e+01    5.1200000000e+02    1.0344919470e+00    7.1797688802e-01
        80   -4.4974050611e+01    2.0240265584e+03   -8.2101010491e+01    3.7126959880e+01   -2.2673111840e+01    2.8701230643e+00   -1.1195343634e+01   -5.1102678081e+01   -1.0899431437e+01    5.1200000000e+02    1.0202663510e+00    7.2153727214e-01
        81   -4.5026730163e+01    2.0288896955e+03   -8.2154198909e+01    3.7127468746e+01   -2.2556632108e+01    2.7136659359e+00   -1.1208554656e+01   -5.1102678081e+01   -1.0918569867e+01    5.1200000000e+02    1.0258781940e+00    7.2045898438e-01
        82   -4.4936855454e+01    2.0206933983e+03   -8.2136619641e+01    3.7199764187e+01   -2.2380204126e+01    2.5427833071e+00   -1.1196520741e+01   -5.1102678081e+01   -1.0909095484e+01    5.1200000000e+02    1.0302966560e+00    7.1600341797e-01
        83   -4.5088247615e+01    2.0342796514e+03   -8.2639265757e+01    3.7551018142e+01   -2.2925194762e+01    2.5013674695e+00   -1.1112760383e+01   -5.1102678081e+01   -1.0822171338e+01    5.1200000000e+02    1.0294544340e+00    7.1820068359e-01
        84   -4.4999514462e+01    2.0263392609e+03   -8.2545193521e+01    3.7545679059e+01   -2.2858152025e+01    2.5291259274e+00   -1.1113489342e+01   -5.1102678081e+01   -1.0821519638e+01    5.1200000000e+02    1.0299940930e+00    7.1801757812e-01
        85   -4.4827776770e+01    2.0107292850e+03   -8.2619232027e+01    3.7791455257e+01   -2.2828473101e+01    2.5991963442e+00   -1.1287277189e+01   -5.1102678081e+01   -1.0996238977e+01    5.1200000000e+02    1.0496376710e+00    7.2302246094e-01
        86   -4.4929452065e+01    2.0200621888e+03   -8.1724694957e+01    3.6795242891e+01   -2.2595875156e+01    3.0343786565e+00   -1.1060520376e+01   -5.1102678081e+01   -1.0757648265e+01    5.1200000000e+02    1.0721193410e+00    7.1982828776e-01
        87   -4.5002309629e+01    2.0267291602e+03   -8.2122367370e+01    3.7120057741e+01   -2.2709081156e+01    2.7386676561e+00   -1.1049275789e+01   -5.1102678081e+01   -1.0768227775e+01    5.1200000000e+02    1.0694275480e+00    7.1659342448e-01
        88   -4.4960308893e+01    2.0229004142e+03   -8.2116476447e+01    3.7156167554e+01   -2.2769723894e+01    2.9626132590e+00   -1.1206687731e+01   -5.1102678081e+01   -1.0931476428e+01    5.1200000000e+02    1.0760021730e+00    7.1437581380e-01
        89   -4.4995230524e+01    2.0261533068e+03   -8.2554780854e+01    3.7559550330e+01   -2.3395891903e+01    2.9737861631e+00   -1.1029997033e+01   -5.1102678081e+01   -1.0749055853e+01    5.1200000000e+02    1.0534427870e+00    7.1459960938e-01
        90   -4.4941633438e+01    2.0214738753e+03   -8.3594026261e+01    3.8652392823e+01   -2.4342338972e+01    2.7418130002e+00   -1.0890822209e+01   -5.1102678081e+01   -1.0596306729e+01    5.1200000000e+02    1.0295376370e+00    7.1950276693e-01
        91   -4.4990048342e+01    2.0256209964e+03   -8.3854419186e+01    3.8864370844e+01   -2.4413647875e+01    2.5005543865e+00   -1.0838647617e+01   -5.1102678081e+01   -1.0560512567e+01    5.1200000000e+02    1.0119229660e+00    7.1555582682e-01
        92   -4.5069265004e+01    2.0330143479e+03   -8.3097886096e+01    3.8028621092e+01   -2.3960972498e+01    2.9646204660e+00   -1.0998855982e+01   -5.1102678081e+01   -1.0732721908e+01    5.1200000000e+02    1.0148059010e+00    7.1295166016e-01
        93   -4.4997567515e+01    2.0263364970e+03   -8.3199821756e+01    3.8202254241e+01   -2.3871661380e+01    2.7042310333e+00   -1.0929713328e+01   -5.1102678081e+01   -1.0644680519e+01    5.1200000000e+02    1.0622924660e+00    7.1718343099e-01
        94   -4.5030537405e+01    2.0291949594e+03   -8.2798766656e+01    3.7768229251e+01   -2.3581763410e+01    2.8488677410e+00   -1.0963192906e+01   -5.1102678081e+01   -1.0676567332e+01    5.1200000000e+02    1.0142082530e+00    7.1754964193e-01
        95   -4.5040008804e+01    2.0301544002e+03   -8.2771702139e+01    3.7731693335e+01   -2.3699775056e+01    2.9753882313e+00   -1.0944637233e+01   -5.1102678081e+01   -1.0671192413e+01    5.1200000000e+02    1.0189678170e+00    7.1376546224e-01
        96   -4.5049288205e+01    2.0309241506e+03   -8.2227649668e+01    3.7178361463e+01   -2.3077870689e+01    3.0774742521e+00   -1.1124575150e+01   -5.1102678081e+01   -1.0853980322e+01    5.1200000000e+02    1.0112297280e+00    7.1765136719e-01
        97   -4.4997407524e+01    2.0269901438e+03   -8.2450720129e+01    3.7453312606e+01   -2.2682281552e+01    2.4815989649e+00   -1.1147359461e+01   -5.1102678081e+01   -1.0881370903e+01    5.1200000000e+02    1.0094053050e+00    7.1879069010e-01
        98   -4.5045638287e+01    2.0304597424e+03   -8.1930627885e+01    3.6884989598e+01   -2.2982426141e+01    3.3378192634e+00   -1.1183342926e+01   -5.1102678081e+01   -1.0916654933e+01    5.1200000000e+02    1.0045567220e+00    7.1929931641e-01
        99   -4.4923715668e+01    2.0199182553e+03   -8.2107872035e+01    3.7184156366e+01   -2.3059136077e+01    3.0895866723e+00   -1.1035644549e+01   -5.1102678081e+01   -1.0754097641e+01    5.1200000000e+02    1.0131839030e+00    7.1356201172e-01
       100   -4.4972141160e+01    2.0237182265e+03   -8.2319442226e+01    3.7347301066e+01   -2.3201463404e+01    2.9951833238e+00   -1.1010484064e+01   -5.1102678081e+01   -1.0746052138e+01    5.1200000000e+02    1.0006882530e+00    7.2015380859e-01
       101   -4.4964909820e+01    2.0232206523e+03   -8.2686870658e+01    3.7721960839e+01   -2.3491609784e+01    3.0239199733e+00   -1.1116502766e+01   -5.1102678081e+01   -1.0832785554e+01    5.1200000000e+02    1.0013297200e+00    7.2113037109e-01
       102   -4.5014587253e+01    2.0275065199e+03   -8.2371414167e+01    3.7356826913e+01   -2.2846890758e+01    2.5980098772e+00   -1.1019855205e+01   -5.1102678081e+01   -1.0745705231e+01    5.1200000000e+02    1.0240309460e+00    7.1893310547e-01
       103   -4.5045405925e+01    2.0302582729e+03   -8.2394945984e+01    3.7349540059e+01   -2.3202948559e+01    3.0243166790e+00   -1.1113636023e+01   -5.1102678081e+01   -1.0847763250e+01    5.1200000000e+02    1.0396146880e+00    7.1783447266e-01
       104   -4.5096305908e+01    2.0349717811e+03   -8.2225944729e+01    3.7129638821e+01   -2.3088830632e+01    3.1035747358e+00   -1.1138010752e+01   -5.1102678081e+01   -1.0857494123e+01    5.1200000000e+02    1.0399397970e+00    7.1895345052e-01
       105   -4.5133997727e+01    2.0383879525e+03   -8.2812410426e+01    3.7678412700e+01   -2.3514194697e+01    2.7068666841e+00   -1.0902404332e+01   -5.1102678081e+01   -1.0626185001e+01    5.1200000000e+02    1.0445787130e+00    7.1990966797e-01
       106   -4.5046434683e+01    2.0305486869e+03   -8.2310499945e+01    3.7264065262e+01   -2.2989563683e+01    2.8744006704e+00   -1.1092658852e+01   -5.1102678081e+01   -1.0812394326e+01    5.1200000000e+02    1.0275556470e+00    7.1805826823e-01
       107   -4.4969236142e+01    2.0237393388e+03   -8.2758681488e+01    3.7789445346e+01   -2.3356622911e+01    2.7733677274e+00   -1.1072748223e+01   -5.1102678081e+01   -1.0783550784e+01    5.1200000000e+02    1.0036750960e+00    7.1797688802e-01
       108   -4.4972493259e+01    2.0237869965e+03   -8.2672570409e+01    3.7700077150e+01   -2.3789122979e+01    3.2505462104e+00   -1.1031315559e+01   -5.1102678081e+01   -1.0755608468e+01    5.1200000000e+02    1.0014263100e+00    7.1641031901e-01
       109   -4.4933272884e+01    2.0210241794e+03   -8.2941827785e+01    3.8008554902e+01   -2.3635786786e+01    2.9214627582e+00   -1.1124825677e+01   -5.1102678081e+01   -1.0846233023e+01    5.1200000000e+02    1.0118590010e+00    7.1854654948e-01
       110   -4.4921075536e+01    2.0192641016e+03   -8.2114537339e+01    3.7193461804e+01   -2.2941492900e+01    2.9426733399e+00   -1.1013039698e+01   -5.1102678081e+01   -1.0724639622e+01    5.1200000000e+02    9.9663449300e-01    7.1927897135e-01
       111   -4.5010598703e+01    2.0273357534e+03   -8.2672328780e+01    3.7661730077e+01   -2.3110028932e+01    2.6927150591e+00   -1.1152336825e+01   -5.1102678081e+01   -1.0864857415e+01    5.1200000000e+02    9.9031567300e-01    7.1982828776e-01
       112   -4.5006025745e+01    2.0269952298e+03   -8.2211829117e+01    3.7205803371e+01   -2.2880597289e+01    2.8371707235e+00   -1.1065724470e+01   -5.1102678081e+01   -1.0778764076e+01    5.1200000000e+02    9.9369500900e-01    7.1828206380e-01
       113   -4.5034445242e+01    2.0293765123e+03   -8.2260626421e+01    3.7226181179e+01   -2.2636417804e+01    2.7431949550e+00   -1.1264725491e+01   -5.1102678081e+01   -1.0974450784e+01    5.1200000000e+02    9.9994003200e-01    7.2013346354e-01
       114   -4.5067967660e+01    2.0326490318e+03   -8.2446144451e+01    3.7378176790e+01   -2.3199727508e+01    2.9695491790e+00   -1.1113288040e+01   -5.1102678081e+01   -1.0822773111e+01    5.1200000000e+02    9.9583146000e-01    7.1923828125e-01
       115   -4.4928907302e+01    2.0203473189e+03   -8.2812074931e+01    3.7883167628e+01   -2.3397154128e+01    2.9262150834e+00   -1.1238457805e+01   -5.1102678081e+01   -1.0947511463e+01    5.1200000000e+02    9.9810149300e-01    7.2033691406e-01
       116   -4.4970994012e+01    2.0236238410e+03   -8.2250452771e+01    3.7279458759e+01   -2.2755409684e+01    2.8639746022e+00   -1.1256339608e+01   -5.1102678081e+01   -1.0975713619e+01    5.1200000000e+02    9.9677254500e-01    7.1803792318e-01
       117   -4.4911444754e+01    2.0183358310e+03   -8.2054033331e+01    3.7142588576e+01   -2.3145238168e+01    3.3337881536e+00   -1.1139905235e+01   -5.1102678081e+01   -1.0842167850e+01    5.1200000000e+02    9.9819548200e-01    7.1815999349e-01
       118   -4.5010710344e+01    2.0272368431e+03   -8.2354412553e+01    3.7343702209e+01   -2.3112693509e+01    3.0058062048e+00   -1.1144847167e+01   -5.1102678081e+01   -1.0862547316e+01    5.1200000000e+02    9.9895777000e-01    7.1600341797e-01
       119   -4.4987116715e+01    2.0251151208e+03   -8.2055367599e+01    3.7068250884e+01   -2.3123970698e+01    3.1476934599e+00   -1.0976412280e+01   -5.1102678081e+01   -1.0692350881e+01    5.1200000000e+02    1.0213049040e+00    7.1657307943e-01
       120   -4.5011183401e+01    2.0275407564e+03   -8.1691459945e+01    3.6680276544e+01   -2.2392113833e+01    3.1642864402e+00   -1.1360954471e+01   -5.1102678081e+01   -1.1078765235e+01    5.1200000000e+02    1.0388070720e+00    7.1643066406e-01
       121   -4.4930579940e+01    2.0266031948e+03   -8.2329395062e+01    3.7398815122e+01   -2.2626184981e+01    2.7182025095e+00   -1.1318734509e+01   -5.1102678081e+01   -1.1031911570e+01    5.1200000000e+02    1.0334140190e+00    7.1508789062e-01
       122   -4.5071903603e+01    2.0330643169e+03   -8.2311935964e+01    3.7240032361e+01   -2.2790399270e+01    2.7542123614e+00   -1.1173070975e+01   -5.1102678081e+01   -1.0900056712e+01    5.1200000000e+02    1.0720962840e+00    7.1461995443e-01
       123   -4.5046881373e+01    2.0305253243e+03   -8.2503027593e+01    3.7456146220e+01   -2.2858220205e+01    2.6812372985e+00   -1.1223366605e+01   -5.1102678081e+01   -1.0944007682e+01    5.1200000000e+02    1.0441732560e+00    7.1844482422e-01
       124   -4.5027089539e+01    2.0287244108e+03   -8.2890501320e+01    3.7863411780e+01   -2.3291136164e+01    2.5824635657e+00   -1.1079150640e+01   -5.1102678081e+01   -1.0811096950e+01    5.1200000000e+02    1.0052421560e+00    7.1683756510e-01
       125   -4.5055037073e+01    2.0313965775e+03   -8.2864320181e+01    3.7809283108e+01   -2.3568838054e+01    2.9566571351e+00   -1.1149461181e+01   -5.1102678081e+01   -1.0870610060e+01    5.1200000000e+02    1.0123439810e+00    7.1732584635e-01
       126   -4.5136962597e+01    2.0387898070e+03   -8.2625091866e+01    3.7488129268e+01   -2.3229227928e+01    2.8238002952e+00   -1.1116986152e+01   -5.1102678081e+01   -1.0854541531e+01    5.1200000000e+02    1.0051337760e+00    7.1730550130e-01
       127   -4.5079385321e+01    2.0335419126e+03   -8.2235631733e+01    3.7156246412e+01   -2.3086204187e+01    3.1106275213e+00   -1.1157376986e+01   -5.1102678081e+01   -1.0871643600e+01    5.1200000000e+02    1.0133845690e+00    7.1864827474e-01
       128   -4.5007640733e+01    2.0267719535e+03   -8.2185000235e+01    3.7177359502e+01   -2.2409957250e+01    2.4312161859e+00   -1.1103581089e+01   -5.1102678081e+01   -1.0817617199e+01    5.1200000000e+02    1.0139325590e+00    7.2056070964e-01
       129   -4.4916996916e+01    2.0192034118e+03   -8.2378151375e+01    3.7461154458e+01   -2.2759366817e+01    2.5684955413e+00   -1.1084602017e+01   -5.1102678081e+01   -1.0802551932e+01    5.1200000000e+02    1.0262415310e+00    7.1997070312e-01
       130   -4.4975615579e+01    2.0242572696e+03   -8.1740280723e+01    3.6764665144e+01   -2.2599398510e+01    3.0068939270e+00   -1.1045098059e+01   -5.1102678081e+01   -1.0772600015e+01    5.1200000000e+02    1.0096937580e+00    7.2165934245e-01
       131   -4.5088314176e+01    2.0342881687e+03   -8.1697630087e+01    3.6609315911e+01   -2.2269919502e+01    2.7990500607e+00   -1.1124082565e+01   -5.1102678081e+01   -1.0867706156e+01    5.1200000000e+02    1.0004800920e+00    7.1728515625e-01
       132   -4.4911753984e+01    2.0183831665e+03   -8.2318478328e+01    3.7406724344e+01   -2.2864039926e+01    2.9121308548e+00   -1.1263891175e+01   -5.1102678081e+01   -1.0987755280e+01    5.1200000000e+02    1.0012306410e+00    7.1736653646e-01
       133   -4.4984443371e+01    2.0249179571e+03   -8.2208574424e+01    3.7224131053e+01   -2.2745037720e+01    2.8301417136e+00   -1.1191000337e+01   -5.1102678081e+01   -1.0914921864e+01    5.1200000000e+02    9.9859765300e-01    7.1773274740e-01
       134   -4.5129216391e+01    2.0380219723e+03   -8.1898213935e+01    3.6768997544e+01   -2.2446100362e+01    2.9238932011e+00   -1.1273328692e+01   -5.1102678081e+01   -1.1007060396e+01    5.1200000000e+02    9.9733932200e-01    7.1643066406e-01
       135   -4.5024460697e+01    2.0286624273e+03   -8.2851332789e+01    3.7826872092e+01   -2.3490893718e+01    2.9596072982e+00   -1.1217368288e+01   -5.1102678081e+01   -1.0953454738e+01    5.1200000000e+02    1.0024799370e+00    7.1720377604e-01
       136   -4.5135324468e+01    2.0387005410e+03   -8.2886504289e+01    3.7751179820e+01   -2.3025413928e+01    2.5882219530e+00   -1.1346634233e+01   -5.1102678081e+01   -1.1092310113e+01    5.1200000000e+02    9.9557990500e-01    7.2041829427e-01
       137   -4.5052935784e+01    2.0313558147e+03   -8.2305795912e+01    3.7252860127e+01   -2.3075700638e+01    3.0633087012e+00   -1.1190725894e+01   -5.1102678081e+01   -1.0912584271e+01    5.1200000000e+02    1.0399455120e+00    7.1657307943e-01
       138   -4.4945427522e+01    2.0214110967e+03   -8.2653605464e+01    3.7708177942e+01   -2.3166001606e+01    2.7468709859e+00   -1.1131796764e+01   -5.1102678081e+01   -1.0857604053e+01    5.1200000000e+02    1.0407665420e+00    7.1527099609e-01
       139   -4.5045618519e+01    2.0302776294e+03   -8.2012354483e+01    3.6966735964e+01   -2.2764198912e+01    2.8294204303e+00   -1.0974897920e+01   -5.1102678081e+01   -1.0680278224e+01    5.1200000000e+02    1.0582870750e+00    7.1667480469e-01
       140   -4.5059529124e+01    2.0316765881e+03   -8.2042119789e+01    3.6982590665e+01   -2.3090319594e+01    3.1000489330e+00   -1.0949171047e+01   -5.1102678081e+01   -1.0662138811e+01    5.1200000000e+02    1.0414823540e+00    7.1952311198e-01
       141   -4.5068974517e+01    2.0326563748e+03   -8.2555575021e+01    3.7486600504e+01   -2.3473224926e+01    2.8499044645e+00   -1.0829576478e+01   -5.1102678081e+01   -1.0550053533e+01    5.1200000000e+02    1.0000874590e+00    7.1999104818e-01
       142   -4.4921927168e+01    2.0195809831e+03   -8.2325911181e+01    3.7403984012e+01   -2.3176663910e+01    2.8758339793e+00   -1.0922403169e+01   -5.1102678081e+01   -1.0640149961e+01    5.1200000000e+02    9.9945661400e-01    7.1944173177e-01
       143   -4.4958823197e+01    2.0228018532e+03   -8.2426334526e+01    3.7467511329e+01   -2.2762465364e+01    2.4236367385e+00   -1.0984827820e+01   -5.1102678081e+01   -1.0717062020e+01    5.1200000000e+02    9.9997969900e-01    7.1885172526e-01
       144   -4.4873646459e+01    2.0149274479e+03   -8.1607712097e+01    3.6734065638e+01   -2.2296672546e+01    2.7153019082e+00   -1.0923663378e+01   -5.1102678081e+01   -1.0622371788e+01    5.1200000000e+02    9.9121490500e-01    7.1665445964e-01
       145   -4.4995277102e+01    2.0260920189e+03   -8.2000619232e+01    3.7005342130e+01   -2.2595608410e+01    2.7686179502e+00   -1.1070950692e+01   -5.1102678081e+01   -1.0770700353e+01    5.1200000000e+02    1.0005343940e+00    7.2326660156e-01
       146   -4.5054514985e+01    2.0311537306e+03   -8.1642588911e+01    3.6588073925e+01   -2.2060531236e+01    2.7077493076e+00   -1.1187128901e+01   -5.1102678081e+01   -1.0888172434e+01    5.1200000000e+02    9.9278778700e-01    7.2005208333e-01
       147   -4.5041618636e+01    2.0301119406e+03   -8.2517180752e+01    3.7475562116e+01   -2.2993877167e+01    2.6976693764e+00   -1.1118294881e+01   -5.1102678081e+01   -1.0817861038e+01    5.1200000000e+02    9.9296931600e-01    7.1954345703e-01
       148   -4.4962508110e+01    2.0235328753e+03   -8.2481920915e+01    3.7519412804e+01   -2.3223285608e+01    2.9192804461e+00   -1.1075237672e+01   -5.1102678081e+01   -1.0758997012e+01    5.1200000000e+02    9.9972299600e-01    7.1622721354e-01
       149   -4.4943124015e+01    2.0211947480e+03   -8.2094226417e+01    3.7151102403e+01   -2.3003303157e+01    3.0131142416e+00   -1.1001359421e+01   -5.1102678081e+01   -1.0696538881e+01    5.1200000000e+02    1.0145665850e+00    7.1742757161e-01
       150   -4.5016470081e+01    2.0279149574e+03   -8.2329200650e+01    3.7312730569e+01   -2.2951261819e+01    2.9119342492e+00   -1.1187194999e+01   -5.1102678081e+01   -1.0906298369e+01    5.1200000000e+02    1.0077699480e+00    7.1689860026e-01
       151   -4.5008729928e+01    2.0269723455e+03   -8.2198138179e+01    3.7189408251e+01   -2.3069486456e+01    3.0667050889e+00   -1.1092678730e+01   -5.1102678081e+01   -1.0801304716e+01    5.1200000000e+02    9.9458794800e-01    7.1689860026e-01
       152   -4.5043742987e+01    2.0303850347e+03   -8.2258678030e+01    3.7214935043e+01   -2.3028233425e+01    2.9440718245e+00   -1.1071838348e+01   -5.1102678081e+01   -1.0780240711e+01    5.1200000000e+02    1.0386827570e+00    7.1730550130e-01
       153   -4.4977826889e+01    2.0244617886e+03   -8.2079844134e+01    3.7102017245e+01   -2.2860502955e+01    3.0339120496e+00   -1.1150575147e+01   -5.1102678081e+01   -1.0885650976e+01    5.1200000000e+02    1.0012239960e+00    7.1807861328e-01
       154   -4.5017974157e+01    2.0278544983e+03   -8.2120258961e+01    3.7102284804e+01   -2.2673434244e+01    2.7166642852e+00   -1.1060810921e+01   -5.1102678081e+01   -1.0791339068e+01    5.1200000000e+02    1.0226081140e+00    7.1429443359e-01
       155   -4.4965955663e+01    2.0231863182e+03   -8.1582575516e+01    3.6616619853e+01   -2.2477089503e+01    3.1547302023e+00   -1.1157538135e+01   -5.1102678081e+01   -1.0875142277e+01    5.1200000000e+02    1.0372718690e+00    7.1575927734e-01
       156   -4.5006381263e+01    2.0268940241e+03   -8.1792533579e+01    3.6786152315e+01   -2.2468634454e+01    2.9505841796e+00   -1.1171805224e+01   -5.1102678081e+01   -1.0889640541e+01    5.1200000000e+02    1.0355675400e+00    7.1761067708e-01
       157   -4.5063989024e+01    2.0321253707e+03   -8.1669891968e+01    3.6605902944e+01   -2.2220938459e+01    2.7368236409e+00   -1.1083099069e+01   -5.1102678081e+01   -1.0786382056e+01    5.1200000000e+02    1.0395294910e+00    7.1950276693e-01
       158   -4.5093628392e+01    2.0348045263e+03   -8.1965737046e+01    3.6872108654e+01   -2.2373232329e+01    2.7843837661e+00   -1.1274210402e+01   -5.1102678081e+01   -1.0980457381e+01    5.1200000000e+02    1.0147867670e+00    7.1636962891e-01
       159   -4.5071696980e+01    2.0327574903e+03   -8.2320104054e+01    3.7248407074e+01   -2.3059173836e+01    3.1362573140e+00   -1.1294509451e+01   -5.1102678081e+01   -1.1016146856e+01    5.1200000000e+02    1.0068460270e+00    7.1732584635e-01
       160   -4.5021879684e+01    2.0282255108e+03   -8.2210083744e+01    3.7188204060e+01   -2.3539096152e+01    3.3681628677e+00   -1.0936472378e+01   -5.1102678081e+01   -1.0646794786e+01    5.1200000000e+02    1.0121062140e+00    7.1763102214e-01
       161   -4.4991198164e+01    2.0256863925e+03   -8.2539706972e+01    3.7548508808e+01   -2.3266812484e+01    2.8075073901e+00   -1.0977723797e+01   -5.1102678081e+01   -1.0692089713e+01    5.1200000000e+02    1.0140222850e+00    7.1516927083e-01
       162   -4.5058633528e+01    2.0316905254e+03   -8.2247010402e+01    3.7188376875e+01   -2.2973262052e+01    2.9299719211e+00   -1.1101042190e+01   -5.1102678081e+01   -1.0798453055e+01    5.1200000000e+02    1.0135405770e+00    7.1964518229e-01
       163   -4.5051555516e+01    2.0309488948e+03   -8.2606690110e+01    3.7555134594e+01   -2.3094847973e+01    2.6176479606e+00   -1.1026812017e+01   -5.1102678081e+01   -1.0752442165e+01    5.1200000000e+02    1.0181620790e+00    7.1689860026e-01
       164   -4.4985077025e+01    2.0249870578e+03   -8.2780411521e+01    3.7795334496e+01   -2.3537567629e+01    2.7501302475e+00   -1.0890296058e+01   -5.1102678081e+01   -1.0594359114e+01    5.1200000000e+02    1.0234852560e+00    7.1653238932e-01
       165   -4.4961990858e+01    2.0230647701e+03   -8.2840046449e+01    3.7878055591e+01   -2.3506539513e+01    2.8638979147e+00   -1.1094726770e+01   -5.1102678081e+01   -1.0807125404e+01    5.1200000000e+02    1.0217722770e+00    7.1777343750e-01
       166   -4.4958775249e+01    2.0224803723e+03   -8.2264657543e+01    3.7305882294e+01   -2.3157545496e+01    3.1630982828e+00   -1.1167532248e+01   -5.1102678081e+01   -1.0888591340e+01    5.1200000000e+02    1.0161954510e+00    7.1883138021e-01
       167   -4.5087825499e+01    2.0341071868e+03   -8.2060417899e+01    3.6972592400e+01   -2.3132046282e+01    3.0956150747e+00   -1.0921308610e+01   -5.1102678081e+01   -1.0627033711e+01    5.1200000000e+02    1.0131768890e+00    7.1822102865e-01
       168   -4.5005902048e+01    2.0272176369e+03   -8.2311388648e+01    3.7305486600e+01   -2.3148723478e+01    2.8298030612e+00   -1.0889790150e+01   -5.1102678081e+01   -1.0608644145e+01    5.1200000000e+02    1.0170750540e+00    7.2031656901e-01
       169   -4.5027389902e+01    2.0289810451e+03   -8.2400024995e+01    3.7372635094e+01   -2.3387052616e+01    3.0687578319e+00   -1.0979052130e+01   -5.1102678081e+01   -1.0708956605e+01    5.1200000000e+02    1.0325042880e+00    7.1765136719e-01
       170   -4.5044597641e+01    2.0303617807e+03   -8.2435240282e+01    3.7390642640e+01   -2.3226240965e+01    2.9534913340e+00   -1.1059812569e+01   -5.1102678081e+01   -1.0783147158e+01    5.1200000000e+02    1.0233222710e+00    7.1976725260e-01
       171   -4.5033998736e+01    2.0292172566e+03   -8.1969473335e+01    3.6935474599e+01   -2.2945833887e+01    3.3292576135e+00   -1.1250218981e+01   -5.1102678081e+01   -1.0989196035e+01    5.1200000000e+02    1.0360488740e+00    7.1793619792e-01
       172   -4.5005286579e+01    2.0267030221e+03   -8.2492418046e+01    3.7487131467e+01   -2.2935227519e+01    2.6388083391e+00   -1.1093320786e+01   -5.1102678081e+01   -1.0814762553e+01    5.1200000000e+02    1.0545613510e+00    7.1647135417e-01
       173   -4.5008344348e+01    2.0273911710e+03   -8.2306559289e+01    3.7298214941e+01   -2.3008871971e+01    2.9288375839e+00   -1.1123846821e+01   -5.1102678081e+01   -1.0832577483e+01    5.1200000000e+02    1.0500659420e+00    7.1449788411e-01
       174   -4.5038265817e+01    2.0298348441e+03   -8.2756018392e+01    3.7717752575e+01   -2.3415439479e+01    2.7565302342e+00   -1.0994431066e+01   -5.1102678081e+01   -1.0715196014e+01    5.1200000000e+02    1.0515640640e+00    7.1805826823e-01
       175   -4.5002681996e+01    2.0266171940e+03   -8.1810532842e+01    3.6807850846e+01   -2.2794418567e+01    2.9829720103e+00   -1.0896408204e+01   -5.1102678081e+01   -1.0624362017e+01    5.1200000000e+02    1.0280558030e+00    7.1769205729e-01
       176   -4.5004096855e+01    2.0269679279e+03   -8.2825219047e+01    3.7821122192e+01   -2.3467083117e+01    2.8748888545e+00   -1.1130346703e+01   -5.1102678081e+01   -1.0845344696e+01    5.1200000000e+02    1.0016335810e+00    7.2145589193e-01
       177   -4.4978345879e+01    2.0245318278e+03   -8.2444360018e+01    3.7466014139e+01   -2.2907169660e+01    2.6766510682e+00   -1.1111163345e+01   -5.1102678081e+01   -1.0822027052e+01    5.1200000000e+02    1.0047849130e+00    7.1533203125e-01
       178   -4.5073997907e+01    2.0329240611e+03   -8.2372059358e+01    3.7298061451e+01   -2.2937513415e+01    2.6954917206e+00   -1.1027359583e+01   -5.1102678081e+01   -1.0761512491e+01    5.1200000000e+02    1.0036453450e+00    7.1744791667e-01
       179   -4.5021221335e+01    2.0283182708e+03   -8.2908072360e+01    3.7886851026e+01   -2.3378788540e+01    2.6772464745e+00   -1.1103852214e+01   -5.1102678081e+01   -1.0813677490e+01    5.1200000000e+02    1.0163597960e+00    7.2064208984e-01
       180   -4.5023232408e+01    2.0286268828e+03   -8.2312520434e+01    3.7289288026e+01   -2.3020557750e+01    2.8125496534e+00   -1.1001834257e+01   -5.1102678081e+01   -1.0726514227e+01    5.1200000000e+02    1.0004875280e+00    7.1561686198e-01
       181   -4.4984956392e+01    2.0250287997e+03   -8.2322431248e+01    3.7337474856e+01   -2.3026422036e+01    2.8359087961e+00   -1.1029239928e+01   -5.1102678081e+01   -1.0745705218e+01    5.1200000000e+02    1.0040473140e+00    7.2005208333e-01
       182   -4.5006924321e+01    2.0269726206e+03   -8.2305181798e+01    3.7298257477e+01   -2.2758944400e+01    2.7600648267e+00   -1.1203624143e+01   -5.1102678081e+01   -1.0924337922e+01    5.1200000000e+02    1.0511439660e+00    7.1555582682e-01
       183   -4.4974368532e+01    2.0241074516e+03   -8.2618806803e+01    3.7644438270e+01   -2.3064729543e+01    2.7440871048e+00   -1.1195486283e+01   -5.1102678081e+01   -1.0904377795e+01    5.1200000000e+02    9.9995931500e-01    7.1478271484e-01
       184   -4.4741801853e+01    2.0455160463e+03   -8.1633702479e+01    3.6891900626e+01   -2.2872326799e+01    3.5223271644e+00   -1.1181024763e+01   -5.1102678081e+01   -1.0894464873e+01    5.1200000000e+02    1.0083701460e+00    7.1785481771e-01
       185   -4.5036527570e+01    2.0296277650e+03   -8.1824442186e+01    3.6787914616e+01   -2.2762492875e+01    3.2754881811e+00   -1.1234759411e+01   -5.1102678081e+01   -1.0958490404e+01    5.1200000000e+02    9.9589940600e-01    7.1771240234e-01
       186   -4.5006794761e+01    2.0269740199e+03   -8.2122626104e+01    3.7115831343e+01   -2.2937052647e+01    3.1739901335e+00   -1.1256885509e+01   -5.1102678081e+01   -1.0979349634e+01    5.1200000000e+02    1.0082379490e+00    7.1828206380e-01
       187   -4.5049915444e+01    2.0309625671e+03   -8.1571709898e+01    3.6521794454e+01   -2.2388030237e+01    3.2591354147e+00   -1.1340136995e+01   -5.1102678081e+01   -1.1062989019e+01    5.1200000000e+02    1.0005861290e+00    7.1752929688e-01
       188   -4.5051342952e+01    2.0309562556e+03   -8.2185264926e+01    3.7133921974e+01   -2.2961553949e+01    3.1515289108e+00   -1.1272561806e+01   -5.1102678081e+01   -1.0999746268e+01    5.1200000000e+02    1.0133635310e+00    7.1870930990e-01
       189   -4.5010552055e+01    2.0274806457e+03   -8.1943825034e+01    3.6933272980e+01   -2.2708817424e+01    2.9244393971e+00   -1.1056768926e+01   -5.1102678081e+01   -1.0786113956e+01    5.1200000000e+02    1.0473600090e+00    7.1537272135e-01
       190   -4.4937281393e+01    2.0231339675e+03   -8.2201239591e+01    3.7263958198e+01   -2.2451726300e+01    2.5563352868e+00   -1.1203170497e+01   -5.1102678081e+01   -1.0928897348e+01    5.1200000000e+02    1.0355581430e+00    7.1669514974e-01
       191   -4.5045470215e+01    2.0307591738e+03   -8.2330376059e+01    3.7284905844e+01   -2.2681745448e+01    2.6835989939e+00   -1.1229551524e+01   -5.1102678081e+01   -1.0969056698e+01    5.1200000000e+02    1.0341310960e+00    7.1685791016e-01
       192   -4.4928590211e+01    2.0198509346e+03   -8.2645987617e+01    3.7717397405e+01   -2.3058338532e+01    2.6810153184e+00   -1.1165986322e+01   -5.1102678081e+01   -1.0903113192e+01    5.1200000000e+02    1.0292939170e+00    7.2031656901e-01
       193   -4.4982843491e+01    2.0251198119e+03   -8.2447889841e+01    3.7465046351e+01   -2.3194520357e+01    3.1024690254e+00   -1.1253160429e+01   -5.1102678081e+01   -1.0980984672e+01    5.1200000000e+02    1.0043869900e+00    7.1838378906e-01
       194   -4.5028486466e+01    2.0287110484e+03   -8.2503669392e+01    3.7475182926e+01   -2.3316405693e+01    3.1890675940e+00   -1.1273653212e+01   -5.1102678081e+01   -1.1024767339e+01    5.1200000000e+02    9.9779689600e-01    7.1651204427e-01
       195   -4.5015072587e+01    2.0281053769e+03   -8.2544102014e+01    3.7529029427e+01   -2.3269465906e+01    2.8977047864e+00   -1.1069662813e+01   -5.1102678081e+01   -1.0781870040e+01    5.1200000000e+02    9.9595733800e-01    7.2336832682e-01
       196   -4.5085081835e+01    2.0344861898e+03   -8.3205402033e+01    3.8120320198e+01   -2.3577470890e+01    2.6164372700e+00   -1.1141690332e+01   -5.1102678081e+01   -1.0876831478e+01    5.1200000000e+02    9.9152709600e-01    7.2052001953e-01
       197   -4.5062607693e+01    2.0319845826e+03   -8.2410015108e+01    3.7347407416e+01   -2.2647126236e+01    2.5845431070e+00   -1.1244753899e+01   -5.1102678081e+01   -1.0974103737e+01    5.1200000000e+02    1.0345686130e+00    7.1974690755e-01
       198   -4.5089456802e+01    2.0345892587e+03   -8.3406388203e+01    3.8316931401e+01   -2.3825840648e+01    2.7081694771e+00   -1.1186038951e+01   -5.1102678081e+01   -1.0896372443e+01    5.1200000000e+02    1.0168192720e+00    7.1763102214e-01
       199   -4.5029855744e+01    2.0292227748e+03   -8.2408320540e+01    3.7378464796e+01   -2.3222799833e+01    3.2658392507e+00   -1.1348681877e+01   -5.1102678081e+01   -1.1075601783e+01    5.1200000000e+02    1.0473505770e+00    7.1931966146e-01
