#   index    LocalEnergy         LocalEnergy_sq      LocalPotential      Kinetic             LocalECP            NonLocalECP         ElecElec            IonIon              MPC                 BlockWeight         BlockCPU            AcceptRatio         
         0   -4.5832179052e+01    2.1017507193e+03   -8.0116821985e+01    3.4284642933e+01   -2.0548321339e+01    3.1727194213e+00   -1.1638541986e+01   -5.1102678081e+01   -1.1361825506e+01    5.1211671127e+02    7.4132709900e-01    9.9652099609e-01
         1   -4.5806607098e+01    2.0995840961e+03   -8.0048822644e+01    3.4242215546e+01   -2.0736331436e+01    3.4510167423e+00   -1.1660829869e+01   -5.1102678081e+01   -1.1378928544e+01    5.1193444401e+02    7.4106125000e-01    9.9621582031e-01
         2   -4.5808248734e+01    2.0995697163e+03   -7.9763756632e+01    3.3955507898e+01   -2.0397228713e+01    3.3914683205e+00   -1.1655318159e+01   -5.1102678081e+01   -1.1371686017e+01    5.1205079707e+02    7.4040352400e-01    9.9639892578e-01
         3   -4.5810372532e+01    2.0997770625e+03   -7.9919730738e+01    3.4109358205e+01   -2.0481448567e+01    3.2474689744e+00   -1.1583073064e+01   -5.1102678081e+01   -1.1298380139e+01    5.1097197960e+02    7.3823180700e-01    9.9669765166e-01
         4   -4.5801738376e+01    2.0992394620e+03   -7.9923434916e+01    3.4121696540e+01   -2.0513764319e+01    3.3080354793e+00   -1.1615027995e+01   -5.1102678081e+01   -1.1335767280e+01    5.1100961814e+02    7.3728609500e-01    9.9669117647e-01
         5   -4.5837538300e+01    2.1026051267e+03   -8.0102000271e+01    3.4264461971e+01   -2.0601196264e+01    3.2108877301e+00   -1.1609013656e+01   -5.1102678081e+01   -1.1333551895e+01    5.1410359756e+02    7.4034977300e-01    9.9683235867e-01
         6   -4.5800845147e+01    2.0988005323e+03   -8.0003112905e+01    3.4202267759e+01   -2.1024785373e+01    3.6368323109e+00   -1.1512481762e+01   -5.1102678081e+01   -1.1232772574e+01    5.0981536236e+02    7.2369415700e-01    9.9700927734e-01
         7   -4.5788707613e+01    2.0977575675e+03   -8.0164164298e+01    3.4375456685e+01   -2.0941899387e+01    3.4223918338e+00   -1.1541978663e+01   -5.1102678081e+01   -1.1263396058e+01    5.1313569221e+02    7.1579394600e-01    9.9749266145e-01
         8   -4.5851621845e+01    2.1035433024e+03   -8.0560836932e+01    3.4709215087e+01   -2.1210149457e+01    3.3154073822e+00   -1.1563416776e+01   -5.1102678081e+01   -1.1290590157e+01    5.1101693596e+02    7.1224857000e-01    9.9676513672e-01
         9   -4.5879759071e+01    2.1062666860e+03   -8.0744431700e+01    3.4864672629e+01   -2.1450264538e+01    3.4261845462e+00   -1.1617673627e+01   -5.1102678081e+01   -1.1348991961e+01    5.1303702850e+02    8.2006777000e-01    9.9676513672e-01
        10   -4.5878806264e+01    2.1061402858e+03   -8.0684727891e+01    3.4805921628e+01   -2.1254360799e+01    3.2807204930e+00   -1.1608409505e+01   -5.1102678081e+01   -1.1336076752e+01    5.1194972294e+02    7.2985602400e-01    9.9713693957e-01
        11   -4.5816030585e+01    2.1004213887e+03   -8.0668999782e+01    3.4852969197e+01   -2.1303122521e+01    3.4150721296e+00   -1.1678271309e+01   -5.1102678081e+01   -1.1403076489e+01    5.1386916317e+02    7.2508977000e-01    9.9616974708e-01
        12   -4.5799490757e+01    2.0988945050e+03   -8.0292730680e+01    3.4493239922e+01   -2.1262371611e+01    3.6985627426e+00   -1.1626243730e+01   -5.1102678081e+01   -1.1349593688e+01    5.1107945744e+02    7.2551562800e-01    9.9701510721e-01
        13   -4.5770657326e+01    2.0962691192e+03   -8.0629114788e+01    3.4858457462e+01   -2.1124998924e+01    3.2226021240e+00   -1.1624039907e+01   -5.1102678081e+01   -1.1351633029e+01    5.0982996064e+02    7.2977576100e-01    9.9686886051e-01
        14   -4.5812823198e+01    2.1000578632e+03   -8.0727940508e+01    3.4915117310e+01   -2.1153468384e+01    3.2654686735e+00   -1.1737262716e+01   -5.1102678081e+01   -1.1457558747e+01    5.1430871292e+02    7.3484630300e-01    9.9652099609e-01
        15   -4.5818762866e+01    2.1005200538e+03   -8.0424404183e+01    3.4605641318e+01   -2.1034106921e+01    3.4103375183e+00   -1.1697956700e+01   -5.1102678081e+01   -1.1425937901e+01    5.1373931212e+02    7.3584115200e-01    9.9721414729e-01
        16   -4.5795610626e+01    2.0984255397e+03   -8.0044145824e+01    3.4248535198e+01   -2.0863195723e+01    3.5422214862e+00   -1.1620493506e+01   -5.1102678081e+01   -1.1348198248e+01    5.1123148702e+02    7.2195327800e-01    9.9652777778e-01
        17   -4.5815020186e+01    2.1001546343e+03   -8.0134963704e+01    3.4319943518e+01   -2.0713553936e+01    3.2706671447e+00   -1.1589398832e+01   -5.1102678081e+01   -1.1311816288e+01    5.1180696655e+02    7.1555747200e-01    9.9669765166e-01
        18   -4.5811286874e+01    2.0997677193e+03   -7.9937334434e+01    3.4126047560e+01   -2.0572179289e+01    3.3232366359e+00   -1.1585713700e+01   -5.1102678081e+01   -1.1308158467e+01    5.1119024362e+02    7.7297290500e-01    9.9675880626e-01
        19   -4.5825423118e+01    2.1011896624e+03   -7.9858047110e+01    3.4032623993e+01   -2.0532707655e+01    3.3155759814e+00   -1.1538237355e+01   -5.1102678081e+01   -1.1267090545e+01    5.1383593545e+02    8.3442827900e-01    9.9640594542e-01
        20   -4.5819211312e+01    2.1006073527e+03   -7.9760481069e+01    3.3941269757e+01   -2.0382554006e+01    3.3111045673e+00   -1.1586353549e+01   -5.1102678081e+01   -1.1318875063e+01    5.1217490018e+02    7.1930323900e-01    9.9683852140e-01
        21   -4.5858726446e+01    2.1042145802e+03   -7.9597485800e+01    3.3738759353e+01   -2.0484939736e+01    3.5258541068e+00   -1.1535722089e+01   -5.1102678081e+01   -1.1272416378e+01    5.1409400796e+02    7.1297223100e-01    9.9732490272e-01
        22   -4.5853034589e+01    2.1037776396e+03   -7.9543825351e+01    3.3690790762e+01   -2.0090379284e+01    3.2037938661e+00   -1.1554561851e+01   -5.1102678081e+01   -1.1294925248e+01    5.0809539418e+02    6.9683817800e-01    9.9686269685e-01
        23   -4.5842210210e+01    2.1028565587e+03   -7.9639341696e+01    3.3797131486e+01   -2.0090339150e+01    3.1467348077e+00   -1.1593059273e+01   -5.1102678081e+01   -1.1338163513e+01    5.0704723172e+02    7.0103670800e-01    9.9673323471e-01
        24   -4.5819023997e+01    2.1006948120e+03   -7.9787872778e+01    3.3968848780e+01   -2.0288248301e+01    3.1692932541e+00   -1.1566239649e+01   -5.1102678081e+01   -1.1306774845e+01    5.0795962715e+02    7.2523217300e-01    9.9809301181e-01
        25   -4.5853201349e+01    2.1039030993e+03   -7.9885431422e+01    3.4032230073e+01   -2.0524086862e+01    3.3058005947e+00   -1.1564467073e+01   -5.1102678081e+01   -1.1306991745e+01    5.0602661951e+02    7.2303391100e-01    9.9604743083e-01
        26   -4.5873536118e+01    2.1058151188e+03   -7.9948148771e+01    3.4074612653e+01   -2.0316671399e+01    3.1236486357e+00   -1.1652447927e+01   -5.1102678081e+01   -1.1388900406e+01    5.0415990020e+02    7.2231211700e-01    9.9646577381e-01
        27   -4.5853000106e+01    2.1040485631e+03   -7.9667967224e+01    3.3814967118e+01   -2.0406185423e+01    3.4302692128e+00   -1.1589372933e+01   -5.1102678081e+01   -1.1325108613e+01    5.0617253489e+02    7.2344214200e-01    9.9722084980e-01
        28   -4.5860235550e+01    2.1046405619e+03   -7.9787218050e+01    3.3926982500e+01   -2.0318606523e+01    3.2870329056e+00   -1.1652966351e+01   -5.1102678081e+01   -1.1380418824e+01    5.0710368439e+02    7.2387862400e-01    9.9728796844e-01
        29   -4.5817909099e+01    2.1004806142e+03   -7.9980287712e+01    3.4162378613e+01   -2.0424977011e+01    3.2046344776e+00   -1.1657267097e+01   -5.1102678081e+01   -1.1385685840e+01    5.0901480525e+02    8.2064358000e-01    9.9643909627e-01
        30   -4.5825186317e+01    2.1011897507e+03   -7.9865466285e+01    3.4040279969e+01   -2.0290582079e+01    3.3013009525e+00   -1.1773507078e+01   -5.1102678081e+01   -1.1499805296e+01    5.1092085504e+02    7.0743702600e-01    9.9810420744e-01
        31   -4.5704042639e+01    2.0900254268e+03   -8.0027404909e+01    3.4323362270e+01   -2.0128955753e+01    2.9874850938e+00   -1.1783256169e+01   -5.1102678081e+01   -1.1507486392e+01    5.0958802122e+02    7.0624862000e-01    9.9693627451e-01
        32   -4.5754693148e+01    2.0947800308e+03   -8.0068999489e+01    3.4314306341e+01   -2.0414542669e+01    3.2379635977e+00   -1.1789742336e+01   -5.1102678081e+01   -1.1508657952e+01    5.1249944731e+02    7.0290438100e-01    9.9731968811e-01
        33   -4.5760870406e+01    2.0951747541e+03   -8.0045227716e+01    3.4284357310e+01   -2.0137358264e+01    3.0023939083e+00   -1.1807585279e+01   -5.1102678081e+01   -1.1533169924e+01    5.1365063843e+02    7.1796740700e-01    9.9671692607e-01
        34   -4.5825569373e+01    2.1011850990e+03   -8.0015152349e+01    3.4189582977e+01   -2.0053440915e+01    2.8319834758e+00   -1.1691016829e+01   -5.1102678081e+01   -1.1412259198e+01    5.1185002310e+02    7.0977831500e-01    9.9676513672e-01
        35   -4.5813480105e+01    2.1002482139e+03   -7.9842888826e+01    3.4029408721e+01   -1.9842147532e+01    2.7660934577e+00   -1.1664156670e+01   -5.1102678081e+01   -1.1392789510e+01    5.0800193568e+02    7.0135415200e-01    9.9667814961e-01
        36   -4.5813420751e+01    2.0999779873e+03   -8.0086955012e+01    3.4273534261e+01   -2.0064985607e+01    2.8080849774e+00   -1.1727376302e+01   -5.1102678081e+01   -1.1459351625e+01    5.0698503148e+02    6.9936718300e-01    9.9685650888e-01
        37   -4.5864774278e+01    2.1045692519e+03   -8.0037686977e+01    3.4172912699e+01   -2.0088688217e+01    2.9369960680e+00   -1.1783316747e+01   -5.1102678081e+01   -1.1512089697e+01    5.0416515497e+02    6.9280738600e-01    9.9720982143e-01
        38   -4.5848634161e+01    2.1030322495e+03   -8.0186123810e+01    3.4337489650e+01   -2.0073987721e+01    2.7610122777e+00   -1.1770470286e+01   -5.1102678081e+01   -1.1495799873e+01    5.0523239400e+02    6.9579220600e-01    9.9628712871e-01
        39   -4.5836383053e+01    2.1020707622e+03   -8.0226306667e+01    3.4389923614e+01   -1.9900040435e+01    2.5789863867e+00   -1.1802574538e+01   -5.1102678081e+01   -1.1529670814e+01    5.0515304300e+02    7.9563594500e-01    9.9740099010e-01
        40   -4.5815915512e+01    2.1001183469e+03   -8.0152985422e+01    3.4337069910e+01   -1.9988803004e+01    2.6555545595e+00   -1.1717058896e+01   -5.1102678081e+01   -1.1443216822e+01    5.0506068503e+02    7.0362144300e-01    9.9696782178e-01
        41   -4.5835321120e+01    2.1019979065e+03   -8.0286277331e+01    3.4450956211e+01   -2.0128027080e+01    2.7406682398e+00   -1.1796240410e+01   -5.1102678081e+01   -1.1526185215e+01    5.0207002749e+02    6.9097041000e-01    9.9651394422e-01
        42   -4.5815811394e+01    2.1006091975e+03   -8.0075968895e+01    3.4260157502e+01   -2.0053398420e+01    2.7577043292e+00   -1.1677596723e+01   -5.1102678081e+01   -1.1413074522e+01    5.0208341063e+02    6.8712693500e-01    9.9620268924e-01
        43   -4.5742629467e+01    2.0935067601e+03   -8.0279458407e+01    3.4536828939e+01   -1.9960115824e+01    2.5541962345e+00   -1.1770860736e+01   -5.1102678081e+01   -1.1507169340e+01    5.0185792809e+02    6.8987331900e-01    9.9713645418e-01
        44   -4.5730570836e+01    2.0923957417e+03   -8.0616763869e+01    3.4886193034e+01   -2.0215683697e+01    2.5213930352e+00   -1.1819795126e+01   -5.1102678081e+01   -1.1555549021e+01    5.0366754730e+02    6.9510765500e-01    9.9640376984e-01
        45   -4.5770383839e+01    2.0960832273e+03   -8.0495695073e+01    3.4725311235e+01   -2.0145960593e+01    2.5600785271e+00   -1.1807134926e+01   -5.1102678081e+01   -1.1538689701e+01    5.0273132158e+02    6.9441127700e-01    9.9652087475e-01
        46   -4.5754416674e+01    2.0947632646e+03   -8.0695146874e+01    3.4940730200e+01   -2.0518716703e+01    2.7649447764e+00   -1.1838696866e+01   -5.1102678081e+01   -1.1573291241e+01    5.0281270485e+02    6.9678997500e-01    9.9689363817e-01
        47   -4.5799402063e+01    2.0988562081e+03   -8.0796815671e+01    3.4997413608e+01   -2.0560697187e+01    2.8072136861e+00   -1.1940654089e+01   -5.1102678081e+01   -1.1673303095e+01    5.0391235554e+02    7.0760474900e-01    9.9714781746e-01
        48   -4.5830046373e+01    2.1016645173e+03   -8.0643473511e+01    3.4813427137e+01   -2.0737391737e+01    2.9784660955e+00   -1.1781869788e+01   -5.1102678081e+01   -1.1512404899e+01    5.0610987626e+02    7.1531531900e-01    9.9746788538e-01
        49   -4.5774043546e+01    2.0963601744e+03   -8.0766735655e+01    3.4992692109e+01   -2.0768961317e+01    2.8150390386e+00   -1.1710135296e+01   -5.1102678081e+01   -1.1445815023e+01    5.0500243880e+02    8.2278982000e-01    9.9696782178e-01
        50   -4.5819828878e+01    2.1006824967e+03   -8.0712433585e+01    3.4892604707e+01   -2.0881024246e+01    2.9960455194e+00   -1.1724776778e+01   -5.1102678081e+01   -1.1454221251e+01    5.0597060613e+02    7.2001102400e-01    9.9629446640e-01
        51   -4.5795441458e+01    2.0984367287e+03   -8.0629120787e+01    3.4833679329e+01   -2.0839866336e+01    2.9919814115e+00   -1.1678557782e+01   -5.1102678081e+01   -1.1411093459e+01    5.0302866481e+02    7.1978583700e-01    9.9714214712e-01
        52   -4.5805756379e+01    2.0996048449e+03   -8.0666209957e+01    3.4860453578e+01   -2.0857878578e+01    2.9191281800e+00   -1.1624781478e+01   -5.1102678081e+01   -1.1350494912e+01    5.0604948367e+02    7.1470668900e-01    9.9697381423e-01
        53   -4.5828203984e+01    2.1013494812e+03   -8.0344637522e+01    3.4516433538e+01   -2.0855696949e+01    3.1849091515e+00   -1.1571171644e+01   -5.1102678081e+01   -1.1289374655e+01    5.0411098868e+02    7.2333990100e-01    9.9689980159e-01
        54   -4.5841846849e+01    2.1028924539e+03   -8.0198888479e+01    3.4357041630e+01   -2.0999874677e+01    3.4082718227e+00   -1.1504607544e+01   -5.1102678081e+01   -1.1222144094e+01    5.0519324584e+02    7.0446519400e-01    9.9610148515e-01
        55   -4.5801375502e+01    2.0989558768e+03   -8.0486638198e+01    3.4685262696e+01   -2.1167587020e+01    3.2330757172e+00   -1.1449448814e+01   -5.1102678081e+01   -1.1174363592e+01    5.0409086530e+02    6.9948413100e-01    9.9745783730e-01
        56   -4.5828540874e+01    2.1014013161e+03   -8.0399342168e+01    3.4570801294e+01   -2.1060037377e+01    3.2210303654e+00   -1.1457657075e+01   -5.1102678081e+01   -1.1179666026e+01    5.0308229886e+02    6.9717701500e-01    9.9695576541e-01
        57   -4.5826559723e+01    2.1014091020e+03   -8.0419448226e+01    3.4592888503e+01   -2.1229881240e+01    3.3895898840e+00   -1.1476478789e+01   -5.1102678081e+01   -1.1198078078e+01    5.0316146239e+02    7.0310529900e-01    9.9732852883e-01
        58   -4.5873646628e+01    2.1058791893e+03   -8.0344303562e+01    3.4470656933e+01   -2.1031989189e+01    3.2251297490e+00   -1.1434766041e+01   -5.1102678081e+01   -1.1155027715e+01    5.0327175409e+02    7.0090266800e-01    9.9658300199e-01
        59   -4.5837878173e+01    2.1022724639e+03   -8.0460495203e+01    3.4622617030e+01   -2.0999086910e+01    3.1482188189e+00   -1.1506949031e+01   -5.1102678081e+01   -1.1223976990e+01    5.0328546956e+02    7.9492755900e-01    9.9621023857e-01
        60   -4.5818665231e+01    2.1005385347e+03   -8.0601364801e+01    3.4782699570e+01   -2.1087986150e+01    3.1333594910e+00   -1.1544060061e+01   -5.1102678081e+01   -1.1262061551e+01    5.0312444382e+02    7.4960984500e-01    9.9689363817e-01
        61   -4.5841991306e+01    2.1026260669e+03   -8.0746029827e+01    3.4904038520e+01   -2.1251611731e+01    3.1890934657e+00   -1.1580833480e+01   -5.1102678081e+01   -1.1304369728e+01    5.0215843436e+02    7.0105178300e-01    9.9607818725e-01
        62   -4.5903123691e+01    2.1083410074e+03   -8.0527472860e+01    3.4624349169e+01   -2.1464416489e+01    3.5527763994e+00   -1.1513154689e+01   -5.1102678081e+01   -1.1236927810e+01    5.0437552022e+02    7.0460484700e-01    9.9640376984e-01
        63   -4.5888375389e+01    2.1071402141e+03   -8.0729686156e+01    3.4841310767e+01   -2.1689910752e+01    3.5351965279e+00   -1.1472293851e+01   -5.1102678081e+01   -1.1191267760e+01    5.0547293799e+02    7.0591359500e-01    9.9653465347e-01
        64   -4.5882164365e+01    2.1061820785e+03   -8.0615624897e+01    3.4733460532e+01   -2.1414510767e+01    3.4158466710e+00   -1.1514282719e+01   -5.1102678081e+01   -1.1232928492e+01    5.0243880475e+02    7.0113414900e-01    9.9775896414e-01
        65   -4.5904224106e+01    2.1083934291e+03   -8.0616485443e+01    3.4712261337e+01   -2.1355534392e+01    3.2913570632e+00   -1.1449630033e+01   -5.1102678081e+01   -1.1168412183e+01    5.0445212811e+02    7.0299840800e-01    9.9634176587e-01
        66   -4.5916661698e+01    2.1094495337e+03   -8.1027749747e+01    3.5111088049e+01   -2.1408845386e+01    3.0530951598e+00   -1.1569321440e+01   -5.1102678081e+01   -1.1295656170e+01    5.0451299583e+02    7.0511085600e-01    9.9658978175e-01
        67   -4.5890792050e+01    2.1071916513e+03   -8.1222414643e+01    3.5331622593e+01   -2.1487268414e+01    2.9813419278e+00   -1.1613810076e+01   -5.1102678081e+01   -1.1339892673e+01    5.0648819042e+02    7.0903356500e-01    9.9666501976e-01
        68   -4.5863944540e+01    2.1048027754e+03   -8.1045365388e+01    3.5181420848e+01   -2.1482642551e+01    3.2270653667e+00   -1.1687110123e+01   -5.1102678081e+01   -1.1416537151e+01    5.0529805730e+02    7.0724425100e-01    9.9752475248e-01
        69   -4.5863620528e+01    2.1047562001e+03   -8.1240028794e+01    3.5376408267e+01   -2.1375379438e+01    2.9001497086e+00   -1.1662120984e+01   -5.1102678081e+01   -1.1392782613e+01    5.0323099434e+02    7.9677303600e-01    9.9751491054e-01
        70   -4.5870260101e+01    2.1052876914e+03   -8.1409364582e+01    3.5539104480e+01   -2.1456764208e+01    2.8526537150e+00   -1.1702576008e+01   -5.1102678081e+01   -1.1427211284e+01    5.0526046246e+02    7.1038895900e-01    9.9709158416e-01
        71   -4.5875402197e+01    2.1056974887e+03   -8.0975103180e+01    3.5099700983e+01   -2.1250085685e+01    3.0506177540e+00   -1.1672957168e+01   -5.1102678081e+01   -1.1397104743e+01    5.0928208057e+02    7.2345823400e-01    9.9656188605e-01
        72   -4.5885552066e+01    2.1066443757e+03   -8.0726202312e+01    3.4840650245e+01   -2.1010893752e+01    3.0356625826e+00   -1.1648293061e+01   -5.1102678081e+01   -1.1367947846e+01    5.0826832194e+02    7.1411107000e-01    9.9717027559e-01
        73   -4.5856123459e+01    2.1041422644e+03   -8.0590316939e+01    3.4734193480e+01   -2.1022873441e+01    3.2032154995e+00   -1.1667980916e+01   -5.1102678081e+01   -1.1390454549e+01    5.1022716951e+02    7.3136349400e-01    9.9681372549e-01
        74   -4.5806706208e+01    2.0995679150e+03   -8.0210834090e+01    3.4404127882e+01   -2.0899356415e+01    3.3383254165e+00   -1.1547125011e+01   -5.1102678081e+01   -1.1262790027e+01    5.1100253866e+02    7.3470278600e-01    9.9694227006e-01
        75   -4.5862969879e+01    2.1046723362e+03   -8.0339380204e+01    3.4476410325e+01   -2.0841309794e+01    3.1890961961e+00   -1.1584488525e+01   -5.1102678081e+01   -1.1301839766e+01    5.1508224246e+02    7.4479105000e-01    9.9635922330e-01
        76   -4.5945129590e+01    2.1120305678e+03   -8.0389718587e+01    3.4444588997e+01   -2.0817744139e+01    3.1248819266e+00   -1.1594178294e+01   -5.1102678081e+01   -1.1316445058e+01    5.1534901697e+02    7.4610067100e-01    9.9690533981e-01
        77   -4.5929591263e+01    2.1107696763e+03   -8.0405136668e+01    3.4475545405e+01   -2.0997396225e+01    3.1983885817e+00   -1.1503450944e+01   -5.1102678081e+01   -1.1225480590e+01    5.1249386957e+02    7.4666372800e-01    9.9639892578e-01
        78   -4.5921668045e+01    2.1101118544e+03   -8.0486523230e+01    3.4564855185e+01   -2.0916052718e+01    3.1734397679e+00   -1.1641232199e+01   -5.1102678081e+01   -1.1365854015e+01    5.1346951000e+02    7.3893854300e-01    9.9597953216e-01
        79   -4.5913459875e+01    2.1093087796e+03   -8.0415984415e+01    3.4502524540e+01   -2.0939549273e+01    3.2567503682e+00   -1.1630507429e+01   -5.1102678081e+01   -1.1357543051e+01    5.1541750191e+02    8.2599644400e-01    9.9696601942e-01
        80   -4.5980682917e+01    2.1155538095e+03   -8.0467216094e+01    3.4486533177e+01   -2.0815573190e+01    3.0931409664e+00   -1.1642105789e+01   -5.1102678081e+01   -1.1370980300e+01    5.1553256782e+02    7.1654471900e-01    9.9654126214e-01
        81   -4.5969530635e+01    2.1144506403e+03   -8.0455630458e+01    3.4486099823e+01   -2.0711017902e+01    2.9086340747e+00   -1.1550568549e+01   -5.1102678081e+01   -1.1274366748e+01    5.1466914121e+02    7.0951668500e-01    9.9714250973e-01
        82   -4.5881808092e+01    2.1062989669e+03   -8.0178721449e+01    3.4296913357e+01   -2.0360113354e+01    2.8579792099e+00   -1.1573909224e+01   -5.1102678081e+01   -1.1300648980e+01    5.1538246790e+02    7.2031628100e-01    9.9666262136e-01
        83   -4.5909199018e+01    2.1088759933e+03   -7.9794229738e+01    3.3885030720e+01   -2.0438571765e+01    3.2734472134e+00   -1.1526427105e+01   -5.1102678081e+01   -1.1258565640e+01    5.1423068261e+02    7.1477770900e-01    9.9616974708e-01
        84   -4.5916762236e+01    2.1094759426e+03   -8.0015835852e+01    3.4099073616e+01   -2.0374193318e+01    3.1036624606e+00   -1.1642626913e+01   -5.1102678081e+01   -1.1372866392e+01    5.1532493843e+02    7.1618372700e-01    9.9593446602e-01
        85   -4.5931293627e+01    2.1109080979e+03   -7.9965302359e+01    3.4034008732e+01   -2.0132627377e+01    2.9097529304e+00   -1.1639749832e+01   -5.1102678081e+01   -1.1380142312e+01    5.1534658158e+02    7.1488626900e-01    9.9696601942e-01
        86   -4.5922552701e+01    2.1100380389e+03   -8.0061250370e+01    3.4138697670e+01   -2.0512282614e+01    3.2446403315e+00   -1.1690930007e+01   -5.1102678081e+01   -1.1433335519e+01    5.1537509630e+02    7.1815713000e-01    9.9751213592e-01
        87   -4.5899630181e+01    2.1079147174e+03   -7.9928865130e+01    3.4029234949e+01   -2.0287322071e+01    3.0806956895e+00   -1.1619560668e+01   -5.1102678081e+01   -1.1364801137e+01    5.1428723098e+02    7.1653062800e-01    9.9744649805e-01
        88   -4.5921180106e+01    2.1104395996e+03   -7.9713020832e+01    3.3791840727e+01   -2.0314908094e+01    3.3777655064e+00   -1.1673200163e+01   -5.1102678081e+01   -1.1417217520e+01    5.1318328503e+02    7.2177970300e-01    9.9664961014e-01
        89   -4.5897152414e+01    2.1076283740e+03   -7.9901540848e+01    3.4004388434e+01   -2.0274251883e+01    3.0615374819e+00   -1.1586148365e+01   -5.1102678081e+01   -1.1331460520e+01    5.1218697097e+02    8.0341190600e-01    9.9664306641e-01
        90   -4.5869164069e+01    2.1051051835e+03   -8.0053643591e+01    3.4184479523e+01   -2.0366954470e+01    3.0497464013e+00   -1.1633757442e+01   -5.1102678081e+01   -1.1376738334e+01    5.1014377536e+02    7.1265735800e-01    9.9669117647e-01
        91   -4.5893327901e+01    2.1071903393e+03   -7.9946164325e+01    3.4052836424e+01   -2.0289349276e+01    3.0908645588e+00   -1.1645001526e+01   -5.1102678081e+01   -1.1388117639e+01    5.1118613994e+02    7.0939742600e-01    9.9718688845e-01
        92   -4.5896741312e+01    2.1076798637e+03   -8.0018108599e+01    3.4121367287e+01   -2.0522136317e+01    3.1948967892e+00   -1.1588190990e+01   -5.1102678081e+01   -1.1321637574e+01    5.1323488987e+02    7.1397406200e-01    9.9640594542e-01
        93   -4.5918704002e+01    2.1097175378e+03   -7.9999259655e+01    3.4080555652e+01   -2.0502452291e+01    3.2259878980e+00   -1.1620117180e+01   -5.1102678081e+01   -1.1351685102e+01    5.1429960741e+02    7.1977764600e-01    9.9665612840e-01
        94   -4.5914041203e+01    2.1091945213e+03   -8.0206276138e+01    3.4292234935e+01   -2.0483788834e+01    2.9203184020e+00   -1.1540127625e+01   -5.1102678081e+01   -1.1275343343e+01    5.1430011560e+02    7.2139790900e-01    9.9610894942e-01
        95   -4.5877877773e+01    2.1059575720e+03   -8.0256771464e+01    3.4378893691e+01   -2.0756116441e+01    3.0708718653e+00   -1.1468848807e+01   -5.1102678081e+01   -1.1203794493e+01    5.1619018075e+02    7.2477868600e-01    9.9775920543e-01
        96   -4.5925284366e+01    2.1102518278e+03   -8.0285619798e+01    3.4360335432e+01   -2.0646329169e+01    2.9334848520e+00   -1.1470097400e+01   -5.1102678081e+01   -1.1206925808e+01    5.1620420577e+02    7.3053932900e-01    9.9679021318e-01
        97   -4.5894086482e+01    2.1073861926e+03   -8.0213025996e+01    3.4318939514e+01   -2.0650304990e+01    3.0473875770e+00   -1.1507430502e+01   -5.1102678081e+01   -1.1239704889e+01    5.1924674283e+02    7.4951321200e-01    9.9632707129e-01
        98   -4.5900908482e+01    2.1081325195e+03   -8.0266025042e+01    3.4365116560e+01   -2.0656030296e+01    3.0026212555e+00   -1.1509937920e+01   -5.1102678081e+01   -1.1237323274e+01    5.2012943669e+02    7.4958955200e-01    9.9717548077e-01
        99   -4.5914794281e+01    2.1094119265e+03   -8.0172087832e+01    3.4257293551e+01   -2.0533288677e+01    3.0848046997e+00   -1.1620925774e+01   -5.1102678081e+01   -1.1346430677e+01    5.2117301858e+02    8.5623884000e-01    9.9670105566e-01
       100   -4.5951339057e+01    2.1126816287e+03   -8.0050146505e+01    3.4098807448e+01   -2.0595491577e+01    3.2274445500e+00   -1.1579421397e+01   -5.1102678081e+01   -1.1306229949e+01    5.2331299553e+02    7.5236710700e-01    9.9629541109e-01
       101   -4.5892372249e+01    2.1073606065e+03   -7.9986754274e+01    3.4094382025e+01   -2.0660424814e+01    3.2888667402e+00   -1.1512518119e+01   -5.1102678081e+01   -1.1239091578e+01    5.2320597608e+02    8.1398719300e-01    9.9695267686e-01
       102   -4.5948041177e+01    2.1125000811e+03   -7.9750749005e+01    3.3802707828e+01   -2.0386269253e+01    3.2230595920e+00   -1.1484861262e+01   -5.1102678081e+01   -1.1217154763e+01    5.2223129131e+02    7.3781404000e-01    9.9730603448e-01
       103   -4.5921335672e+01    2.1098844711e+03   -7.9692321674e+01    3.3770986003e+01   -2.0355969613e+01    3.2658493321e+00   -1.1499523312e+01   -5.1102678081e+01   -1.1228317567e+01    5.2031209539e+02    7.2322654400e-01    9.9717548077e-01
       104   -4.5899204619e+01    2.1079143243e+03   -7.9865483051e+01    3.3966278432e+01   -2.0540331971e+01    3.2725824443e+00   -1.1495055443e+01   -5.1102678081e+01   -1.1224855952e+01    5.1916253970e+02    7.2085846600e-01    9.9704961464e-01
       105   -4.5922429137e+01    2.1099585799e+03   -8.0023614130e+01    3.4101184993e+01   -2.0848307179e+01    3.2732093668e+00   -1.1345838236e+01   -5.1102678081e+01   -1.1073893110e+01    5.1920314372e+02    7.2542908000e-01    9.9680876686e-01
       106   -4.5903718630e+01    2.1083752315e+03   -7.9952286420e+01    3.4048567790e+01   -2.0737551421e+01    3.2836033814e+00   -1.1395660299e+01   -5.1102678081e+01   -1.1122273890e+01    5.2117559850e+02    7.2613608900e-01    9.9664107486e-01
       107   -4.5958238042e+01    2.1134786686e+03   -8.0252028165e+01    3.4293790122e+01   -2.1135235343e+01    3.4144216189e+00   -1.1428536359e+01   -5.1102678081e+01   -1.1156125784e+01    5.2125874401e+02    7.2369765400e-01    9.9676103647e-01
       108   -4.5917603609e+01    2.1095861952e+03   -8.0374322190e+01    3.4456718581e+01   -2.1206616770e+01    3.3337566519e+00   -1.1398783990e+01   -5.1102678081e+01   -1.1127105985e+01    5.2127924527e+02    7.3002088800e-01    9.9682101727e-01
       109   -4.6014780554e+01    2.1186654778e+03   -8.0442496303e+01    3.4427715750e+01   -2.1380167444e+01    3.4074893345e+00   -1.1367140112e+01   -5.1102678081e+01   -1.1096321792e+01    5.2146601085e+02    8.4267735900e-01    9.9688099808e-01
       110   -4.6001059208e+01    2.1176385665e+03   -8.0417504199e+01    3.4416444991e+01   -2.1457004640e+01    3.5168582989e+00   -1.1374679777e+01   -5.1102678081e+01   -1.1108225867e+01    5.2368725264e+02    7.2894020200e-01    9.9743068834e-01
       111   -4.5973241953e+01    2.1149049884e+03   -8.0610306068e+01    3.4637064115e+01   -2.1134398025e+01    3.0533950544e+00   -1.1426625016e+01   -5.1102678081e+01   -1.1155543911e+01    5.2752914347e+02    7.5159960900e-01    9.9691650854e-01
       112   -4.6008475266e+01    2.1180989313e+03   -8.0488962800e+01    3.4480487534e+01   -2.1058660099e+01    2.9625833990e+00   -1.1290208019e+01   -5.1102678081e+01   -1.1019575036e+01    5.2846859222e+02    7.4531391400e-01    9.9668560606e-01
       113   -4.6006476636e+01    2.1179276531e+03   -8.0376210810e+01    3.4369734174e+01   -2.1032442543e+01    3.0805847992e+00   -1.1321674985e+01   -5.1102678081e+01   -1.1054454221e+01    5.2856740719e+02    7.4614625900e-01    9.9727746212e-01
       114   -4.6011378421e+01    2.1182787104e+03   -8.0322732531e+01    3.4311354110e+01   -2.1052248889e+01    3.1247791786e+00   -1.1292584739e+01   -5.1102678081e+01   -1.1025915371e+01    5.2757349433e+02    7.4146533900e-01    9.9750948767e-01
       115   -4.5957320869e+01    2.1132416622e+03   -8.0353575523e+01    3.4396254654e+01   -2.1005476830e+01    3.1773155855e+00   -1.1422736198e+01   -5.1102678081e+01   -1.1153400144e+01    5.2742475096e+02    7.4208829800e-01    9.9727229602e-01
       116   -4.5938897381e+01    2.1115932134e+03   -8.0450260354e+01    3.4511362973e+01   -2.0864148993e+01    2.9563438915e+00   -1.1439777172e+01   -5.1102678081e+01   -1.1170736599e+01    5.3024138133e+02    7.4118253100e-01    9.9640330189e-01
       117   -4.5943115706e+01    2.1119841638e+03   -8.0445543050e+01    3.4502427343e+01   -2.1031698808e+01    3.1120537112e+00   -1.1423219871e+01   -5.1102678081e+01   -1.1147673884e+01    5.3016944255e+02    7.3566214700e-01    9.9687500000e-01
       118   -4.5995071573e+01    2.1168062853e+03   -8.0207421968e+01    3.4212350395e+01   -2.0812283405e+01    3.1436496288e+00   -1.1436110111e+01   -5.1102678081e+01   -1.1156498153e+01    5.3231549677e+02    7.4683207500e-01    9.9682800752e-01
       119   -4.5959852981e+01    2.1136121394e+03   -8.0186104669e+01    3.4226251688e+01   -2.1017904644e+01    3.3518972638e+00   -1.1417419207e+01   -5.1102678081e+01   -1.1136539327e+01    5.3332734330e+02    8.5965209800e-01    9.9677532833e-01
       120   -4.5944699654e+01    2.1121333498e+03   -8.0202136187e+01    3.4257436532e+01   -2.1172526119e+01    3.5258502363e+00   -1.1452782223e+01   -5.1102678081e+01   -1.1177665281e+01    5.3416621337e+02    7.7593956500e-01    9.9643024345e-01
       121   -4.6002495729e+01    2.1175287455e+03   -7.9825092253e+01    3.3822596524e+01   -2.0815115695e+01    3.5389959173e+00   -1.1446294395e+01   -5.1102678081e+01   -1.1172439648e+01    5.3429155272e+02    7.7534089800e-01    9.9672284644e-01
       122   -4.5929082713e+01    2.1106695461e+03   -7.9959431546e+01    3.4030348834e+01   -2.1073105861e+01    3.5707272174e+00   -1.1354374822e+01   -5.1102678081e+01   -1.1079775799e+01    5.3624287345e+02    7.8405595000e-01    9.9702658582e-01
       123   -4.5914191866e+01    2.1092940270e+03   -7.9976937149e+01    3.4062745283e+01   -2.1226866216e+01    3.6843502558e+00   -1.1331743107e+01   -5.1102678081e+01   -1.1050266025e+01    5.3697905043e+02    7.8792072700e-01    9.9604283054e-01
       124   -4.5915910526e+01    2.1096612655e+03   -7.9962032680e+01    3.4046122154e+01   -2.1297813860e+01    3.7289399457e+00   -1.1290480685e+01   -5.1102678081e+01   -1.1011396283e+01    5.3692426746e+02    7.9755073000e-01    9.9703212291e-01
       125   -4.5881727081e+01    2.1065713734e+03   -8.0211533035e+01    3.4329805954e+01   -2.1583468856e+01    3.8037595549e+00   -1.1329145653e+01   -5.1102678081e+01   -1.1052807289e+01    5.3483740885e+02    7.6123890900e-01    9.9649532710e-01
       126   -4.5887298129e+01    2.1067965408e+03   -8.0509594212e+01    3.4622296083e+01   -2.1461941996e+01    3.4858319923e+00   -1.1430806127e+01   -5.1102678081e+01   -1.1152755193e+01    5.3279598438e+02    7.5790501400e-01    9.9700984991e-01
       127   -4.5879349173e+01    2.1062827060e+03   -8.0536056495e+01    3.4656707323e+01   -2.1491639693e+01    3.4062951960e+00   -1.1348033917e+01   -5.1102678081e+01   -1.1067949605e+01    5.3380076443e+02    7.5697416800e-01    9.9643024345e-01
       128   -4.5936747631e+01    2.1114906318e+03   -8.0374412789e+01    3.4437665158e+01   -2.1409287719e+01    3.5172763654e+00   -1.1379723354e+01   -5.1102678081e+01   -1.1100092691e+01    5.3390186182e+02    7.5882144100e-01    9.9672284644e-01
       129   -4.5936139444e+01    2.1115200719e+03   -8.0760108756e+01    3.4823969312e+01   -2.1796898254e+01    3.5114476160e+00   -1.1371980037e+01   -5.1102678081e+01   -1.1097699294e+01    5.3607372021e+02    8.4341712200e-01    9.9615205224e-01
       130   -4.5920280517e+01    2.1099096048e+03   -8.0770275121e+01    3.4849994604e+01   -2.1794020164e+01    3.4757853819e+00   -1.1349362258e+01   -5.1102678081e+01   -1.1075242574e+01    5.3700776458e+02    7.5896029500e-01    9.9714851024e-01
       131   -4.5968370246e+01    2.1144441874e+03   -8.0842318833e+01    3.4873948587e+01   -2.1751427627e+01    3.4176469300e+00   -1.1405860055e+01   -5.1102678081e+01   -1.1139054637e+01    5.3508196374e+02    7.4598184300e-01    9.9678738318e-01
       132   -4.5970463525e+01    2.1145661448e+03   -8.0785341545e+01    3.4814878020e+01   -2.1775651099e+01    3.4933941400e+00   -1.1400406505e+01   -5.1102678081e+01   -1.1128889103e+01    5.3523185736e+02    7.5677910700e-01    9.9684579439e-01
       133   -4.5887658600e+01    2.1069067499e+03   -8.0385133873e+01    3.4497475273e+01   -2.1379057073e+01    3.5135541339e+00   -1.1416952852e+01   -5.1102678081e+01   -1.1138970725e+01    5.3401099760e+02    7.5415270000e-01    9.9666432584e-01
       134   -4.5893674065e+01    2.1074730793e+03   -8.0352260941e+01    3.4458586876e+01   -2.1278059319e+01    3.5087859091e+00   -1.1480309451e+01   -5.1102678081e+01   -1.1197329628e+01    5.3082006535e+02    7.5185464400e-01    9.9735169492e-01
       135   -4.5905556776e+01    2.1088845605e+03   -8.0668904126e+01    3.4763347349e+01   -2.1544933041e+01    3.4321326308e+00   -1.1453425635e+01   -5.1102678081e+01   -1.1173643201e+01    5.2988270735e+02    7.4910835700e-01    9.9557783019e-01
       136   -4.5909091164e+01    2.1090964776e+03   -8.0740542625e+01    3.4831451460e+01   -2.1767571668e+01    3.5441977937e+00   -1.1414490669e+01   -5.1102678081e+01   -1.1134301064e+01    5.3296804261e+02    7.7066171400e-01    9.9659943715e-01
       137   -4.5952534362e+01    2.1132874201e+03   -8.0631283409e+01    3.4678749047e+01   -2.1987624467e+01    3.8656373796e+00   -1.1406618241e+01   -5.1102678081e+01   -1.1126528009e+01    5.3603735663e+02    7.7446198200e-01    9.9580223881e-01
       138   -4.5968437940e+01    2.1146208223e+03   -8.1065204830e+01    3.5096766891e+01   -2.1855728264e+01    3.2951470787e+00   -1.1401945564e+01   -5.1102678081e+01   -1.1119497099e+01    5.3413903001e+02    7.4896841600e-01    9.9631320225e-01
       139   -4.5852029751e+01    2.1036154638e+03   -8.0904323098e+01    3.5052293346e+01   -2.1549901762e+01    3.1808409963e+00   -1.1432584251e+01   -5.1102678081e+01   -1.1153994553e+01    5.3491253475e+02    8.6105102300e-01    9.9707943925e-01
       140   -4.5910270245e+01    2.1092422478e+03   -8.0473046697e+01    3.4562776452e+01   -2.1270787837e+01    3.3796403465e+00   -1.1479221125e+01   -5.1102678081e+01   -1.1191754049e+01    5.3274433646e+02    7.9160140900e-01    9.9636491557e-01
       141   -4.5899704604e+01    2.1079397242e+03   -8.0465386752e+01    3.4565682148e+01   -2.1219622528e+01    3.3580688905e+00   -1.1501155033e+01   -5.1102678081e+01   -1.1211983172e+01    5.3388802081e+02    7.6897963200e-01    9.9760065543e-01
       142   -4.5921927915e+01    2.1105196787e+03   -8.0535026523e+01    3.4613098608e+01   -2.1551449995e+01    3.6197133610e+00   -1.1500611807e+01   -5.1102678081e+01   -1.1210782642e+01    5.3387862738e+02    7.6294012200e-01    9.9695692884e-01
       143   -4.5892141430e+01    2.1074371445e+03   -8.0319063999e+01    3.4426922569e+01   -2.1353714904e+01    3.5456484050e+00   -1.1408319419e+01   -5.1102678081e+01   -1.1117501559e+01    5.3388140397e+02    7.7598307200e-01    9.9730805243e-01
       144   -4.5848310582e+01    2.1032194206e+03   -8.0171808132e+01    3.4323497550e+01   -2.1190976402e+01    3.6285972120e+00   -1.1506750861e+01   -5.1102678081e+01   -1.1220675409e+01    5.2970209718e+02    7.7088116400e-01    9.9669811321e-01
       145   -4.5861900053e+01    2.1044860418e+03   -8.0308151452e+01    3.4446251399e+01   -2.1445933714e+01    3.6208312782e+00   -1.1380370936e+01   -5.1102678081e+01   -1.1099481860e+01    5.2864629104e+02    7.6535276100e-01    9.9651465028e-01
       146   -4.5847579132e+01    2.1032479236e+03   -8.0417828522e+01    3.4570249390e+01   -2.1330905935e+01    3.5017665505e+00   -1.1486011057e+01   -5.1102678081e+01   -1.1217737678e+01    5.2965382837e+02    7.7037784000e-01    9.9628537736e-01
       147   -4.5877500040e+01    2.1060429913e+03   -8.0327752692e+01    3.4450252652e+01   -2.1291243506e+01    3.4678404710e+00   -1.1401671577e+01   -5.1102678081e+01   -1.1125850630e+01    5.3073365224e+02    7.7095448400e-01    9.9752824859e-01
       148   -4.5848681309e+01    2.1033061700e+03   -8.0508587331e+01    3.4659906022e+01   -2.1332117970e+01    3.3866610314e+00   -1.1460452311e+01   -5.1102678081e+01   -1.1184383449e+01    5.3068318210e+02    7.5013976500e-01    9.9717514124e-01
       149   -4.5893058008e+01    2.1073070213e+03   -8.0480916380e+01    3.4587858372e+01   -2.1337276865e+01    3.2972677646e+00   -1.1338229199e+01   -5.1102678081e+01   -1.1059290270e+01    5.2974571304e+02    8.6317972500e-01    9.9722877358e-01
       150   -4.5855689239e+01    2.1037704622e+03   -8.0524292299e+01    3.4668603061e+01   -2.1464364634e+01    3.3239412620e+00   -1.1281190846e+01   -5.1102678081e+01   -1.1008070985e+01    5.2975757274e+02    7.4398046600e-01    9.9658018868e-01
       151   -4.5879851924e+01    2.1061295403e+03   -8.0259991480e+01    3.4380139557e+01   -2.1257065627e+01    3.4868805347e+00   -1.1387128307e+01   -5.1102678081e+01   -1.1122496803e+01    5.2573276507e+02    7.4130727900e-01    9.9738593156e-01
       152   -4.5854825939e+01    2.1039079338e+03   -8.0060129794e+01    3.4205303855e+01   -2.1072868666e+01    3.5220868172e+00   -1.1406669864e+01   -5.1102678081e+01   -1.1140366932e+01    5.2376792747e+02    7.3650179000e-01    9.9719704198e-01
       153   -4.5906397782e+01    2.1087609959e+03   -8.0022672077e+01    3.4116274295e+01   -2.1061207517e+01    3.5608941808e+00   -1.1419680660e+01   -5.1102678081e+01   -1.1155191248e+01    5.2487515630e+02    7.3499102200e-01    9.9619047619e-01
       154   -4.5858961870e+01    2.1042909851e+03   -8.0213189404e+01    3.4354227534e+01   -2.1099805771e+01    3.4078427860e+00   -1.1418548337e+01   -5.1102678081e+01   -1.1159924334e+01    5.2186296461e+02    7.3232257300e-01    9.9640804598e-01
       155   -4.5872722652e+01    2.1056621541e+03   -8.0276028485e+01    3.4403305834e+01   -2.1022427829e+01    3.2734617146e+00   -1.1424384290e+01   -5.1102678081e+01   -1.1165099434e+01    5.2079740161e+02    7.4052096800e-01    9.9688099808e-01
       156   -4.5842879246e+01    2.1029999393e+03   -8.0619554875e+01    3.4776675629e+01   -2.1186304088e+01    3.1846270498e+00   -1.1515199755e+01   -5.1102678081e+01   -1.1255135461e+01    5.2176463499e+02    7.3129503500e-01    9.9670737548e-01
       157   -4.5883384577e+01    2.1065263413e+03   -8.0574641351e+01    3.4691256774e+01   -2.1107828660e+01    3.1484714716e+00   -1.1512606082e+01   -5.1102678081e+01   -1.1252739523e+01    5.2380534927e+02    7.3808988300e-01    9.9731631679e-01
       158   -4.5875402271e+01    2.1060119523e+03   -8.0405034623e+01    3.4529632351e+01   -2.0985996609e+01    3.2372307307e+00   -1.1553590664e+01   -5.1102678081e+01   -1.1286351065e+01    5.2386328907e+02    7.3837300200e-01    9.9671994275e-01
       159   -4.5869040481e+01    2.1052373551e+03   -8.0639330999e+01    3.4770290518e+01   -2.1118296100e+01    3.1818709678e+00   -1.1600227786e+01   -5.1102678081e+01   -1.1337499831e+01    5.2182843033e+02    8.2810762300e-01    9.9670737548e-01
       160   -4.5882773758e+01    2.1064827984e+03   -8.0431483962e+01    3.4548710205e+01   -2.0829605349e+01    3.1105063300e+00   -1.1609706863e+01   -5.1102678081e+01   -1.1344206323e+01    5.2187748605e+02    7.3408020100e-01    9.9730603448e-01
       161   -4.5883324201e+01    2.1064922185e+03   -8.0631500840e+01    3.4748176640e+01   -2.0770460380e+01    2.8167136818e+00   -1.1575076061e+01   -5.1102678081e+01   -1.1310526895e+01    5.1789955012e+02    7.2362003100e-01    9.9722490347e-01
       162   -4.5885461161e+01    2.1066990196e+03   -8.0608259875e+01    3.4722798714e+01   -2.0834013245e+01    2.9188091235e+00   -1.1590377673e+01   -5.1102678081e+01   -1.1318802506e+01    5.1793555228e+02    7.2336155400e-01    9.9746621622e-01
       163   -4.5854904827e+01    2.1038535522e+03   -8.0753813512e+01    3.4898908685e+01   -2.0946571618e+01    2.8200324412e+00   -1.1524596254e+01   -5.1102678081e+01   -1.1252578364e+01    5.1787260103e+02    7.2719022000e-01    9.9698359073e-01
       164   -4.5887808282e+01    2.1068851160e+03   -8.0652954479e+01    3.4765146197e+01   -2.0897581389e+01    2.9067766568e+00   -1.1559471666e+01   -5.1102678081e+01   -1.1294321408e+01    5.1589913441e+02    7.3005338000e-01    9.9751695736e-01
       165   -4.5816362756e+01    2.1003499183e+03   -8.0934548032e+01    3.5118185276e+01   -2.1076478063e+01    2.8372925780e+00   -1.1592684465e+01   -5.1102678081e+01   -1.1322175013e+01    5.1583943891e+02    7.4622254200e-01    9.9679021318e-01
       166   -4.5820870173e+01    2.1007696773e+03   -8.0788529717e+01    3.4967659544e+01   -2.1031882145e+01    2.9738837863e+00   -1.1627853277e+01   -5.1102678081e+01   -1.1355443819e+01    5.1162625265e+02    7.5207958000e-01    9.9615478516e-01
       167   -4.5882503763e+01    2.1071654346e+03   -8.0430326198e+01    3.4547822435e+01   -2.1069667971e+01    3.3655392131e+00   -1.1623519359e+01   -5.1102678081e+01   -1.1344698394e+01    5.0976064019e+02    7.3362845700e-01    9.9748774510e-01
       168   -4.5892997585e+01    2.1073195687e+03   -8.0566729581e+01    3.4673731996e+01   -2.1048614895e+01    3.2021291004e+00   -1.1617565706e+01   -5.1102678081e+01   -1.1338015569e+01    5.1094243180e+02    7.3821741800e-01    9.9620841487e-01
       169   -4.5920638646e+01    2.1098706558e+03   -8.0387547306e+01    3.4466908659e+01   -2.1021493331e+01    3.3091915594e+00   -1.1572567453e+01   -5.1102678081e+01   -1.1293351624e+01    5.1113354075e+02    8.3731899800e-01    9.9681996086e-01
       170   -4.5951153388e+01    2.1127035555e+03   -8.0274438741e+01    3.4323285353e+01   -2.0917780473e+01    3.3421054889e+00   -1.1596085676e+01   -5.1102678081e+01   -1.1323142043e+01    5.0928517639e+02    7.4186534900e-01    9.9729862475e-01
       171   -4.5886086641e+01    2.1066885470e+03   -8.0253894474e+01    3.4367807833e+01   -2.0723860672e+01    3.1944773549e+00   -1.1621833076e+01   -5.1102678081e+01   -1.1348867660e+01    5.0722786127e+02    7.2000749500e-01    9.9630177515e-01
       172   -4.5872140462e+01    2.1054509098e+03   -8.0282611384e+01    3.4410470923e+01   -2.0740354279e+01    3.1247458247e+00   -1.1564324849e+01   -5.1102678081e+01   -1.1290937789e+01    5.0704133716e+02    7.2210963600e-01    9.9759615385e-01
       173   -4.5861119683e+01    2.1044959614e+03   -8.0174953660e+01    3.4313833977e+01   -2.0573656468e+01    3.1386238924e+00   -1.1637243003e+01   -5.1102678081e+01   -1.1367219447e+01    5.0794984406e+02    7.1931099700e-01    9.9667814961e-01
       174   -4.5845325430e+01    2.1029745586e+03   -7.9747826486e+01    3.3902501056e+01   -2.0354691130e+01    3.3483516829e+00   -1.1638808958e+01   -5.1102678081e+01   -1.1372197149e+01    5.0990314478e+02    7.1742461500e-01    9.9730392157e-01
       175   -4.5846875230e+01    2.1030456157e+03   -7.9674592254e+01    3.3827717024e+01   -2.0403519267e+01    3.4687681028e+00   -1.1637163009e+01   -5.1102678081e+01   -1.1375354969e+01    5.0781364037e+02    7.0948724800e-01    9.9686269685e-01
       176   -4.5893816315e+01    2.1072748042e+03   -7.9802566427e+01    3.3908750112e+01   -2.0269393384e+01    3.2288277171e+00   -1.1659322679e+01   -5.1102678081e+01   -1.1402699144e+01    5.0500144465e+02    7.0165266600e-01    9.9616336634e-01
       177   -4.5861808421e+01    2.1043072729e+03   -7.9774650982e+01    3.3912842561e+01   -2.0452767001e+01    3.3208448323e+00   -1.1540050732e+01   -5.1102678081e+01   -1.1286029754e+01    5.0805963835e+02    7.2061330600e-01    9.9729330709e-01
       178   -4.5908866888e+01    2.1086773288e+03   -8.0057067042e+01    3.4148200154e+01   -2.0530387250e+01    3.2646034411e+00   -1.1688605152e+01   -5.1102678081e+01   -1.1426511098e+01    5.1105992107e+02    7.2572199700e-01    9.9694227006e-01
       179   -4.5949575200e+01    2.1124380670e+03   -7.9810953916e+01    3.3861378716e+01   -2.0377245898e+01    3.2732726271e+00   -1.1604302563e+01   -5.1102678081e+01   -1.1343912475e+01    5.1424842552e+02    8.2309792100e-01    9.9683852140e-01
       180   -4.5930115071e+01    2.1106439564e+03   -7.9874409558e+01    3.3944294487e+01   -2.0481709395e+01    3.3261818933e+00   -1.1616203975e+01   -5.1102678081e+01   -1.1359117622e+01    5.1326049105e+02    7.5156947500e-01    9.9610136452e-01
       181   -4.5918530621e+01    2.1096727166e+03   -7.9668405909e+01    3.3749875288e+01   -2.0509790528e+01    3.5416043989e+00   -1.1597541699e+01   -5.1102678081e+01   -1.1338697217e+01    5.1218819912e+02    7.2307431500e-01    9.9713134766e-01
       182   -4.5867801579e+01    2.1050075068e+03   -7.9812200455e+01    3.3944398877e+01   -2.0439915249e+01    3.3081793500e+00   -1.1577786475e+01   -5.1102678081e+01   -1.1320046877e+01    5.1104348527e+02    7.1369224600e-01    9.9639187867e-01
       183   -4.5929957127e+01    2.1106990885e+03   -7.9742884977e+01    3.3812927849e+01   -2.0300736965e+01    3.2071786417e+00   -1.1546648572e+01   -5.1102678081e+01   -1.1291305842e+01    5.1208040499e+02    7.1307184200e-01    9.9652099609e-01
       184   -4.5931008759e+01    2.1108142722e+03   -7.9747738124e+01    3.3816729365e+01   -2.0455878043e+01    3.3818358072e+00   -1.1571017808e+01   -5.1102678081e+01   -1.1311483460e+01    5.1323066108e+02    7.1458101600e-01    9.9597953216e-01
       185   -4.5908632157e+01    2.1087039103e+03   -7.9772678571e+01    3.3864046414e+01   -2.0396614622e+01    3.2988840482e+00   -1.1572269916e+01   -5.1102678081e+01   -1.1307476139e+01    5.1117307847e+02    7.0795436200e-01    9.9633072407e-01
       186   -4.5871081746e+01    2.1052398187e+03   -7.9761843176e+01    3.3890761431e+01   -2.0438326421e+01    3.3936426382e+00   -1.1614481313e+01   -5.1102678081e+01   -1.1349046551e+01    5.1103031359e+02    7.1500917000e-01    9.9712573386e-01
       187   -4.5860891955e+01    2.1045773660e+03   -7.9737656538e+01    3.3876764583e+01   -2.0537853631e+01    3.5265676466e+00   -1.1623692472e+01   -5.1102678081e+01   -1.1356697514e+01    5.0991553774e+02    7.1530738700e-01    9.9754901961e-01
       188   -4.5868199198e+01    2.1050231281e+03   -7.9756558218e+01    3.3888359020e+01   -2.0605352434e+01    3.4564130610e+00   -1.1504940763e+01   -5.1102678081e+01   -1.1236380946e+01    5.0892010528e+02    7.1498472600e-01    9.9723722986e-01
       189   -4.5824456117e+01    2.1009770390e+03   -7.9836386847e+01    3.4011930730e+01   -2.0740393113e+01    3.6170983600e+00   -1.1610414013e+01   -5.1102678081e+01   -1.1340017218e+01    5.0682925320e+02    8.2381847500e-01    9.9710305720e-01
       190   -4.5859119696e+01    2.1042669681e+03   -7.9877466131e+01    3.4018346435e+01   -2.0880514759e+01    3.6338407749e+00   -1.1528114066e+01   -5.1102678081e+01   -1.1263687838e+01    5.0683388087e+02    7.2934058800e-01    9.9691814596e-01
       191   -4.5886242068e+01    2.1067307543e+03   -7.9760282818e+01    3.3874040750e+01   -2.0824121824e+01    3.7340654785e+00   -1.1567548392e+01   -5.1102678081e+01   -1.1308211615e+01    5.0399997546e+02    7.2507739400e-01    9.9689980159e-01
       192   -4.5831202616e+01    2.1017559461e+03   -7.9652719679e+01    3.3821517063e+01   -2.0644321785e+01    3.6174960926e+00   -1.1523215906e+01   -5.1102678081e+01   -1.1266743746e+01    5.0195759104e+02    7.2401352600e-01    9.9750996016e-01
       193   -4.5833418357e+01    2.1020830884e+03   -7.9680452328e+01    3.3847033972e+01   -2.0716190639e+01    3.6570336317e+00   -1.1518617240e+01   -5.1102678081e+01   -1.1261132615e+01    5.0483632049e+02    7.3585513700e-01    9.9665841584e-01
       194   -4.5877503079e+01    2.1060318900e+03   -7.9309907904e+01    3.3432404824e+01   -2.0419469829e+01    3.6577816516e+00   -1.1445541646e+01   -5.1102678081e+01   -1.1183491754e+01    5.0494059011e+02    7.4241604300e-01    9.9616336634e-01
       195   -4.5931441010e+01    2.1110117006e+03   -7.9248163231e+01    3.3316722221e+01   -2.0370664679e+01    3.6396014322e+00   -1.1414421903e+01   -5.1102678081e+01   -1.1149082645e+01    4.9919964776e+02    7.0189242800e-01    9.9611723447e-01
       196   -4.5881158684e+01    2.1064497197e+03   -7.9452480943e+01    3.3571322260e+01   -2.0623516932e+01    3.6462643233e+00   -1.1372550253e+01   -5.1102678081e+01   -1.1108053921e+01    4.9623868518e+02    6.9680532100e-01    9.9697580645e-01
       197   -4.5916981515e+01    2.1097918803e+03   -7.9972756808e+01    3.4055775293e+01   -2.0722437572e+01    3.2729908358e+00   -1.1420631991e+01   -5.1102678081e+01   -1.1158681457e+01    4.9524097559e+02    6.9246727600e-01    9.9684343434e-01
       198   -4.5897536102e+01    2.1076859829e+03   -8.0149861380e+01    3.4252325278e+01   -2.0696510523e+01    3.1476527110e+00   -1.1498325487e+01   -5.1102678081e+01   -1.1238780425e+01    4.9427745133e+02    6.8855676400e-01    9.9620445344e-01
       199   -4.5912959313e+01    2.1091930718e+03   -7.9774287891e+01    3.3861328578e+01   -2.0373639733e+01    3.3592010957e+00   -1.1657171172e+01   -5.1102678081e+01   -1.1397994691e+01    4.9428630976e+02    7.8690186200e-01    9.9645748988e-01
       200   -4.5902320231e+01    2.1081787461e+03   -7.9707193333e+01    3.3804873101e+01   -2.0391612678e+01    3.4438051704e+00   -1.1656707744e+01   -5.1102678081e+01   -1.1400952415e+01    4.9130522183e+02    6.8501547000e-01    9.9675407332e-01
       201   -4.5921388557e+01    2.1099231041e+03   -7.9599983007e+01    3.3678594450e+01   -2.0427331525e+01    3.4792777462e+00   -1.1549251148e+01   -5.1102678081e+01   -1.1289566029e+01    4.9134226402e+02    6.8825588500e-01    9.9713594705e-01
       202   -4.5927603632e+01    2.1104748839e+03   -7.9789932356e+01    3.3862328723e+01   -2.0607543626e+01    3.5139885320e+00   -1.1593699180e+01   -5.1102678081e+01   -1.1332109488e+01    4.9139391689e+02    6.8514608600e-01    9.9643584521e-01
       203   -4.5962290371e+01    2.1136571364e+03   -7.9888708709e+01    3.3926418339e+01   -2.0388637696e+01    3.3242980900e+00   -1.1721691022e+01   -5.1102678081e+01   -1.1460564738e+01    4.9149936991e+02    6.9024483600e-01    9.9643584521e-01
       204   -4.5979702152e+01    2.1154398608e+03   -7.9772154970e+01    3.3792452818e+01   -2.0352717204e+01    3.3729122627e+00   -1.1689671947e+01   -5.1102678081e+01   -1.1419364385e+01    4.8863855074e+02    6.8864544600e-01    9.9667008197e-01
       205   -4.5941486382e+01    2.1117863363e+03   -8.0007353089e+01    3.4065866708e+01   -2.0352574747e+01    3.2368148753e+00   -1.1788915137e+01   -5.1102678081e+01   -1.1515071588e+01    4.8959365561e+02    6.8639355600e-01    9.9680470348e-01
       206   -4.5945883624e+01    2.1121889917e+03   -7.9964057858e+01    3.4018174234e+01   -2.0611124176e+01    3.5307699133e+00   -1.1781025514e+01   -5.1102678081e+01   -1.1512201386e+01    4.9354439686e+02    6.8907560200e-01    9.9657707911e-01
       207   -4.5946950214e+01    2.1122345229e+03   -8.0329050937e+01    3.4382100723e+01   -2.0773870465e+01    3.3345631834e+00   -1.1787065575e+01   -5.1102678081e+01   -1.1517734337e+01    4.9447137452e+02    6.8675643600e-01    9.9569838057e-01
       208   -4.5896485309e+01    2.1075628282e+03   -8.0384965596e+01    3.4488480286e+01   -2.0703726200e+01    3.2153523390e+00   -1.1793913653e+01   -5.1102678081e+01   -1.1525670461e+01    4.9332611123e+02    6.8353221300e-01    9.9670385396e-01
       209   -4.5914765987e+01    2.1092014151e+03   -7.9984678618e+01    3.4069912631e+01   -2.0470110365e+01    3.3341193095e+00   -1.1746009482e+01   -5.1102678081e+01   -1.1484714396e+01    4.9430732702e+02    7.7955296900e-01    9.9740637652e-01
       210   -4.5904470266e+01    2.1085531387e+03   -7.9899009514e+01    3.3994539248e+01   -2.0471396343e+01    3.4409940085e+00   -1.1765929098e+01   -5.1102678081e+01   -1.1503041377e+01    4.9528612614e+02    6.9886948900e-01    9.9684343434e-01
       211   -4.5879290626e+01    2.1059855384e+03   -8.0254961852e+01    3.4375671227e+01   -2.0495844892e+01    3.0574092821e+00   -1.1713848161e+01   -5.1102678081e+01   -1.1448305282e+01    4.9319936347e+02    6.9569758600e-01    9.9689401623e-01
       212   -4.5873290449e+01    2.1054848474e+03   -8.0462159824e+01    3.4588869375e+01   -2.0695718821e+01    2.9409600194e+00   -1.1604722941e+01   -5.1102678081e+01   -1.1335516470e+01    4.9614227812e+02    6.9923552300e-01    9.9666078629e-01
       213   -4.5933264793e+01    2.1112159814e+03   -8.0592190475e+01    3.4658925682e+01   -2.0866583585e+01    3.0788860368e+00   -1.1701814846e+01   -5.1102678081e+01   -1.1434887109e+01    4.9324864485e+02    6.8644060200e-01    9.9670385396e-01
       214   -4.5881370116e+01    2.1065322476e+03   -8.0865256513e+01    3.4983886397e+01   -2.1166410473e+01    3.0259446576e+00   -1.1622112616e+01   -5.1102678081e+01   -1.1351877885e+01    4.9426577167e+02    7.0938752500e-01    9.9633097166e-01
       215   -4.5924295070e+01    2.1107115639e+03   -8.0460116559e+01    3.4535821489e+01   -2.1015629964e+01    3.3060379509e+00   -1.1647846465e+01   -5.1102678081e+01   -1.1377148525e+01    4.9623699464e+02    7.0704861600e-01    9.9647177419e-01
       216   -4.5965345209e+01    2.1145656894e+03   -8.0320287288e+01    3.4354942078e+01   -2.0814178343e+01    3.1993199525e+00   -1.1602750816e+01   -5.1102678081e+01   -1.1331439881e+01    4.9540864192e+02    7.0348371900e-01    9.9608585859e-01
       217   -4.5918129370e+01    2.1104750170e+03   -8.0257902031e+01    3.4339772661e+01   -2.0913855887e+01    3.3522825668e+00   -1.1593650631e+01   -5.1102678081e+01   -1.1324078723e+01    4.9539193575e+02    7.1151204200e-01    9.9633838384e-01
       218   -4.5936998857e+01    2.1113247444e+03   -8.0066112148e+01    3.4129113292e+01   -2.0797099825e+01    3.4291634452e+00   -1.1595497688e+01   -5.1102678081e+01   -1.1327062036e+01    4.9533487070e+02    7.0375953400e-01    9.9640151515e-01
       219   -4.5942318276e+01    2.1119115675e+03   -8.0390524041e+01    3.4448205765e+01   -2.0854476712e+01    3.2018284118e+00   -1.1635197660e+01   -5.1102678081e+01   -1.1368339526e+01    4.9740300029e+02    8.0714512200e-01    9.9591297787e-01
       220   -4.5917474819e+01    2.1096610206e+03   -8.0061119681e+01    3.4143644862e+01   -2.0713893465e+01    3.4376236480e+00   -1.1682171783e+01   -5.1102678081e+01   -1.1417703733e+01    4.9833989690e+02    6.9007567900e-01    9.9667419679e-01
       221   -4.5921872464e+01    2.1099485242e+03   -8.0129164066e+01    3.4207291603e+01   -2.0865156436e+01    3.5120845906e+00   -1.1673414139e+01   -5.1102678081e+01   -1.1408718090e+01    4.9931193116e+02    6.9582221500e-01    9.9724448898e-01
       222   -4.5986420890e+01    2.1161855687e+03   -8.0171906978e+01    3.4185486087e+01   -2.0896595638e+01    3.5197964029e+00   -1.1692429662e+01   -5.1102678081e+01   -1.1434747630e+01    5.0348702749e+02    7.0981613200e-01    9.9807405567e-01
       223   -4.5996783044e+01    2.1169185641e+03   -8.0648396711e+01    3.4651613667e+01   -2.1174535787e+01    3.3271046656e+00   -1.1698287509e+01   -5.1102678081e+01   -1.1444883542e+01    5.0261978791e+02    7.6606719700e-01    9.9701195219e-01
       224   -4.5956569857e+01    2.1132582009e+03   -8.0581252413e+01    3.4624682556e+01   -2.1194153728e+01    3.3368865062e+00   -1.1621307109e+01   -5.1102678081e+01   -1.1367110765e+01    5.0152842170e+02    7.0605253400e-01    9.9688123752e-01
       225   -4.5969151453e+01    2.1145106010e+03   -8.0512162180e+01    3.4543010726e+01   -2.1348544301e+01    3.5300856328e+00   -1.1591025431e+01   -5.1102678081e+01   -1.1337969659e+01    5.0449749655e+02    7.0425191700e-01    9.9634176587e-01
       226   -4.5939208001e+01    2.1115365232e+03   -8.0595153281e+01    3.4655945280e+01   -2.1081065381e+01    3.2171853240e+00   -1.1628595143e+01   -5.1102678081e+01   -1.1378472016e+01    5.0540167599e+02    7.1760254500e-01    9.9672029703e-01
       227   -4.5931504421e+01    2.1108261761e+03   -8.0452199305e+01    3.4520694885e+01   -2.1064478889e+01    3.4254426569e+00   -1.1710484993e+01   -5.1102678081e+01   -1.1462748322e+01    5.0429871871e+02    7.1693612600e-01    9.9696180556e-01
       228   -4.5912096030e+01    2.1091096368e+03   -8.0618363363e+01    3.4706267333e+01   -2.0989593500e+01    3.1723169020e+00   -1.1698408684e+01   -5.1102678081e+01   -1.1453448327e+01    5.0424893952e+02    7.1145423500e-01    9.9696180556e-01
       229   -4.5992101766e+01    2.1166433716e+03   -8.0530518622e+01    3.4538416856e+01   -2.1050463680e+01    3.2742018683e+00   -1.1651578729e+01   -5.1102678081e+01   -1.1405271785e+01    5.0438573360e+02    8.0827293100e-01    9.9683779762e-01
       230   -4.5955786872e+01    2.1129701728e+03   -8.0824155674e+01    3.4868368802e+01   -2.1283422923e+01    3.2176726596e+00   -1.1655727329e+01   -5.1102678081e+01   -1.1405450893e+01    5.0054641885e+02    6.9211603500e-01    9.9643750000e-01
       231   -4.5954463933e+01    2.1128722703e+03   -8.0664377008e+01    3.4709913075e+01   -2.1273047329e+01    3.3716482952e+00   -1.1660299893e+01   -5.1102678081e+01   -1.1402564996e+01    4.9941267778e+02    6.9489406500e-01    9.9611723447e-01
       232   -4.5868573942e+01    2.1051479784e+03   -8.0820788294e+01    3.4952214352e+01   -2.1180861937e+01    3.2618775533e+00   -1.1799125829e+01   -5.1102678081e+01   -1.1546080353e+01    5.0021359159e+02    6.9451376300e-01    9.9693750000e-01
       233   -4.5874584405e+01    2.1058282834e+03   -8.0418334710e+01    3.4543750305e+01   -2.1134787617e+01    3.4741368919e+00   -1.1655005904e+01   -5.1102678081e+01   -1.1399859322e+01    5.0101547819e+02    6.9318068100e-01    9.9744261477e-01
       234   -4.5945834342e+01    2.1122190278e+03   -8.0369859160e+01    3.4424024818e+01   -2.1060799627e+01    3.4505034180e+00   -1.1656884870e+01   -5.1102678081e+01   -1.1397798560e+01    5.0320152500e+02    6.9642820600e-01    9.9739065606e-01
       235   -4.6000633223e+01    2.1173403510e+03   -8.0452897441e+01    3.4452264218e+01   -2.1227424770e+01    3.4705856782e+00   -1.1593380268e+01   -5.1102678081e+01   -1.1328664094e+01    5.0649219623e+02    6.9707942400e-01    9.9610918972e-01
       236   -4.5942157515e+01    2.1120304563e+03   -8.0640535887e+01    3.4698378371e+01   -2.1213447934e+01    3.2476957505e+00   -1.1572105622e+01   -5.1102678081e+01   -1.1316823591e+01    5.0847667349e+02    7.1013213600e-01    9.9686269685e-01
       237   -4.5937777423e+01    2.1115005983e+03   -8.0387042545e+01    3.4449265121e+01   -2.1200768622e+01    3.5019300684e+00   -1.1585525910e+01   -5.1102678081e+01   -1.1339470249e+01    5.0632900182e+02    7.0396086700e-01    9.9722084980e-01
       238   -4.5902960098e+01    2.1082010839e+03   -8.0575238445e+01    3.4672278347e+01   -2.1489166322e+01    3.6647425550e+00   -1.1648136597e+01   -5.1102678081e+01   -1.1399450077e+01    5.0920162177e+02    7.2028961400e-01    9.9686886051e-01
       239   -4.5912758353e+01    2.1094589263e+03   -8.0813663832e+01    3.4900905480e+01   -2.1458709410e+01    3.3074360499e+00   -1.1559712391e+01   -5.1102678081e+01   -1.1308939929e+01    5.0911076736e+02    8.2763494700e-01    9.9699165029e-01
       240   -4.5916666346e+01    2.1096115866e+03   -8.0973747814e+01    3.5057081468e+01   -2.1506197067e+01    3.2881507660e+00   -1.1653023432e+01   -5.1102678081e+01   -1.1400122888e+01    5.1012920600e+02    7.3403758400e-01    9.9730392157e-01
       241   -4.5874691550e+01    2.1056964288e+03   -8.0935813815e+01    3.5061122265e+01   -2.1415811825e+01    3.3305951850e+00   -1.1747919093e+01   -5.1102678081e+01   -1.1488430066e+01    5.1002608449e+02    7.3028604900e-01    9.9644607843e-01
       242   -4.5872859277e+01    2.1054958007e+03   -8.0659336624e+01    3.4786477347e+01   -2.1152993044e+01    3.3037944050e+00   -1.1707459904e+01   -5.1102678081e+01   -1.1448096661e+01    5.0993336043e+02    7.3019051300e-01    9.9626225490e-01
       243   -4.5861908663e+01    2.1045602470e+03   -8.0627747610e+01    3.4765838947e+01   -2.1268045514e+01    3.4014048480e+00   -1.1658428864e+01   -5.1102678081e+01   -1.1395688542e+01    5.0989381940e+02    7.3626421400e-01    9.9687500000e-01
       244   -4.5841394897e+01    2.1024265229e+03   -8.0537751651e+01    3.4696356754e+01   -2.1076695910e+01    3.2274559388e+00   -1.1585833598e+01   -5.1102678081e+01   -1.1318872699e+01    5.0979205818e+02    7.1264456700e-01    9.9644607843e-01
       245   -4.5899295095e+01    2.1079125701e+03   -8.0242273803e+01    3.4342978709e+01   -2.0973407237e+01    3.3732797215e+00   -1.1539468207e+01   -5.1102678081e+01   -1.1278810288e+01    5.1089796512e+02    7.1359028500e-01    9.9657534247e-01
       246   -4.5889349035e+01    2.1072445566e+03   -8.0530410154e+01    3.4641061119e+01   -2.1231292705e+01    3.4556657932e+00   -1.1652105161e+01   -5.1102678081e+01   -1.1392422867e+01    5.1102922527e+02    7.1751954800e-01    9.9724804305e-01
       247   -4.5807513456e+01    2.0996869617e+03   -8.0876701980e+01    3.5069188524e+01   -2.1360430632e+01    3.2626557993e+00   -1.1676249066e+01   -5.1102678081e+01   -1.1415272787e+01    5.0880757905e+02    7.1533957500e-01    9.9656188605e-01
       248   -4.5863158466e+01    2.1046294790e+03   -8.1117279036e+01    3.5254120569e+01   -2.1434389118e+01    3.1740861784e+00   -1.1754298015e+01   -5.1102678081e+01   -1.1490278179e+01    5.0378430172e+02    7.0369374900e-01    9.9572172619e-01
       249   -4.5848759139e+01    2.1033926140e+03   -8.1206231721e+01    3.5357472583e+01   -2.1405787834e+01    3.0909285290e+00   -1.1788694335e+01   -5.1102678081e+01   -1.1527370814e+01    5.0488608740e+02    7.9890358300e-01    9.9715346535e-01
       250   -4.5944350535e+01    2.1121344528e+03   -8.0958744713e+01    3.5014394177e+01   -2.1169538552e+01    3.0764881771e+00   -1.1763016257e+01   -5.1102678081e+01   -1.1507450859e+01    5.0409690174e+02    6.9973189000e-01    9.9596974206e-01
       251   -4.5991895839e+01    2.1166251686e+03   -8.0903932345e+01    3.4912036505e+01   -2.1326634369e+01    3.2236023145e+00   -1.1698222209e+01   -5.1102678081e+01   -1.1442453871e+01    5.0443585355e+02    6.9817193800e-01    9.9627976190e-01
       252   -4.6006917112e+01    2.1180463192e+03   -8.0907435671e+01    3.4900518559e+01   -2.1236209178e+01    3.1523354258e+00   -1.1720883838e+01   -5.1102678081e+01   -1.1468632388e+01    5.0562178797e+02    7.0429448400e-01    9.9653465347e-01
       253   -4.5990294185e+01    2.1164865711e+03   -8.0732881111e+01    3.4742586926e+01   -2.1076186677e+01    3.1554994881e+00   -1.1709515841e+01   -5.1102678081e+01   -1.1457191306e+01    5.0660808873e+02    7.0122528000e-01    9.9660326087e-01
       254   -4.5926235100e+01    2.1103545837e+03   -8.0946290635e+01    3.5020055535e+01   -2.1293010410e+01    3.1870484912e+00   -1.1737650635e+01   -5.1102678081e+01   -1.1486187646e+01    5.0636505846e+02    6.8697757100e-01    9.9691205534e-01
       255   -4.5813821250e+01    2.1001257072e+03   -8.0737256934e+01    3.4923435684e+01   -2.1237302385e+01    3.2922927509e+00   -1.1689569219e+01   -5.1102678081e+01   -1.1433251094e+01    5.0796898908e+02    7.0096852500e-01    9.9692421260e-01
       256   -4.5893940636e+01    2.1074312740e+03   -8.0754055385e+01    3.4860114749e+01   -2.1263290613e+01    3.3342887762e+00   -1.1722375467e+01   -5.1102678081e+01   -1.1467287004e+01    5.0986011982e+02    7.0414435200e-01    9.9754901961e-01
       257   -4.5885295359e+01    2.1066337061e+03   -8.0799433077e+01    3.4914137718e+01   -2.1182327185e+01    3.1495272596e+00   -1.1663955071e+01   -5.1102678081e+01   -1.1404931604e+01    5.0998341640e+02    7.0997825100e-01    9.9730392157e-01
       258   -4.5854901484e+01    2.1037965753e+03   -8.0965365289e+01    3.5110463805e+01   -2.1260922122e+01    2.9963028730e+00   -1.1598067959e+01   -5.1102678081e+01   -1.1338288702e+01    5.0889172916e+02    7.1014136900e-01    9.9643909627e-01
       259   -4.5849001309e+01    2.1032965671e+03   -8.1013772282e+01    3.5164770973e+01   -2.1238849572e+01    3.0105643848e+00   -1.1682809013e+01   -5.1102678081e+01   -1.1420149954e+01    5.0981015470e+02    8.1256462600e-01    9.9693627451e-01
       260   -4.5842523645e+01    2.1027345107e+03   -8.0831683843e+01    3.4989160198e+01   -2.1072268345e+01    2.9640460753e+00   -1.1620783493e+01   -5.1102678081e+01   -1.1354367428e+01    5.0877118942e+02    7.1873305400e-01    9.9650049116e-01
       261   -4.5890501025e+01    2.1069837803e+03   -8.1118755324e+01    3.5228254299e+01   -2.1184442349e+01    2.8762205562e+00   -1.1707855450e+01   -5.1102678081e+01   -1.1446075956e+01    5.0989423974e+02    7.2444863200e-01    9.9687500000e-01
       262   -4.5910904140e+01    2.1090984931e+03   -8.0714296328e+01    3.4803392188e+01   -2.1090579725e+01    3.1120281612e+00   -1.1633066683e+01   -5.1102678081e+01   -1.1371217204e+01    5.0905067793e+02    7.2605057700e-01    9.9680746562e-01
       263   -4.5911907715e+01    2.1091379641e+03   -8.0598331115e+01    3.4686423400e+01   -2.1017943699e+01    3.0766265919e+00   -1.1554335927e+01   -5.1102678081e+01   -1.1284980951e+01    5.0914775826e+02    7.4515989900e-01    9.9686886051e-01
       264   -4.5859043993e+01    2.1041656528e+03   -8.0740749582e+01    3.4881705589e+01   -2.1111379927e+01    3.0925419753e+00   -1.1619233550e+01   -5.1102678081e+01   -1.1345938692e+01    5.1002424734e+02    7.8257855400e-01    9.9589460784e-01
       265   -4.5831855188e+01    2.1016736766e+03   -8.0812075889e+01    3.4980220700e+01   -2.1106795726e+01    3.0306322952e+00   -1.1633234377e+01   -5.1102678081e+01   -1.1361410336e+01    5.1478617015e+02    7.6958595100e-01    9.9714805825e-01
       266   -4.5887184762e+01    2.1069041519e+03   -8.0775591964e+01    3.4888407202e+01   -2.1080629961e+01    3.0528688270e+00   -1.1645152749e+01   -5.1102678081e+01   -1.1371824519e+01    5.1579116646e+02    7.5360724200e-01    9.9691133721e-01
       267   -4.5942076608e+01    2.1119626820e+03   -8.0852367869e+01    3.4910291262e+01   -2.0972689519e+01    2.8739626390e+00   -1.1650962909e+01   -5.1102678081e+01   -1.1379331459e+01    5.1608073145e+02    7.5878278800e-01    9.9721414729e-01
       268   -4.5935261565e+01    2.1113212833e+03   -8.0865935882e+01    3.4930674317e+01   -2.1159136482e+01    3.0161385996e+00   -1.1620259919e+01   -5.1102678081e+01   -1.1346330253e+01    5.1519827173e+02    7.3394821600e-01    9.9702669903e-01
       269   -4.5928370369e+01    2.1106708796e+03   -8.0761005437e+01    3.4832635067e+01   -2.1328484534e+01    3.2889473680e+00   -1.1618790190e+01   -5.1102678081e+01   -1.1337885448e+01    5.1415817693e+02    8.3239032900e-01    9.9635214008e-01
       270   -4.5921485241e+01    2.1100430773e+03   -8.0853952446e+01    3.4932467205e+01   -2.1407458774e+01    3.2167676925e+00   -1.1560583283e+01   -5.1102678081e+01   -1.1279389413e+01    5.1514946792e+02    7.2746326900e-01    9.9660194175e-01
       271   -4.5879375719e+01    2.1061383250e+03   -8.0748287501e+01    3.4868911782e+01   -2.1266086985e+01    3.2868005550e+00   -1.1666322990e+01   -5.1102678081e+01   -1.1386727180e+01    5.1299324279e+02    7.2296958700e-01    9.9683235867e-01
       272   -4.5890809768e+01    2.1072040264e+03   -8.0772972826e+01    3.4882163058e+01   -2.1374873783e+01    3.2805571993e+00   -1.1575978161e+01   -5.1102678081e+01   -1.1295305133e+01    5.1095607859e+02    7.1938897700e-01    9.9688111546e-01
       273   -4.5904317976e+01    2.1085227778e+03   -8.0471864527e+01    3.4567546551e+01   -2.1415644390e+01    3.6096685987e+00   -1.1563210654e+01   -5.1102678081e+01   -1.1283930941e+01    5.1103024187e+02    7.2191062600e-01    9.9645303327e-01
       274   -4.5884513833e+01    2.1066197705e+03   -8.0609273813e+01    3.4724759980e+01   -2.1352868583e+01    3.4460298625e+00   -1.1599757011e+01   -5.1102678081e+01   -1.1327202570e+01    5.1001109821e+02    7.2522369300e-01    9.9718137255e-01
       275   -4.5902046468e+01    2.1081253353e+03   -8.0402831322e+01    3.4500784854e+01   -2.1275613636e+01    3.5898003327e+00   -1.1614339938e+01   -5.1102678081e+01   -1.1341824868e+01    5.1102109113e+02    7.1860204800e-01    9.9718688845e-01
       276   -4.5882011101e+01    2.1063006579e+03   -8.0723081619e+01    3.4841070518e+01   -2.1535876237e+01    3.5026858596e+00   -1.1587213160e+01   -5.1102678081e+01   -1.1308640588e+01    5.1002089601e+02    7.1652217500e-01    9.9736519608e-01
       277   -4.5881771245e+01    2.1062477047e+03   -8.0904856953e+01    3.5023085707e+01   -2.1441839498e+01    3.3475619457e+00   -1.1707901320e+01   -5.1102678081e+01   -1.1433523892e+01    5.0894991188e+02    7.1706903100e-01    9.9643909627e-01
       278   -4.5911840191e+01    2.1092105259e+03   -8.0739046767e+01    3.4827206576e+01   -2.1329536623e+01    3.3757472154e+00   -1.1682579278e+01   -5.1102678081e+01   -1.1416379940e+01    5.0904281611e+02    7.1375470600e-01    9.9699165029e-01
       279   -4.5900733711e+01    2.1081307862e+03   -8.0768238068e+01    3.4867504356e+01   -2.1319256340e+01    3.3399749463e+00   -1.1686278592e+01   -5.1102678081e+01   -1.1421503363e+01    5.1009634380e+02    8.1657657200e-01    9.9656862745e-01
       280   -4.5923901391e+01    2.1103138930e+03   -8.0771052309e+01    3.4847150919e+01   -2.1393595587e+01    3.3445530843e+00   -1.1619331726e+01   -5.1102678081e+01   -1.1356098064e+01    5.1211307738e+02    7.1932637900e-01    9.9621582031e-01
       281   -4.5874719235e+01    2.1057484753e+03   -8.0899389126e+01    3.5024669891e+01   -2.1341322558e+01    3.1923716523e+00   -1.1647760139e+01   -5.1102678081e+01   -1.1385962994e+01    5.0902483236e+02    7.1438716800e-01    9.9662328094e-01
       282   -4.5873444688e+01    2.1055663648e+03   -8.1034115529e+01    3.5160670841e+01   -2.1286789177e+01    3.0288048524e+00   -1.1673453123e+01   -5.1102678081e+01   -1.1410674323e+01    5.0595203646e+02    7.1132026900e-01    9.9678853755e-01
       283   -4.5886478725e+01    2.1067906126e+03   -8.0927972847e+01    3.5041494122e+01   -2.1301883040e+01    3.0127539519e+00   -1.1536165678e+01   -5.1102678081e+01   -1.1271998509e+01    5.0597417342e+02    7.0631223000e-01    9.9647974308e-01
       284   -4.5866317065e+01    2.1051343420e+03   -8.1015535211e+01    3.5149218146e+01   -2.1574486729e+01    3.2078392597e+00   -1.1546209661e+01   -5.1102678081e+01   -1.1285190319e+01    5.0797616681e+02    6.4389490600e-01    9.9667814961e-01
       285   -4.5853700161e+01    2.1037774365e+03   -8.0837642935e+01    3.4983942774e+01   -2.1425357714e+01    3.2630733245e+00   -1.1572680465e+01   -5.1102678081e+01   -1.1312892886e+01    5.0688839938e+02    5.7122567200e-01    9.9697978304e-01
       286   -4.5938940919e+01    2.1115022160e+03   -8.0991145151e+01    3.5052204232e+01   -2.1594344833e+01    3.2366355997e+00   -1.1530757837e+01   -5.1102678081e+01   -1.1270686325e+01    5.0607357506e+02    5.8806191700e-01    9.9703557312e-01
       287   -4.5944480521e+01    2.1122949124e+03   -8.1291304022e+01    3.5346823502e+01   -2.1788192065e+01    3.1029335011e+00   -1.1503367378e+01   -5.1102678081e+01   -1.1243444636e+01    5.0732651233e+02    6.1348711700e-01    9.9753451677e-01
       288   -4.5981250453e+01    2.1155850624e+03   -8.1240263434e+01    3.5259012981e+01   -2.1721943161e+01    3.0746687821e+00   -1.1490310975e+01   -5.1102678081e+01   -1.1222273273e+01    5.1039348816e+02    6.1668311900e-01    9.9742647059e-01
       289   -4.5927388529e+01    2.1105806791e+03   -8.1340282150e+01    3.5412893621e+01   -2.1770053921e+01    3.0122546269e+00   -1.1479804775e+01   -5.1102678081e+01   -1.1207959829e+01    5.1232340982e+02    7.1446909400e-01    9.9645996094e-01
       290   -4.5954772397e+01    2.1130371865e+03   -8.1387019450e+01    3.5432247052e+01   -2.1639858460e+01    2.8581506753e+00   -1.1502633583e+01   -5.1102678081e+01   -1.1230362483e+01    5.1525154179e+02    6.2547200000e-01    9.9714805825e-01
       291   -4.5916911345e+01    2.1095650875e+03   -8.1453141507e+01    3.5536230162e+01   -2.1676416972e+01    2.8938322830e+00   -1.1567878737e+01   -5.1102678081e+01   -1.1291595280e+01    5.1617415540e+02    6.2883915800e-01    9.9715358527e-01
       292   -4.5853261778e+01    2.1038506199e+03   -8.1340271263e+01    3.5487009485e+01   -2.1565552255e+01    2.9050166786e+00   -1.1577057606e+01   -5.1102678081e+01   -1.1307033330e+01    5.1591713160e+02    6.4142224800e-01    9.9679021318e-01
       293   -4.5867154870e+01    2.1052081790e+03   -8.1250680254e+01    3.5383525384e+01   -2.1421802743e+01    2.7838286927e+00   -1.1510028123e+01   -5.1102678081e+01   -1.1241393504e+01    5.1582202027e+02    5.9563542400e-01    9.9672965116e-01
       294   -4.5922949399e+01    2.1102231721e+03   -8.1359652972e+01    3.5436703573e+01   -2.1558399138e+01    2.8509402982e+00   -1.1549516051e+01   -5.1102678081e+01   -1.1278744987e+01    5.1496727587e+02    5.8558007600e-01    9.9702669903e-01
       295   -4.5900949259e+01    2.1083545501e+03   -8.1342883902e+01    3.5441934642e+01   -2.1738393710e+01    2.9699133449e+00   -1.1471725456e+01   -5.1102678081e+01   -1.1197589627e+01    5.1507349422e+02    5.9337359400e-01    9.9660194175e-01
       296   -4.5871637929e+01    2.1056560485e+03   -8.1516704201e+01    3.5645066272e+01   -2.1846201673e+01    2.9533875771e+00   -1.1521212024e+01   -5.1102678081e+01   -1.1245257541e+01    5.1992663059e+02    5.9916036200e-01    9.9627403846e-01
       297   -4.5924819509e+01    2.1104245308e+03   -8.1262375538e+01    3.5337556029e+01   -2.1805799753e+01    3.1897796736e+00   -1.1543677378e+01   -5.1102678081e+01   -1.1266785240e+01    5.2093145918e+02    5.9432989000e-01    9.9748080614e-01
       298   -4.5890416732e+01    2.1072911754e+03   -8.0974966428e+01    3.5084549696e+01   -2.1713204522e+01    3.3090130435e+00   -1.1468096868e+01   -5.1102678081e+01   -1.1197301764e+01    5.1797137443e+02    5.9395871100e-01    9.9631998069e-01
       299   -4.5896595279e+01    2.1077142993e+03   -8.0852665423e+01    3.4956070144e+01   -2.1587316027e+01    3.2685988486e+00   -1.1431270163e+01   -5.1102678081e+01   -1.1155099206e+01    5.2099036909e+02    6.9979102500e-01    9.9646113244e-01
