#   index    LocalEnergy         LocalEnergy_sq      LocalPotential      Kinetic             LocalECP            NonLocalECP         ElecElec            IonIon              MPC                 BlockWeight         BlockCPU            AcceptRatio         
         0   -4.5745704102e+01    2.0938915384e+03   -8.0819892578e+01    3.5074188476e+01   -2.1712283446e+01    3.3493237750e+00   -1.1354254826e+01   -5.1102678081e+01   -1.1081782973e+01    5.1200000000e+02    1.0758531240e+00    7.3718261719e-01
         1   -4.5832659230e+01    2.1016927290e+03   -8.0703210241e+01    3.4870551011e+01   -2.1045920213e+01    2.9367852034e+00   -1.1491397150e+01   -5.1102678081e+01   -1.1209984139e+01    5.1200000000e+02    1.1073896600e+00    7.3636881510e-01
         2   -4.5820983397e+01    2.1007731697e+03   -8.0150695550e+01    3.4329712153e+01   -2.0651647147e+01    3.1811756849e+00   -1.1577546007e+01   -5.1102678081e+01   -1.1292813347e+01    5.1200000000e+02    1.0770078240e+00    7.3838297526e-01
         3   -4.5834638859e+01    2.1022602812e+03   -8.0518873845e+01    3.4684234986e+01   -2.1048732067e+01    3.3871580184e+00   -1.1754621715e+01   -5.1102678081e+01   -1.1466206740e+01    5.1200000000e+02    1.0606912920e+00    7.3728434245e-01
         4   -4.5786714439e+01    2.0975076569e+03   -7.9754773140e+01    3.3968058702e+01   -2.0370587533e+01    3.2808017749e+00   -1.1562309301e+01   -5.1102678081e+01   -1.1264571315e+01    5.1200000000e+02    1.0333043160e+00    7.3919677734e-01
         5   -4.5803494847e+01    2.0989987632e+03   -7.9241548278e+01    3.3438053431e+01   -2.0445723518e+01    3.9924230727e+00   -1.1685569751e+01   -5.1102678081e+01   -1.1391056808e+01    5.1200000000e+02    1.0224535200e+00    7.4147542318e-01
         6   -4.5713116658e+01    2.0909052734e+03   -8.0668300395e+01    3.4955183737e+01   -2.1321824507e+01    3.3034218815e+00   -1.1547219689e+01   -5.1102678081e+01   -1.1254099537e+01    5.1200000000e+02    1.0321940460e+00    7.3726399740e-01
         7   -4.5685643660e+01    2.0884737194e+03   -8.0904256756e+01    3.5218613096e+01   -2.1448657096e+01    3.1433723758e+00   -1.1496293954e+01   -5.1102678081e+01   -1.1186005690e+01    5.1200000000e+02    1.0866467470e+00    7.4269612630e-01
         8   -4.5811114656e+01    2.1000573028e+03   -8.0865362105e+01    3.5054247449e+01   -2.1873458543e+01    3.6076983461e+00   -1.1496923827e+01   -5.1102678081e+01   -1.1211304692e+01    5.1200000000e+02    1.0241593100e+00    7.3915608724e-01
         9   -4.5763658220e+01    2.0955019086e+03   -8.0437461524e+01    3.4673803304e+01   -2.1309116966e+01    3.5312731055e+00   -1.1556939583e+01   -5.1102678081e+01   -1.1276686610e+01    5.1200000000e+02    1.0410477030e+00    7.4086507161e-01
        10   -4.5841971056e+01    2.1028135923e+03   -8.0337242478e+01    3.4495271422e+01   -2.1156083620e+01    3.3580355203e+00   -1.1436516297e+01   -5.1102678081e+01   -1.1184600476e+01    5.1200000000e+02    1.0299711300e+00    7.4243164062e-01
        11   -4.5832340411e+01    2.1017727492e+03   -7.9903681722e+01    3.4071341311e+01   -2.1194783795e+01    3.8061973824e+00   -1.1412417229e+01   -5.1102678081e+01   -1.1151741266e+01    5.1200000000e+02    1.0326967230e+00    7.4147542318e-01
        12   -4.5857325114e+01    2.1041803372e+03   -8.0371532708e+01    3.4514207594e+01   -2.1110026763e+01    3.4489650714e+00   -1.1607792935e+01   -5.1102678081e+01   -1.1328486981e+01    5.1200000000e+02    1.0281046630e+00    7.3677571615e-01
        13   -4.5777843634e+01    2.0968402431e+03   -8.0472993497e+01    3.4695149863e+01   -2.1024268195e+01    3.2872489450e+00   -1.1633296166e+01   -5.1102678081e+01   -1.1345746163e+01    5.1200000000e+02    1.1225270480e+00    7.4070231120e-01
        14   -4.5704910770e+01    2.0901566412e+03   -8.0482108982e+01    3.4777198212e+01   -2.1313402268e+01    3.5194096949e+00   -1.1585438328e+01   -5.1102678081e+01   -1.1296248694e+01    5.1200000000e+02    1.1031543230e+00    7.3577880859e-01
        15   -4.5826072365e+01    2.1013368322e+03   -8.0664577496e+01    3.4838505131e+01   -2.1260379646e+01    3.2415818302e+00   -1.1543101600e+01   -5.1102678081e+01   -1.1264769101e+01    5.1200000000e+02    1.0032343490e+00    7.3394775391e-01
        16   -4.5781476040e+01    2.0974232774e+03   -8.0188070362e+01    3.4406594323e+01   -2.0852379968e+01    3.3062399636e+00   -1.1539252277e+01   -5.1102678081e+01   -1.1270770121e+01    5.1200000000e+02    1.0345952160e+00    7.3996988932e-01
        17   -4.5807483370e+01    2.0995678221e+03   -7.9677354974e+01    3.3869871604e+01   -2.0428206755e+01    3.3887396641e+00   -1.1535209802e+01   -5.1102678081e+01   -1.1249624605e+01    5.1200000000e+02    1.0720257970e+00    7.3909505208e-01
        18   -4.5755562459e+01    2.0948170553e+03   -8.0472366607e+01    3.4716804148e+01   -2.1232022573e+01    3.2436906915e+00   -1.1381356644e+01   -5.1102678081e+01   -1.1091384150e+01    5.1200000000e+02    1.0666565220e+00    7.3836263021e-01
        19   -4.5757512456e+01    2.0949417882e+03   -8.0425406910e+01    3.4667894454e+01   -2.0888704395e+01    3.2564491489e+00   -1.1690473583e+01   -5.1102678081e+01   -1.1409359544e+01    5.1200000000e+02    1.0798573330e+00    7.4161783854e-01
        20   -4.5771608671e+01    2.0962202507e+03   -8.0229298945e+01    3.4457690274e+01   -2.1185296835e+01    3.5824891099e+00   -1.1523813138e+01   -5.1102678081e+01   -1.1242088075e+01    5.1200000000e+02    1.0547150810e+00    7.3860677083e-01
        21   -4.5725367992e+01    2.0918967821e+03   -7.9701738876e+01    3.3976370884e+01   -2.0473160464e+01    3.5683173016e+00   -1.1694217633e+01   -5.1102678081e+01   -1.1429796170e+01    5.1200000000e+02    1.0388216600e+00    7.3819986979e-01
        22   -4.5793822394e+01    2.0982975420e+03   -8.0527970602e+01    3.4734148207e+01   -2.1360129219e+01    3.5541470539e+00   -1.1619310355e+01   -5.1102678081e+01   -1.1358463385e+01    5.1200000000e+02    1.0313551690e+00    7.3878987630e-01
        23   -4.5794940999e+01    2.0984874465e+03   -8.0430842314e+01    3.4635901315e+01   -2.1173172091e+01    3.3216599665e+00   -1.1476652109e+01   -5.1102678081e+01   -1.1193543638e+01    5.1200000000e+02    1.0820162070e+00    7.3919677734e-01
        24   -4.5763014346e+01    2.0956295367e+03   -8.0383587937e+01    3.4620573591e+01   -2.1295424180e+01    3.3614223343e+00   -1.1346908010e+01   -5.1102678081e+01   -1.1056446181e+01    5.1200000000e+02    1.0474361290e+00    7.4165852865e-01
        25   -4.5721413307e+01    2.0915929128e+03   -7.9607929488e+01    3.3886516180e+01   -2.0330775480e+01    3.2662202619e+00   -1.1440696189e+01   -5.1102678081e+01   -1.1138261111e+01    5.1200000000e+02    1.0520499150e+00    7.3805745443e-01
        26   -4.5803835041e+01    2.0991846678e+03   -7.9731113691e+01    3.3927278649e+01   -2.0545089729e+01    3.5153091360e+00   -1.1598655017e+01   -5.1102678081e+01   -1.1316396977e+01    5.1200000000e+02    1.0474200160e+00    7.3917643229e-01
        27   -4.5769262269e+01    2.0960742928e+03   -8.0271161103e+01    3.4501898834e+01   -2.1192821251e+01    3.3639634721e+00   -1.1339625243e+01   -5.1102678081e+01   -1.1078896036e+01    5.1200000000e+02    1.0439168680e+00    7.4265543620e-01
        28   -4.5854193572e+01    2.1039359498e+03   -8.0233689122e+01    3.4379495550e+01   -2.0978291137e+01    3.2227570105e+00   -1.1375476914e+01   -5.1102678081e+01   -1.1102152100e+01    5.1200000000e+02    1.0398400370e+00    7.3811848958e-01
        29   -4.5827804950e+01    2.1014718952e+03   -8.0122707893e+01    3.4294902944e+01   -2.0884754154e+01    3.5538001738e+00   -1.1689075832e+01   -5.1102678081e+01   -1.1432198926e+01    5.1200000000e+02    1.0615423090e+00    7.4194335938e-01
        30   -4.5847089672e+01    2.1031101215e+03   -7.9844852181e+01    3.3997762509e+01   -2.0629292688e+01    3.5350555138e+00   -1.1647936926e+01   -5.1102678081e+01   -1.1361434272e+01    5.1200000000e+02    1.0743926950e+00    7.4074300130e-01
        31   -4.5781997883e+01    2.0971237035e+03   -8.0269807183e+01    3.4487809300e+01   -2.0629236296e+01    3.1299088500e+00   -1.1667801656e+01   -5.1102678081e+01   -1.1405066270e+01    5.1200000000e+02    1.1012212550e+00    7.4389648438e-01
        32   -4.5833280134e+01    2.1017304750e+03   -8.0339542134e+01    3.4506262000e+01   -2.1280370027e+01    3.6234467326e+00   -1.1579940759e+01   -5.1102678081e+01   -1.1300694788e+01    5.1200000000e+02    1.0190148620e+00    7.3392740885e-01
        33   -4.5845610191e+01    2.1033587550e+03   -8.0178348372e+01    3.4332738182e+01   -2.0992668438e+01    3.4463275869e+00   -1.1529329440e+01   -5.1102678081e+01   -1.1255832519e+01    5.1200000000e+02    1.0602812650e+00    7.4094645182e-01
        34   -4.5865787609e+01    2.1048188909e+03   -8.0789507788e+01    3.4923720178e+01   -2.1437205843e+01    3.4721217974e+00   -1.1721745661e+01   -5.1102678081e+01   -1.1451321701e+01    5.1200000000e+02    1.0748099520e+00    7.3785400391e-01
        35   -4.5838654828e+01    2.1025272466e+03   -8.1420868832e+01    3.5582214004e+01   -2.1874080030e+01    3.1441074074e+00   -1.1588218128e+01   -5.1102678081e+01   -1.1321686653e+01    5.1200000000e+02    1.1269304750e+00    7.3419189453e-01
        36   -4.5888180018e+01    2.1067439951e+03   -8.0654113701e+01    3.4765933683e+01   -2.1806267337e+01    3.7378945715e+00   -1.1483062854e+01   -5.1102678081e+01   -1.1211912395e+01    5.1200000000e+02    1.0787608350e+00    7.3811848958e-01
        37   -4.5836586290e+01    2.1021488967e+03   -8.0517136514e+01    3.4680550224e+01   -2.1436322650e+01    3.5177298023e+00   -1.1495865585e+01   -5.1102678081e+01   -1.1226221496e+01    5.1200000000e+02    1.0301230250e+00    7.3933919271e-01
        38   -4.5790188654e+01    2.0979220566e+03   -8.0422043993e+01    3.4631855339e+01   -2.1680760136e+01    3.7187767383e+00   -1.1357382514e+01   -5.1102678081e+01   -1.1077295640e+01    5.1200000000e+02    1.0278001270e+00    7.3913574219e-01
        39   -4.5726191700e+01    2.0922708581e+03   -8.0720282110e+01    3.4994090410e+01   -2.1271731610e+01    3.1358096396e+00   -1.1481682059e+01   -5.1102678081e+01   -1.1197827349e+01    5.1200000000e+02    1.0471911290e+00    7.3911539714e-01
        40   -4.5700576223e+01    2.0897438777e+03   -8.0778643359e+01    3.5078067136e+01   -2.1284517816e+01    3.2334807022e+00   -1.1624928165e+01   -5.1102678081e+01   -1.1343767871e+01    5.1200000000e+02    1.0349535770e+00    7.3728434245e-01
        41   -4.5880305383e+01    2.1061480728e+03   -8.0120904481e+01    3.4240599098e+01   -2.1301859509e+01    3.7192647783e+00   -1.1435631669e+01   -5.1102678081e+01   -1.1170505303e+01    5.1200000000e+02    1.0332255210e+00    7.3742675781e-01
        42   -4.5813953221e+01    2.0999719117e+03   -8.0361681691e+01    3.4547728470e+01   -2.0879853420e+01    3.0829309611e+00   -1.1462081152e+01   -5.1102678081e+01   -1.1185621390e+01    5.1200000000e+02    1.0275824750e+00    7.3754882812e-01
        43   -4.5741467796e+01    2.0935109729e+03   -8.0473426196e+01    3.4731958400e+01   -2.0933312637e+01    3.0771861090e+00   -1.1514621587e+01   -5.1102678081e+01   -1.1208277434e+01    5.1200000000e+02    1.0258993810e+00    7.3716227214e-01
        44   -4.5853278556e+01    2.1036537645e+03   -8.0591142034e+01    3.4737863479e+01   -2.0780441838e+01    3.0097377090e+00   -1.1717759824e+01   -5.1102678081e+01   -1.1426003296e+01    5.1200000000e+02    1.0266853350e+00    7.3866780599e-01
        45   -4.5861268491e+01    2.1047090337e+03   -8.0189788764e+01    3.4328520273e+01   -2.0929588682e+01    3.3819866919e+00   -1.1539508692e+01   -5.1102678081e+01   -1.1240368872e+01    5.1200000000e+02    1.0298585880e+00    7.3909505208e-01
        46   -4.5826464057e+01    2.1012060188e+03   -8.0449037504e+01    3.4622573447e+01   -2.0953915045e+01    3.0567562049e+00   -1.1449200583e+01   -5.1102678081e+01   -1.1165107084e+01    5.1200000000e+02    1.0220475460e+00    7.3942057292e-01
        47   -4.5716805910e+01    2.0912762213e+03   -8.0339282113e+01    3.4622476203e+01   -2.1151282967e+01    3.4603638414e+00   -1.1545684907e+01   -5.1102678081e+01   -1.1250308816e+01    5.1200000000e+02    1.0165567420e+00    7.3834228516e-01
        48   -4.5743673856e+01    2.0935859503e+03   -8.0042300182e+01    3.4298626326e+01   -2.0607844440e+01    3.1292484506e+00   -1.1461026111e+01   -5.1102678081e+01   -1.1178192269e+01    5.1200000000e+02    1.0143620920e+00    7.4037679036e-01
        49   -4.5714244541e+01    2.0909686347e+03   -8.0445925144e+01    3.4731680604e+01   -2.1404771533e+01    3.3615350402e+00   -1.1300010571e+01   -5.1102678081e+01   -1.1025782063e+01    5.1200000000e+02    1.0476204270e+00    7.4074300130e-01
        50   -4.5813565184e+01    2.1001892773e+03   -8.0600042214e+01    3.4786477030e+01   -2.1983492449e+01    3.9597114258e+00   -1.1473583109e+01   -5.1102678081e+01   -1.1194610259e+01    5.1200000000e+02    1.0753946260e+00    7.3565673828e-01
        51   -4.5875198117e+01    2.1058699300e+03   -8.0718839033e+01    3.4843640916e+01   -2.1603344165e+01    3.5638699857e+00   -1.1576686772e+01   -5.1102678081e+01   -1.1307085776e+01    5.1200000000e+02    1.1049463040e+00    7.3612467448e-01
        52   -4.5796181493e+01    2.0984012782e+03   -8.0704824638e+01    3.4908643145e+01   -2.1437831358e+01    3.3516981606e+00   -1.1516013359e+01   -5.1102678081e+01   -1.1256680535e+01    5.1200000000e+02    1.0659688660e+00    7.4218750000e-01
        53   -4.5742703958e+01    2.0936407549e+03   -8.1316367112e+01    3.5573663154e+01   -2.2389734604e+01    3.5228569699e+00   -1.1346811397e+01   -5.1102678081e+01   -1.1070477270e+01    5.1200000000e+02    1.0616317780e+00    7.3720296224e-01
        54   -4.5951259633e+01    2.1148293456e+03   -8.1032255314e+01    3.5080995681e+01   -2.1410894567e+01    2.9600617251e+00   -1.1478744391e+01   -5.1102678081e+01   -1.1205734738e+01    5.1200000000e+02    1.0256959710e+00    7.3640950521e-01
        55   -4.5746253700e+01    2.0939932163e+03   -8.0428300322e+01    3.4682046622e+01   -2.1257815864e+01    3.5909988951e+00   -1.1658805273e+01   -5.1102678081e+01   -1.1386099357e+01    5.1200000000e+02    1.0209535700e+00    7.4066162109e-01
        56   -4.5771330781e+01    2.0962361898e+03   -8.0983161822e+01    3.5211831042e+01   -2.1479640509e+01    3.2691260483e+00   -1.1669969281e+01   -5.1102678081e+01   -1.1399252889e+01    5.1200000000e+02    1.0281727300e+00    7.4070231120e-01
        57   -4.5754690868e+01    2.0948482142e+03   -8.0061187583e+01    3.4306496714e+01   -2.0937898300e+01    3.3584286849e+00   -1.1379039887e+01   -5.1102678081e+01   -1.1087859681e+01    5.1200000000e+02    1.0225354300e+00    7.3844401042e-01
        58   -4.5732157962e+01    2.0926069179e+03   -7.9976613251e+01    3.4244455288e+01   -2.0464596826e+01    3.3553629456e+00   -1.1764701289e+01   -5.1102678081e+01   -1.1471732115e+01    5.1200000000e+02    1.0221749910e+00    7.3832194010e-01
        59   -4.5762810552e+01    2.0954391111e+03   -8.0394329853e+01    3.4631519301e+01   -2.0993863940e+01    3.2508486143e+00   -1.1548636446e+01   -5.1102678081e+01   -1.1262574159e+01    5.1200000000e+02    1.0420102960e+00    7.3795572917e-01
        60   -4.5788345957e+01    2.0977249378e+03   -8.0331690095e+01    3.4543344137e+01   -2.0806183054e+01    3.1421366097e+00   -1.1564965569e+01   -5.1102678081e+01   -1.1293356989e+01    5.1200000000e+02    1.0210087800e+00    7.4090576172e-01
        61   -4.5799204739e+01    2.0986892164e+03   -8.0706695713e+01    3.4907490974e+01   -2.0807483162e+01    2.8737452003e+00   -1.1670279671e+01   -5.1102678081e+01   -1.1408686006e+01    5.1200000000e+02    1.0223401610e+00    7.4338785807e-01
        62   -4.5775205608e+01    2.0965677571e+03   -8.0062440825e+01    3.4287235218e+01   -2.0533979794e+01    3.1926076530e+00   -1.1618390604e+01   -5.1102678081e+01   -1.1346563496e+01    5.1200000000e+02    1.0182222780e+00    7.3807779948e-01
        63   -4.5732955440e+01    2.0926740130e+03   -7.9909382219e+01    3.4176426779e+01   -2.1049135651e+01    3.6124107457e+00   -1.1369979233e+01   -5.1102678081e+01   -1.1073142608e+01    5.1200000000e+02    1.0230888100e+00    7.3832194010e-01
        64   -4.5808724035e+01    2.0997586440e+03   -8.0600646983e+01    3.4791922948e+01   -2.1500222968e+01    3.5107306566e+00   -1.1508476590e+01   -5.1102678081e+01   -1.1212501417e+01    5.1200000000e+02    1.0259185460e+00    7.3911539714e-01
        65   -4.5723829336e+01    2.0918252275e+03   -8.0496225730e+01    3.4772396394e+01   -2.0933980272e+01    3.1004219894e+00   -1.1559989366e+01   -5.1102678081e+01   -1.1286277670e+01    5.1200000000e+02    1.0211901680e+00    7.3706054688e-01
        66   -4.5736515932e+01    2.0929701920e+03   -8.0894616951e+01    3.5158101019e+01   -2.1573600923e+01    3.4200590398e+00   -1.1638396986e+01   -5.1102678081e+01   -1.1364908956e+01    5.1200000000e+02    1.0359474270e+00    7.3569742839e-01
        67   -4.5801293637e+01    2.0988110271e+03   -8.0049529327e+01    3.4248235690e+01   -2.0591882063e+01    3.2556560649e+00   -1.1610625247e+01   -5.1102678081e+01   -1.1321901387e+01    5.1200000000e+02    1.0616669620e+00    7.3996988932e-01
        68   -4.5874273892e+01    2.1058620598e+03   -8.0471153434e+01    3.4596879542e+01   -2.0663493924e+01    2.6856436349e+00   -1.1390625064e+01   -5.1102678081e+01   -1.1094942483e+01    5.1200000000e+02    1.0659936290e+00    7.3634847005e-01
        69   -4.5749850009e+01    2.0944321484e+03   -8.0494200735e+01    3.4744350726e+01   -2.0908541626e+01    2.9979451649e+00   -1.1480926193e+01   -5.1102678081e+01   -1.1197925288e+01    5.1200000000e+02    1.0780838580e+00    7.4114990234e-01
        70   -4.5740103842e+01    2.0932842124e+03   -8.0438910335e+01    3.4698806494e+01   -2.1151498923e+01    3.2420052597e+00   -1.1426738591e+01   -5.1102678081e+01   -1.1134792770e+01    5.1200000000e+02    1.0494501420e+00    7.4041748047e-01
        71   -4.5767300065e+01    2.0959039862e+03   -8.0432136357e+01    3.4664836291e+01   -2.1098893451e+01    3.3426928867e+00   -1.1573257711e+01   -5.1102678081e+01   -1.1294634392e+01    5.1200000000e+02    1.0725917230e+00    7.3651123047e-01
        72   -4.5749475874e+01    2.0942876026e+03   -8.0185169761e+01    3.4435693887e+01   -2.1173688861e+01    3.5233838767e+00   -1.1432186696e+01   -5.1102678081e+01   -1.1156584700e+01    5.1200000000e+02    1.0449653300e+00    7.3933919271e-01
        73   -4.5772522100e+01    2.0963467707e+03   -8.0459387416e+01    3.4686865315e+01   -2.1365300517e+01    3.4148825477e+00   -1.1406291366e+01   -5.1102678081e+01   -1.1127425107e+01    5.1200000000e+02    1.0294052450e+00    7.4053955078e-01
        74   -4.5784531869e+01    2.0974918677e+03   -8.0401415207e+01    3.4616883338e+01   -2.1081335204e+01    3.2710201571e+00   -1.1488422079e+01   -5.1102678081e+01   -1.1203814413e+01    5.1200000000e+02    1.0342800010e+00    7.3864746094e-01
        75   -4.5896118445e+01    2.1079208688e+03   -8.0178975653e+01    3.4282857207e+01   -2.1166342247e+01    3.4878349610e+00   -1.1397790286e+01   -5.1102678081e+01   -1.1136023316e+01    5.1200000000e+02    1.0350042220e+00    7.4017333984e-01
        76   -4.5758180127e+01    2.0949123132e+03   -8.0722493079e+01    3.4964312952e+01   -2.1718604268e+01    3.6961955671e+00   -1.1597406297e+01   -5.1102678081e+01   -1.1315064821e+01    5.1200000000e+02    1.0298836230e+00    7.3677571615e-01
        77   -4.5899484078e+01    2.1081777803e+03   -8.0304585362e+01    3.4405101284e+01   -2.0992089897e+01    3.4195685237e+00   -1.1629385907e+01   -5.1102678081e+01   -1.1358310113e+01    5.1200000000e+02    1.0281487340e+00    7.3881022135e-01
        78   -4.5917359193e+01    2.1095648772e+03   -8.0661492534e+01    3.4744133340e+01   -2.1451624269e+01    3.4561508494e+00   -1.1563341033e+01   -5.1102678081e+01   -1.1297254621e+01    5.1200000000e+02    1.0309148780e+00    7.3889160156e-01
        79   -4.5844704700e+01    2.1030089625e+03   -8.0002934381e+01    3.4158229681e+01   -2.0878775588e+01    3.5241650842e+00   -1.1545645796e+01   -5.1102678081e+01   -1.1271153486e+01    5.1200000000e+02    1.0502361250e+00    7.4013264974e-01
        80   -4.5820309403e+01    2.1007400820e+03   -8.0740392658e+01    3.4920083255e+01   -2.1474669242e+01    3.3130352278e+00   -1.1476080563e+01   -5.1102678081e+01   -1.1216850734e+01    5.1200000000e+02    1.0337878590e+00    7.4066162109e-01
        81   -4.5764735468e+01    2.0957216599e+03   -8.0658275659e+01    3.4893540191e+01   -2.1831483604e+01    3.5226824536e+00   -1.1246796428e+01   -5.1102678081e+01   -1.0955100163e+01    5.1200000000e+02    1.0378726500e+00    7.4043782552e-01
        82   -4.5818381840e+01    2.1007589552e+03   -8.0978379576e+01    3.5159997736e+01   -2.1724416010e+01    3.4968612969e+00   -1.1648146782e+01   -5.1102678081e+01   -1.1366410739e+01    5.1200000000e+02    1.0359985820e+00    7.3929850260e-01
        83   -4.5820384571e+01    2.1006110071e+03   -8.0305415037e+01    3.4485030466e+01   -2.1246600219e+01    3.6245364932e+00   -1.1580673230e+01   -5.1102678081e+01   -1.1311883378e+01    5.1200000000e+02    1.0530662560e+00    7.3999023438e-01
        84   -4.5788923539e+01    2.0979937096e+03   -8.1369904743e+01    3.5580981204e+01   -2.2000470106e+01    3.2833132064e+00   -1.1550069762e+01   -5.1102678081e+01   -1.1263011249e+01    5.1200000000e+02    1.0803365450e+00    7.3722330729e-01
        85   -4.5731147979e+01    2.0927433196e+03   -8.1316598196e+01    3.5585450218e+01   -2.2070543016e+01    3.3192626003e+00   -1.1462639699e+01   -5.1102678081e+01   -1.1192171804e+01    5.1200000000e+02    1.0769826090e+00    7.3919677734e-01
        86   -4.5739344732e+01    2.0932412334e+03   -8.0656584208e+01    3.4917239477e+01   -2.1752867980e+01    3.6800784119e+00   -1.1481116559e+01   -5.1102678081e+01   -1.1197406845e+01    5.1200000000e+02    1.0793339330e+00    7.4005126953e-01
        87   -4.5701233445e+01    2.0897871675e+03   -8.0719939950e+01    3.5018706505e+01   -2.1544885188e+01    3.2635829359e+00   -1.1335959617e+01   -5.1102678081e+01   -1.1049825838e+01    5.1200000000e+02    1.0663735460e+00    7.3685709635e-01
        88   -4.5751599386e+01    2.0944033725e+03   -8.0524236154e+01    3.4772636769e+01   -2.0845827766e+01    2.8366875349e+00   -1.1412417842e+01   -5.1102678081e+01   -1.1133069067e+01    5.1200000000e+02    1.0496379310e+00    7.4082438151e-01
        89   -4.5771392661e+01    2.0961521916e+03   -8.0554684445e+01    3.4783291784e+01   -2.1004717895e+01    2.9507402973e+00   -1.1398028767e+01   -5.1102678081e+01   -1.1115197280e+01    5.1200000000e+02    1.0570017610e+00    7.3685709635e-01
        90   -4.5837036715e+01    2.1022484194e+03   -8.1294083603e+01    3.5457046889e+01   -2.1829492260e+01    3.1430678018e+00   -1.1504981064e+01   -5.1102678081e+01   -1.1223815779e+01    5.1200000000e+02    1.0315813820e+00    7.3225911458e-01
        91   -4.5695502914e+01    2.0892558475e+03   -8.0656419725e+01    3.4960916811e+01   -2.1058590075e+01    2.9687064300e+00   -1.1463857999e+01   -5.1102678081e+01   -1.1170622694e+01    5.1200000000e+02    1.0276383900e+00    7.4051920573e-01
        92   -4.5818849458e+01    2.1005028420e+03   -8.0610552242e+01    3.4791702785e+01   -2.0867639270e+01    2.8494886220e+00   -1.1489723513e+01   -5.1102678081e+01   -1.1199623184e+01    5.1200000000e+02    1.0386011720e+00    7.4076334635e-01
        93   -4.5780843318e+01    2.0972060219e+03   -7.9843166497e+01    3.4062323180e+01   -2.0541583927e+01    3.2735222473e+00   -1.1472426736e+01   -5.1102678081e+01   -1.1188583047e+01    5.1200000000e+02    1.0361476070e+00    7.4253336589e-01
        94   -4.5875760808e+01    2.1058783330e+03   -7.9765653268e+01    3.3889892460e+01   -2.0298115634e+01    3.2086277378e+00   -1.1573487291e+01   -5.1102678081e+01   -1.1272290911e+01    5.1200000000e+02    1.0288030700e+00    7.3673502604e-01
        95   -4.5821358001e+01    2.1007262736e+03   -8.0430200031e+01    3.4608842030e+01   -2.1292285484e+01    3.5946085457e+00   -1.1629845011e+01   -5.1102678081e+01   -1.1337471815e+01    5.1200000000e+02    1.0285881960e+00    7.3738606771e-01
        96   -4.5754512403e+01    2.0947981567e+03   -8.0839217860e+01    3.5084705457e+01   -2.1973185485e+01    3.7958244487e+00   -1.1559178742e+01   -5.1102678081e+01   -1.1281754320e+01    5.1200000000e+02    1.0319297570e+00    7.3968505859e-01
        97   -4.5815433412e+01    2.1002463527e+03   -8.0616920087e+01    3.4801486675e+01   -2.1685802718e+01    3.6089911884e+00   -1.1437430477e+01   -5.1102678081e+01   -1.1160002162e+01    5.1200000000e+02    1.0304314530e+00    7.3657226562e-01
        98   -4.5747463560e+01    2.0938848561e+03   -8.0458415198e+01    3.4710951638e+01   -2.1185680068e+01    3.3624242408e+00   -1.1532481290e+01   -5.1102678081e+01   -1.1251379188e+01    5.1200000000e+02    1.0900847690e+00    7.3860677083e-01
        99   -4.5785067260e+01    2.0974734190e+03   -8.0777716471e+01    3.4992649211e+01   -2.1358365350e+01    3.1445275795e+00   -1.1461200620e+01   -5.1102678081e+01   -1.1181784282e+01    5.1200000000e+02    1.0417035250e+00    7.3649088542e-01
       100   -4.5835532567e+01    2.1019853866e+03   -8.0603100365e+01    3.4767567798e+01   -2.1079800370e+01    3.0989579745e+00   -1.1519579888e+01   -5.1102678081e+01   -1.1242991592e+01    5.1200000000e+02    1.0607333950e+00    7.3893229167e-01
       101   -4.5774409513e+01    2.0963566837e+03   -8.0261112145e+01    3.4486702632e+01   -2.1274695755e+01    3.7085296323e+00   -1.1592267942e+01   -5.1102678081e+01   -1.1333561707e+01    5.1200000000e+02    1.0648831500e+00    7.4035644531e-01
       102   -4.5738820872e+01    2.0931970733e+03   -8.0421335391e+01    3.4682514519e+01   -2.1024785782e+01    3.1881337672e+00   -1.1482005295e+01   -5.1102678081e+01   -1.1230614804e+01    5.1200000000e+02    1.0711270490e+00    7.4145507812e-01
       103   -4.5833599164e+01    2.1020181910e+03   -8.0305825054e+01    3.4472225890e+01   -2.1201226937e+01    3.6268284237e+00   -1.1628748460e+01   -5.1102678081e+01   -1.1356287588e+01    5.1200000000e+02    1.0825218960e+00    7.4102783203e-01
       104   -4.5809263392e+01    2.0996900196e+03   -8.0883051617e+01    3.5073788225e+01   -2.1605649398e+01    3.3482435865e+00   -1.1522967724e+01   -5.1102678081e+01   -1.1240276395e+01    5.1200000000e+02    1.0367051140e+00    7.4114990234e-01
       105   -4.5819928884e+01    2.1008685347e+03   -8.0716656810e+01    3.4896727926e+01   -2.1152316570e+01    3.0068593081e+00   -1.1468521467e+01   -5.1102678081e+01   -1.1198594729e+01    5.1200000000e+02    1.0253743580e+00    7.3691813151e-01
       106   -4.5807542569e+01    2.0996775274e+03   -8.0061018580e+01    3.4253476010e+01   -2.0716006958e+01    3.3532303644e+00   -1.1595563905e+01   -5.1102678081e+01   -1.1316127443e+01    5.1200000000e+02    1.0192816490e+00    7.3708089193e-01
       107   -4.5858297878e+01    2.1043039634e+03   -8.0646913214e+01    3.4788615337e+01   -2.1090138109e+01    3.0720528759e+00   -1.1526149900e+01   -5.1102678081e+01   -1.1248544996e+01    5.1200000000e+02    1.0169352110e+00    7.3791503906e-01
       108   -4.5778213591e+01    2.0968977821e+03   -7.9997430917e+01    3.4219217326e+01   -2.1118236418e+01    3.5862980689e+00   -1.1362814487e+01   -5.1102678081e+01   -1.1081403673e+01    5.1200000000e+02    1.0285835470e+00    7.3667399089e-01
       109   -4.5764699369e+01    2.0958457920e+03   -8.0487546851e+01    3.4722847482e+01   -2.0954856360e+01    3.0732110268e+00   -1.1503223437e+01   -5.1102678081e+01   -1.1237976062e+01    5.1200000000e+02    1.0320453330e+00    7.3754882812e-01
       110   -4.5836062926e+01    2.1020840175e+03   -8.0775380082e+01    3.4939317157e+01   -2.1850995522e+01    3.5779576934e+00   -1.1399664172e+01   -5.1102678081e+01   -1.1133572437e+01    5.1200000000e+02    1.0299170510e+00    7.3518880208e-01
       111   -4.5800622695e+01    2.0988987023e+03   -8.0796694343e+01    3.4996071648e+01   -2.1705810717e+01    3.4683627148e+00   -1.1456568260e+01   -5.1102678081e+01   -1.1163970238e+01    5.1200000000e+02    1.0300799100e+00    7.4003092448e-01
       112   -4.5799211453e+01    2.0990621393e+03   -8.0538233121e+01    3.4739021669e+01   -2.1589007699e+01    3.5773330636e+00   -1.1423880405e+01   -5.1102678081e+01   -1.1137139142e+01    5.1200000000e+02    1.0395938000e+00    7.3706054688e-01
       113   -4.5742369900e+01    2.0933979648e+03   -8.0284810429e+01    3.4542440530e+01   -2.0956927061e+01    3.2554059607e+00   -1.1480611248e+01   -5.1102678081e+01   -1.1217918901e+01    5.1200000000e+02    1.0270355230e+00    7.4241129557e-01
       114   -4.5781627860e+01    2.0970931666e+03   -8.0891217110e+01    3.5109589250e+01   -2.1293476218e+01    3.1020069934e+00   -1.1597069804e+01   -5.1102678081e+01   -1.1330784721e+01    5.1200000000e+02    1.0270763630e+00    7.3927815755e-01
       115   -4.5768646409e+01    2.0960105899e+03   -8.0515746018e+01    3.4747099609e+01   -2.1244350846e+01    3.2861116451e+00   -1.1454828737e+01   -5.1102678081e+01   -1.1177222827e+01    5.1200000000e+02    1.0274968120e+00    7.3923746745e-01
       116   -4.5721388090e+01    2.0917129438e+03   -8.0400653592e+01    3.4679265502e+01   -2.1030875193e+01    3.2447235490e+00   -1.1511823867e+01   -5.1102678081e+01   -1.1241792329e+01    5.1200000000e+02    1.0257047540e+00    7.4186197917e-01
       117   -4.5780228393e+01    2.0970835367e+03   -8.0271312490e+01    3.4491084097e+01   -2.0886562925e+01    3.5419899763e+00   -1.1824061460e+01   -5.1102678081e+01   -1.1551735937e+01    5.1200000000e+02    1.0714120160e+00    7.4001057943e-01
       118   -4.5762094384e+01    2.0953140463e+03   -8.0643047756e+01    3.4880953371e+01   -2.1176079148e+01    3.3455729526e+00   -1.1709863479e+01   -5.1102678081e+01   -1.1450414895e+01    5.1200000000e+02    1.0721039850e+00    7.4277750651e-01
       119   -4.5831436177e+01    2.1016824571e+03   -7.9940773070e+01    3.4109336893e+01   -2.0821603976e+01    3.5602921752e+00   -1.1576783188e+01   -5.1102678081e+01   -1.1308469975e+01    5.1200000000e+02    1.0894115520e+00    7.3724365234e-01
       120   -4.5756692816e+01    2.0947752759e+03   -8.0283842936e+01    3.4527150120e+01   -2.1009286736e+01    3.4584502205e+00   -1.1630328339e+01   -5.1102678081e+01   -1.1356886394e+01    5.1200000000e+02    1.0737471630e+00    7.3852539062e-01
       121   -4.5737778740e+01    2.0934332538e+03   -8.0302657814e+01    3.4564879073e+01   -2.1497517188e+01    3.7914146497e+00   -1.1493877195e+01   -5.1102678081e+01   -1.1212102659e+01    5.1200000000e+02    1.0349836240e+00    7.3801676432e-01
       122   -4.5732111972e+01    2.0925593410e+03   -8.0509182317e+01    3.4777070346e+01   -2.1513498117e+01    3.5565486867e+00   -1.1449554806e+01   -5.1102678081e+01   -1.1157831777e+01    5.1200000000e+02    1.0331179140e+00    7.4084472656e-01
       123   -4.5789170261e+01    2.0977717860e+03   -8.0364271214e+01    3.4575100953e+01   -2.0820960746e+01    3.2420103201e+00   -1.1682642707e+01   -5.1102678081e+01   -1.1400801933e+01    5.1200000000e+02    1.0392881550e+00    7.3581949870e-01
       124   -4.5847908510e+01    2.1033077870e+03   -8.0172001564e+01    3.4324093055e+01   -2.0674975729e+01    3.3135261083e+00   -1.1707873862e+01   -5.1102678081e+01   -1.1434664814e+01    5.1200000000e+02    1.0440198710e+00    7.3952229818e-01
       125   -4.5808932283e+01    2.0994541333e+03   -7.9919595583e+01    3.4110663300e+01   -2.0846070225e+01    3.6725695645e+00   -1.1643416841e+01   -5.1102678081e+01   -1.1355291199e+01    5.1200000000e+02    1.0405878470e+00    7.3942057292e-01
       126   -4.5790099110e+01    2.0979638294e+03   -8.0097626773e+01    3.4307527663e+01   -2.1040422847e+01    3.6511860453e+00   -1.1605711890e+01   -5.1102678081e+01   -1.1324708989e+01    5.1200000000e+02    1.0749387210e+00    7.3923746745e-01
       127   -4.5875892057e+01    2.1059735731e+03   -8.0418365862e+01    3.4542473805e+01   -2.1161563299e+01    3.2777705817e+00   -1.1431895064e+01   -5.1102678081e+01   -1.1140505648e+01    5.1200000000e+02    1.0592327490e+00    7.3577880859e-01
       128   -4.5695730722e+01    2.0893539724e+03   -8.1010153373e+01    3.5314422650e+01   -2.1974429804e+01    3.3990638520e+00   -1.1332109339e+01   -5.1102678081e+01   -1.1035761739e+01    5.1200000000e+02    1.0356949840e+00    7.3555501302e-01
       129   -4.5726580521e+01    2.0922205762e+03   -8.0920909311e+01    3.5194328790e+01   -2.1889069943e+01    3.6552348605e+00   -1.1584396147e+01   -5.1102678081e+01   -1.1299103410e+01    5.1200000000e+02    1.0476364930e+00    7.3573811849e-01
       130   -4.5781867526e+01    2.0971639567e+03   -8.0278310580e+01    3.4496443054e+01   -2.0951020320e+01    3.2765350965e+00   -1.1501147276e+01   -5.1102678081e+01   -1.1216233160e+01    5.1200000000e+02    1.0304864130e+00    7.3758951823e-01
       131   -4.5745466545e+01    2.0936891377e+03   -8.0160632664e+01    3.4415166119e+01   -2.0648824309e+01    3.2233601836e+00   -1.1632490458e+01   -5.1102678081e+01   -1.1353737148e+01    5.1200000000e+02    1.0273574660e+00    7.4098714193e-01
       132   -4.5796042169e+01    2.0984921812e+03   -8.0099282409e+01    3.4303240240e+01   -2.1022795882e+01    3.6682413725e+00   -1.1642049819e+01   -5.1102678081e+01   -1.1359913816e+01    5.1200000000e+02    1.0325042870e+00    7.3883056641e-01
       133   -4.5797637722e+01    2.0985538935e+03   -8.0062937881e+01    3.4265300160e+01   -2.0621241339e+01    3.3033133425e+00   -1.1642331803e+01   -5.1102678081e+01   -1.1353793887e+01    5.1200000000e+02    1.0326343300e+00    7.4167887370e-01
       134   -4.5871915200e+01    2.1055736687e+03   -8.0356535079e+01    3.4484619879e+01   -2.0863120683e+01    3.2010256718e+00   -1.1591761986e+01   -5.1102678081e+01   -1.1317241587e+01    5.1200000000e+02    1.0649775710e+00    7.3659261068e-01
       135   -4.5835675478e+01    2.1020233493e+03   -8.0738683017e+01    3.4903007539e+01   -2.1367742557e+01    3.3326919512e+00   -1.1600954330e+01   -5.1102678081e+01   -1.1312898661e+01    5.1200000000e+02    1.0610025480e+00    7.3866780599e-01
       136   -4.5742321409e+01    2.0934711999e+03   -8.1174000073e+01    3.5431678664e+01   -2.1799770951e+01    3.3678284004e+00   -1.1639379441e+01   -5.1102678081e+01   -1.1348524589e+01    5.1200000000e+02    1.0643354450e+00    7.3846435547e-01
       137   -4.5746601067e+01    2.0939883076e+03   -8.0596526599e+01    3.4849925531e+01   -2.0974924738e+01    2.9833039144e+00   -1.1502227694e+01   -5.1102678081e+01   -1.1209982253e+01    5.1200000000e+02    1.0593858810e+00    7.4060058594e-01
       138   -4.5837146267e+01    2.1026621874e+03   -8.0268414577e+01    3.4431268310e+01   -2.1226363644e+01    3.6382746431e+00   -1.1577647494e+01   -5.1102678081e+01   -1.1303913516e+01    5.1200000000e+02    1.0240095650e+00    7.4078369141e-01
       139   -4.5780828351e+01    2.0970269660e+03   -7.9882124660e+01    3.4101296309e+01   -2.0585967665e+01    3.3724536681e+00   -1.1565932582e+01   -5.1102678081e+01   -1.1285702803e+01    5.1200000000e+02    1.0335746140e+00    7.4145507812e-01
       140   -4.5786220405e+01    2.0975307812e+03   -7.9299416532e+01    3.3513196127e+01   -1.9820523644e+01    3.3276953981e+00   -1.1703910205e+01   -5.1102678081e+01   -1.1427265359e+01    5.1200000000e+02    1.0218889900e+00    7.3885091146e-01
       141   -4.5791718168e+01    2.0980293060e+03   -7.9996278067e+01    3.4204559899e+01   -2.0584641348e+01    3.3613889401e+00   -1.1670347578e+01   -5.1102678081e+01   -1.1372110842e+01    5.1200000000e+02    1.0271424770e+00    7.4342854818e-01
       142   -4.5801347082e+01    2.0988907185e+03   -7.9835486111e+01    3.4034139029e+01   -2.0772026635e+01    3.4897084494e+00   -1.1450489844e+01   -5.1102678081e+01   -1.1162620431e+01    5.1200000000e+02    1.0149337640e+00    7.3911539714e-01
       143   -4.5832095865e+01    2.1020303052e+03   -8.0402280472e+01    3.4570184607e+01   -2.0852754155e+01    3.1428879568e+00   -1.1589736192e+01   -5.1102678081e+01   -1.1307591228e+01    5.1200000000e+02    1.0142802290e+00    7.3756917318e-01
       144   -4.5825284462e+01    2.1010306207e+03   -8.0163045679e+01    3.4337761217e+01   -2.0552530448e+01    3.0575616962e+00   -1.1565398847e+01   -5.1102678081e+01   -1.1294586131e+01    5.1200000000e+02    1.0210194300e+00    7.3618570964e-01
       145   -4.5845622126e+01    2.1030782634e+03   -8.0456728499e+01    3.4611106373e+01   -2.0777005354e+01    3.0220547815e+00   -1.1599099845e+01   -5.1102678081e+01   -1.1324780826e+01    5.1200000000e+02    1.0237250910e+00    7.3594156901e-01
       146   -4.5941991499e+01    2.1118757012e+03   -8.0674144007e+01    3.4732152508e+01   -2.1101974310e+01    3.1082855272e+00   -1.1577777143e+01   -5.1102678081e+01   -1.1304095952e+01    5.1200000000e+02    1.0284897310e+00    7.4015299479e-01
       147   -4.5823507095e+01    2.1011034281e+03   -8.0117716774e+01    3.4294209678e+01   -2.1040377244e+01    3.6981420162e+00   -1.1672803465e+01   -5.1102678081e+01   -1.1393279032e+01    5.1200000000e+02    1.0211172150e+00    7.4019368490e-01
       148   -4.5848045454e+01    2.1033799687e+03   -8.0185813047e+01    3.4337767594e+01   -2.0582189167e+01    3.1629175316e+00   -1.1663863331e+01   -5.1102678081e+01   -1.1365724703e+01    5.1200000000e+02    1.0226619880e+00    7.4033610026e-01
       149   -4.5749334298e+01    2.0941435410e+03   -8.0149663098e+01    3.4400328800e+01   -2.0471648939e+01    3.2641793056e+00   -1.1839515384e+01   -5.1102678081e+01   -1.1571224043e+01    5.1200000000e+02    1.0365041150e+00    7.3575846354e-01
       150   -4.5761409009e+01    2.0953313919e+03   -8.0011563720e+01    3.4250154711e+01   -2.0574549044e+01    3.3540598674e+00   -1.1688396463e+01   -5.1102678081e+01   -1.1400777804e+01    5.1200000000e+02    1.0374727900e+00    7.3781331380e-01
       151   -4.5805703491e+01    2.0993685425e+03   -8.0490791765e+01    3.4685088274e+01   -2.1475850142e+01    3.7086652077e+00   -1.1620928750e+01   -5.1102678081e+01   -1.1343591234e+01    5.1200000000e+02    1.0681635470e+00    7.3533121745e-01
       152   -4.5842386426e+01    2.1027359239e+03   -8.0649056780e+01    3.4806670353e+01   -2.1358725819e+01    3.3922827338e+00   -1.1579935613e+01   -5.1102678081e+01   -1.1292932213e+01    5.1200000000e+02    1.0705789940e+00    7.4129231771e-01
       153   -4.5843250488e+01    2.1028452916e+03   -8.0288656123e+01    3.4445405635e+01   -2.1242771618e+01    3.5129805387e+00   -1.1456186963e+01   -5.1102678081e+01   -1.1170004308e+01    5.1200000000e+02    1.0698376900e+00    7.3942057292e-01
       154   -4.5761182582e+01    2.0952083803e+03   -8.0383272779e+01    3.4622090197e+01   -2.1075389095e+01    3.3950016460e+00   -1.1600207248e+01   -5.1102678081e+01   -1.1329984116e+01    5.1200000000e+02    1.0540358510e+00    7.3974609375e-01
       155   -4.5739136481e+01    2.0933970483e+03   -8.0307653976e+01    3.4568517495e+01   -2.0784018158e+01    3.2759414955e+00   -1.1696899232e+01   -5.1102678081e+01   -1.1434176096e+01    5.1200000000e+02    1.0605940870e+00    7.3974609375e-01
       156   -4.5731528275e+01    2.0925524652e+03   -7.9965135665e+01    3.4233607390e+01   -2.0994587382e+01    3.5967930363e+00   -1.1464663238e+01   -5.1102678081e+01   -1.1186840192e+01    5.1200000000e+02    1.0515808740e+00    7.3701985677e-01
       157   -4.5845158704e+01    2.1031038099e+03   -8.0477127510e+01    3.4631968805e+01   -2.1551462699e+01    3.6181137088e+00   -1.1441100438e+01   -5.1102678081e+01   -1.1168064907e+01    5.1200000000e+02    1.0360680420e+00    7.3616536458e-01
       158   -4.5783660229e+01    2.0970785864e+03   -8.0696589170e+01    3.4912928941e+01   -2.0831981412e+01    3.0205055089e+00   -1.1782435186e+01   -5.1102678081e+01   -1.1502068198e+01    5.1200000000e+02    1.0430233870e+00    7.3933919271e-01
       159   -4.5736772478e+01    2.0930145540e+03   -8.0313080931e+01    3.4576308453e+01   -2.0618034512e+01    2.9527780115e+00   -1.1545146349e+01   -5.1102678081e+01   -1.1271765843e+01    5.1200000000e+02    1.0622578690e+00    7.3606363932e-01
       160   -4.5729443380e+01    2.0925346597e+03   -8.0754874830e+01    3.5025431450e+01   -2.1775999999e+01    3.7364417647e+00   -1.1612638515e+01   -5.1102678081e+01   -1.1334589501e+01    5.1200000000e+02    1.0459530360e+00    7.4053955078e-01
       161   -4.5763472438e+01    2.0956727624e+03   -8.0420366379e+01    3.4656893941e+01   -2.0578405570e+01    3.0098643192e+00   -1.1749147047e+01   -5.1102678081e+01   -1.1462594822e+01    5.1200000000e+02    1.0469656200e+00    7.3990885417e-01
       162   -4.5822248422e+01    2.1009288215e+03   -8.0478229761e+01    3.4655981339e+01   -2.1083675546e+01    3.3262800126e+00   -1.1618156146e+01   -5.1102678081e+01   -1.1318587987e+01    5.1200000000e+02    1.0425585110e+00    7.3915608724e-01
       163   -4.5873268264e+01    2.1055416396e+03   -7.9790866310e+01    3.3917598046e+01   -2.0426357768e+01    3.2935254380e+00   -1.1555355898e+01   -5.1102678081e+01   -1.1251721105e+01    5.1200000000e+02    1.0389136310e+00    7.3950195312e-01
       164   -4.5772979110e+01    2.0962838344e+03   -8.0479737164e+01    3.4706758054e+01   -2.1221126878e+01    3.5098494427e+00   -1.1665781648e+01   -5.1102678081e+01   -1.1394235069e+01    5.1200000000e+02    1.0332917290e+00    7.3885091146e-01
       165   -4.5768031130e+01    2.0959346648e+03   -8.0798441021e+01    3.5030409892e+01   -2.1209643632e+01    3.1528121002e+00   -1.1638931408e+01   -5.1102678081e+01   -1.1361266888e+01    5.1200000000e+02    1.0299623760e+00    7.3848470052e-01
       166   -4.5686808287e+01    2.0884898656e+03   -8.0380015483e+01    3.4693207195e+01   -2.1371459471e+01    3.6780223659e+00   -1.1583900297e+01   -5.1102678081e+01   -1.1297487391e+01    5.1200000000e+02    1.0382530120e+00    7.3994954427e-01
       167   -4.5712602324e+01    2.0907886051e+03   -8.0330911442e+01    3.4618309118e+01   -2.1409938565e+01    3.5586530743e+00   -1.1376947871e+01   -5.1102678081e+01   -1.1100453552e+01    5.1200000000e+02    1.0573144060e+00    7.3978678385e-01
       168   -4.5808451710e+01    2.0994942374e+03   -8.0156579363e+01    3.4348127653e+01   -2.0513618258e+01    3.0911323931e+00   -1.1631415418e+01   -5.1102678081e+01   -1.1360226756e+01    5.1200000000e+02    1.0700364930e+00    7.4051920573e-01
       169   -4.5761856615e+01    2.0954669660e+03   -8.0501620271e+01    3.4739763655e+01   -2.1484535342e+01    3.6385276543e+00   -1.1552934502e+01   -5.1102678081e+01   -1.1255525157e+01    5.1200000000e+02    1.0851351560e+00    7.3663330078e-01
       170   -4.5864145873e+01    2.1048493158e+03   -8.0155013977e+01    3.4290868104e+01   -2.1201626488e+01    3.7360061146e+00   -1.1586715522e+01   -5.1102678081e+01   -1.1312780743e+01    5.1200000000e+02    1.0726366940e+00    7.4155680339e-01
       171   -4.5705331530e+01    2.0901265087e+03   -8.0353472324e+01    3.4648140795e+01   -2.1432189297e+01    3.6007360453e+00   -1.1419340992e+01   -5.1102678081e+01   -1.1131738143e+01    5.1200000000e+02    1.0306224900e+00    7.4131266276e-01
       172   -4.5781550338e+01    2.0971554008e+03   -8.0128162790e+01    3.4346612451e+01   -2.1254527111e+01    3.7402571116e+00   -1.1511214709e+01   -5.1102678081e+01   -1.1234908942e+01    5.1200000000e+02    1.0274210690e+00    7.4055989583e-01
       173   -4.5832681486e+01    2.1017441400e+03   -8.0426971623e+01    3.4594290137e+01   -2.1217305289e+01    3.3552904701e+00   -1.1462278723e+01   -5.1102678081e+01   -1.1202332294e+01    5.1200000000e+02    1.0278624610e+00    7.3583984375e-01
       174   -4.5800297171e+01    2.0989109002e+03   -8.0278115243e+01    3.4477818072e+01   -2.1247822949e+01    3.6082956312e+00   -1.1535909844e+01   -5.1102678081e+01   -1.1260838987e+01    5.1200000000e+02    1.0255040980e+00    7.4196370443e-01
       175   -4.5798504602e+01    2.0986503359e+03   -8.0337104581e+01    3.4538599980e+01   -2.1082497707e+01    3.3951230342e+00   -1.1547051828e+01   -5.1102678081e+01   -1.1255090846e+01    5.1200000000e+02    1.0240471490e+00    7.3883056641e-01
       176   -4.5880863853e+01    2.1061058956e+03   -8.0468925580e+01    3.4588061727e+01   -2.0988134069e+01    3.2125392686e+00   -1.1590652699e+01   -5.1102678081e+01   -1.1322051610e+01    5.1200000000e+02    1.0247022440e+00    7.3931884766e-01
       177   -4.5794056095e+01    2.0983022041e+03   -8.0372981887e+01    3.4578925792e+01   -2.1383669286e+01    3.6005673798e+00   -1.1487201899e+01   -5.1102678081e+01   -1.1217980063e+01    5.1200000000e+02    1.0270864710e+00    7.3962402344e-01
       178   -4.5783262876e+01    2.0972388696e+03   -8.0819281810e+01    3.5036018933e+01   -2.1666735125e+01    3.3911721846e+00   -1.1441040788e+01   -5.1102678081e+01   -1.1180197504e+01    5.1200000000e+02    1.0258435920e+00    7.4143473307e-01
       179   -4.5807134082e+01    2.0994252432e+03   -8.0901869087e+01    3.5094735005e+01   -2.1495772372e+01    3.3074924867e+00   -1.1610911121e+01   -5.1102678081e+01   -1.1336103062e+01    5.1200000000e+02    1.0405764400e+00    7.3919677734e-01
       180   -4.5896218929e+01    2.1077694999e+03   -8.1102965380e+01    3.5206746451e+01   -2.1978946552e+01    3.5684050351e+00   -1.1589745782e+01   -5.1102678081e+01   -1.1295492418e+01    5.1200000000e+02    1.0228455160e+00    7.3832194010e-01
       181   -4.5762285222e+01    2.0953073839e+03   -8.0123922846e+01    3.4361637623e+01   -2.0847339226e+01    3.2960047690e+00   -1.1469910308e+01   -5.1102678081e+01   -1.1180957011e+01    5.1200000000e+02    1.0252840300e+00    7.3903401693e-01
       182   -4.5805785478e+01    2.0996664729e+03   -8.0514135500e+01    3.4708350021e+01   -2.1219349309e+01    3.2531849306e+00   -1.1445293040e+01   -5.1102678081e+01   -1.1162746807e+01    5.1200000000e+02    1.0221403840e+00    7.3933919271e-01
       183   -4.5768486026e+01    2.0959111557e+03   -8.0360008307e+01    3.4591522281e+01   -2.0684300358e+01    3.0093212823e+00   -1.1582351150e+01   -5.1102678081e+01   -1.1284694294e+01    5.1200000000e+02    1.0202249240e+00    7.3848470052e-01
       184   -4.5726800767e+01    2.0920471115e+03   -7.9975957492e+01    3.4249156725e+01   -2.0778269166e+01    3.3758698428e+00   -1.1470880088e+01   -5.1102678081e+01   -1.1195748438e+01    5.1200000000e+02    1.0909168050e+00    7.4041748047e-01
       185   -4.5733704033e+01    2.0926467431e+03   -7.9754334596e+01    3.4020630563e+01   -2.0407171161e+01    3.3043118101e+00   -1.1548797164e+01   -5.1102678081e+01   -1.1272462910e+01    5.1200000000e+02    1.0731361220e+00    7.3923746745e-01
       186   -4.5748890985e+01    2.0942287470e+03   -7.9761788539e+01    3.4012897555e+01   -2.0364273566e+01    3.3493993993e+00   -1.1644236291e+01   -5.1102678081e+01   -1.1368930958e+01    5.1200000000e+02    1.0546912960e+00    7.3781331380e-01
       187   -4.5725917595e+01    2.0920215102e+03   -7.9988520212e+01    3.4262602618e+01   -2.0835615712e+01    3.4281074322e+00   -1.1478333852e+01   -5.1102678081e+01   -1.1200349292e+01    5.1200000000e+02    1.0597731610e+00    7.3944091797e-01
       188   -4.5794290331e+01    2.0982863488e+03   -7.9708747844e+01    3.3914457513e+01   -2.0486284267e+01    3.2749109793e+00   -1.1394696475e+01   -5.1102678081e+01   -1.1121163140e+01    5.1200000000e+02    1.0207863740e+00    7.3415120443e-01
       189   -4.5807447267e+01    2.0995313370e+03   -7.9734085853e+01    3.3926638586e+01   -2.0937544759e+01    3.6984049397e+00   -1.1392267952e+01   -5.1102678081e+01   -1.1114519726e+01    5.1200000000e+02    1.0331654220e+00    7.3986816406e-01
       190   -4.5732246127e+01    2.0926143173e+03   -7.9925781052e+01    3.4193534924e+01   -2.0469056063e+01    3.3314622606e+00   -1.1685509168e+01   -5.1102678081e+01   -1.1400480496e+01    5.1200000000e+02    1.0267206010e+00    7.3484293620e-01
       191   -4.5778158014e+01    2.0969865756e+03   -8.0064915293e+01    3.4286757278e+01   -2.1002774282e+01    3.5271369354e+00   -1.1486599865e+01   -5.1102678081e+01   -1.1186332362e+01    5.1200000000e+02    1.0264064800e+00    7.3771158854e-01
       192   -4.5732860899e+01    2.0926359221e+03   -8.0947990914e+01    3.5215130016e+01   -2.1440155234e+01    3.2615307975e+00   -1.1666688396e+01   -5.1102678081e+01   -1.1377783557e+01    5.1200000000e+02    1.0471303900e+00    7.3360188802e-01
       193   -4.5721126965e+01    2.0915840631e+03   -8.0840628389e+01    3.5119501425e+01   -2.1124732088e+01    3.0800603966e+00   -1.1693278617e+01   -5.1102678081e+01   -1.1410033973e+01    5.1200000000e+02    1.0465850240e+00    7.3803710938e-01
       194   -4.5833177514e+01    2.1019315509e+03   -8.0621326042e+01    3.4788148528e+01   -2.1463656627e+01    3.5033748774e+00   -1.1558366211e+01   -5.1102678081e+01   -1.1273774762e+01    5.1200000000e+02    1.0543261600e+00    7.3732503255e-01
       195   -4.5801541267e+01    2.0989678400e+03   -8.0266265855e+01    3.4464724588e+01   -2.0613018818e+01    3.1695060935e+00   -1.1720075050e+01   -5.1102678081e+01   -1.1420767029e+01    5.1200000000e+02    1.0558006110e+00    7.4064127604e-01
       196   -4.5828051071e+01    2.1013357607e+03   -7.9840964705e+01    3.4012913634e+01   -2.0309582690e+01    3.1983114161e+00   -1.1627015350e+01   -5.1102678081e+01   -1.1340142944e+01    5.1200000000e+02    1.0607938310e+00    7.3956298828e-01
       197   -4.5825158993e+01    2.1009675707e+03   -8.0162404139e+01    3.4337245146e+01   -2.0692451457e+01    3.2264443970e+00   -1.1593718998e+01   -5.1102678081e+01   -1.1318735301e+01    5.1200000000e+02    1.0677029630e+00    7.3718261719e-01
       198   -4.5846402959e+01    2.1032304241e+03   -7.9964787518e+01    3.4118384559e+01   -2.0626848364e+01    3.4397625525e+00   -1.1675023625e+01   -5.1102678081e+01   -1.1398579564e+01    5.1200000000e+02    1.0676439260e+00    7.4047851562e-01
       199   -4.5786398829e+01    2.0975012290e+03   -8.0303589820e+01    3.4517190991e+01   -2.0473386439e+01    2.9241741822e+00   -1.1651699482e+01   -5.1102678081e+01   -1.1365655585e+01    5.1200000000e+02    1.0359739780e+00    7.3905436198e-01
