#   index    LocalEnergy         LocalEnergy_sq      LocalPotential      Kinetic             LocalECP            NonLocalECP         ElecElec            IonIon              MPC                 BlockWeight         BlockCPU            AcceptRatio         
         0   -4.5700362645e+01    2.0898110591e+03   -8.1006120338e+01    3.5305757693e+01   -2.1754741876e+01    3.1158564751e+00   -1.1264556856e+01   -5.1102678081e+01   -1.1005361470e+01    5.1200000000e+02    1.0470670320e+00    7.3197428385e-01
         1   -4.5664965963e+01    2.0864644963e+03   -8.0932398697e+01    3.5267432734e+01   -2.1474514447e+01    3.1073535564e+00   -1.1462559726e+01   -5.1102678081e+01   -1.1194718169e+01    5.1200000000e+02    1.0668147510e+00    7.2871907552e-01
         2   -4.5671925277e+01    2.0873722140e+03   -8.0555808973e+01    3.4883883696e+01   -2.1347335621e+01    3.0660110493e+00   -1.1171806321e+01   -5.1102678081e+01   -1.0902508976e+01    5.1200000000e+02    1.0508744290e+00    7.2589111328e-01
         3   -4.5696367531e+01    2.0897097272e+03   -8.1103630013e+01    3.5407262482e+01   -2.1817446791e+01    3.0431180439e+00   -1.1226623185e+01   -5.1102678081e+01   -1.0943843664e+01    5.1200000000e+02    1.0333810300e+00    7.3352050781e-01
         4   -4.5559539873e+01    2.0768967126e+03   -8.0832741231e+01    3.5273201358e+01   -2.1433329754e+01    3.0216245104e+00   -1.1318357906e+01   -5.1102678081e+01   -1.1021137307e+01    5.1200000000e+02    1.0219460380e+00    7.3693847656e-01
         5   -4.5572277507e+01    2.0780202500e+03   -8.0304332530e+01    3.4732055023e+01   -2.1139444606e+01    3.3227803914e+00   -1.1384990235e+01   -5.1102678081e+01   -1.1093451548e+01    5.1200000000e+02    1.0199671310e+00    7.2869873047e-01
         6   -4.5611657075e+01    2.0817377698e+03   -8.0746031592e+01    3.5134374517e+01   -2.2004680610e+01    3.7296390663e+00   -1.1368311967e+01   -5.1102678081e+01   -1.1081822351e+01    5.1200000000e+02    1.0232701170e+00    7.3150634766e-01
         7   -4.5617483100e+01    2.0822916587e+03   -8.0562299559e+01    3.4944816459e+01   -2.1715511095e+01    3.5926552900e+00   -1.1336765673e+01   -5.1102678081e+01   -1.1048380247e+01    5.1200000000e+02    1.0634313820e+00    7.3221842448e-01
         8   -4.5711538740e+01    2.0908711337e+03   -8.0541096256e+01    3.4829557516e+01   -2.1576300310e+01    3.5208498807e+00   -1.1382967745e+01   -5.1102678081e+01   -1.1087097492e+01    5.1200000000e+02    1.0148784830e+00    7.3370361328e-01
         9   -4.5658571251e+01    2.0860162539e+03   -8.0597160962e+01    3.4938589711e+01   -2.1499201360e+01    3.4970778017e+00   -1.1492359322e+01   -5.1102678081e+01   -1.1213073644e+01    5.1200000000e+02    1.0298457710e+00    7.2977701823e-01
        10   -4.5581030279e+01    2.0790557569e+03   -8.0811002874e+01    3.5229972594e+01   -2.1339054305e+01    3.0674228512e+00   -1.1436693339e+01   -5.1102678081e+01   -1.1169582445e+01    5.1200000000e+02    1.0167397600e+00    7.3490397135e-01
        11   -4.5551181356e+01    2.0760456948e+03   -8.0180010829e+01    3.4628829473e+01   -2.0821827246e+01    3.2144748132e+00   -1.1469980315e+01   -5.1102678081e+01   -1.1168581431e+01    5.1200000000e+02    1.0225597520e+00    7.3217773438e-01
        12   -4.5651177490e+01    2.0854258989e+03   -8.0203271766e+01    3.4552094275e+01   -2.1335213072e+01    3.7133867843e+00   -1.1478767397e+01   -5.1102678081e+01   -1.1186716594e+01    5.1200000000e+02    1.0290271310e+00    7.3396809896e-01
        13   -4.5594371529e+01    2.0801116630e+03   -8.0287735055e+01    3.4693363525e+01   -2.1085199286e+01    3.4230920803e+00   -1.1522949768e+01   -5.1102678081e+01   -1.1234370732e+01    5.1200000000e+02    1.0780309400e+00    7.3647054036e-01
        14   -4.5639473649e+01    2.0842441502e+03   -8.0831909433e+01    3.5192435784e+01   -2.1527817959e+01    3.4524289293e+00   -1.1653842321e+01   -5.1102678081e+01   -1.1359134594e+01    5.1200000000e+02    1.1020767320e+00    7.3061116536e-01
        15   -4.5587187487e+01    2.0794202641e+03   -8.0445828782e+01    3.4858641294e+01   -2.0784193933e+01    2.9447498420e+00   -1.1503706610e+01   -5.1102678081e+01   -1.1220584230e+01    5.1200000000e+02    1.0385000620e+00    7.3059082031e-01
        16   -4.5596616507e+01    2.0802474339e+03   -7.9836178661e+01    3.4239562154e+01   -2.0426455001e+01    3.1777542371e+00   -1.1484799816e+01   -5.1102678081e+01   -1.1205646908e+01    5.1200000000e+02    1.0180411950e+00    7.2979736328e-01
        17   -4.5673448526e+01    2.0874388330e+03   -8.0324520435e+01    3.4651071909e+01   -2.0845373387e+01    3.2195697874e+00   -1.1596038755e+01   -5.1102678081e+01   -1.1332894263e+01    5.1200000000e+02    1.0161231520e+00    7.3278808594e-01
        18   -4.5708690552e+01    2.0903811110e+03   -8.0510771478e+01    3.4802080925e+01   -2.0780197967e+01    3.1161554879e+00   -1.1744050918e+01   -5.1102678081e+01   -1.1464750416e+01    5.1200000000e+02    1.0130044070e+00    7.2985839844e-01
        19   -4.5667307620e+01    2.0866534560e+03   -8.0663377997e+01    3.4996070377e+01   -2.1275224776e+01    3.3469429783e+00   -1.1632418117e+01   -5.1102678081e+01   -1.1360220281e+01    5.1200000000e+02    1.0342571050e+00    7.3219807943e-01
        20   -4.5706416067e+01    2.0904832459e+03   -8.0747618164e+01    3.5041202097e+01   -2.1498588925e+01    3.2222269000e+00   -1.1368578058e+01   -5.1102678081e+01   -1.1065683994e+01    5.1200000000e+02    1.0226023590e+00    7.3085530599e-01
        21   -4.5677506846e+01    2.0878109992e+03   -8.1111519252e+01    3.5434012406e+01   -2.1621895283e+01    2.9638976997e+00   -1.1350843587e+01   -5.1102678081e+01   -1.1047165680e+01    5.1200000000e+02    1.0131187800e+00    7.2981770833e-01
        22   -4.5618207938e+01    2.0821395868e+03   -8.0776037576e+01    3.5157829638e+01   -2.1591179192e+01    3.4701745788e+00   -1.1552354882e+01   -5.1102678081e+01   -1.1263038043e+01    5.1200000000e+02    1.0430332560e+00    7.2812906901e-01
        23   -4.5594540501e+01    2.0799629552e+03   -8.0820870781e+01    3.5226330280e+01   -2.1721995348e+01    3.5471690519e+00   -1.1543366403e+01   -5.1102678081e+01   -1.1279228494e+01    5.1200000000e+02    1.0288502070e+00    7.3057047526e-01
        24   -4.5628249496e+01    2.0831478037e+03   -8.0411163657e+01    3.4782914161e+01   -2.1574516249e+01    3.6119973970e+00   -1.1345966724e+01   -5.1102678081e+01   -1.1042857860e+01    5.1200000000e+02    1.0127680090e+00    7.3258463542e-01
        25   -4.5624284629e+01    2.0831563379e+03   -8.0404111200e+01    3.4779826571e+01   -2.1214092616e+01    3.4104140314e+00   -1.1497754535e+01   -5.1102678081e+01   -1.1207150925e+01    5.1200000000e+02    1.0078887920e+00    7.2916666667e-01
        26   -4.5631092328e+01    2.0831947080e+03   -8.0093293954e+01    3.4462201626e+01   -2.0320640517e+01    2.8597117597e+00   -1.1529687115e+01   -5.1102678081e+01   -1.1254988474e+01    5.1200000000e+02    1.0161034920e+00    7.3246256510e-01
        27   -4.5684166184e+01    2.0885203680e+03   -8.0802257484e+01    3.5118091300e+01   -2.1486261761e+01    3.1803844753e+00   -1.1393702117e+01   -5.1102678081e+01   -1.1105114739e+01    5.1200000000e+02    1.0101707010e+00    7.2985839844e-01
        28   -4.5715868318e+01    2.0912930277e+03   -8.0626276937e+01    3.4910408619e+01   -2.1688288837e+01    3.6295737020e+00   -1.1464883721e+01   -5.1102678081e+01   -1.1185939872e+01    5.1200000000e+02    1.0206002240e+00    7.3229980469e-01
        29   -4.5697015579e+01    2.0895027954e+03   -8.0778072777e+01    3.5081057198e+01   -2.1578077311e+01    3.4350261606e+00   -1.1532343545e+01   -5.1102678081e+01   -1.1259721460e+01    5.1200000000e+02    1.0294918500e+00    7.3262532552e-01
        30   -4.5798936714e+01    2.0988941674e+03   -8.1163308562e+01    3.5364371848e+01   -2.1082521162e+01    2.6939803175e+00   -1.1672089636e+01   -5.1102678081e+01   -1.1399887454e+01    5.1200000000e+02    1.0137343970e+00    7.2939046224e-01
        31   -4.5697520379e+01    2.0895879245e+03   -8.0447474202e+01    3.4749953823e+01   -2.1077128362e+01    3.1958868200e+00   -1.1463554579e+01   -5.1102678081e+01   -1.1173410209e+01    5.1200000000e+02    1.0687944290e+00    7.3209635417e-01
        32   -4.5692146229e+01    2.0893652414e+03   -8.0895592331e+01    3.5203446102e+01   -2.1400933635e+01    3.0421231270e+00   -1.1434103742e+01   -5.1102678081e+01   -1.1136792972e+01    5.1200000000e+02    1.0600796400e+00    7.3085530599e-01
        33   -4.5553480100e+01    2.0763811674e+03   -8.1155731592e+01    3.5602251492e+01   -2.1437964097e+01    3.0136755108e+00   -1.1628764925e+01   -5.1102678081e+01   -1.1361094216e+01    5.1200000000e+02    1.0154923410e+00    7.2475179036e-01
        34   -4.5662279366e+01    2.0862412498e+03   -8.0540923856e+01    3.4878644490e+01   -2.1634393968e+01    3.7270738130e+00   -1.1530925620e+01   -5.1102678081e+01   -1.1260980310e+01    5.1200000000e+02    1.0635658450e+00    7.3447672526e-01
        35   -4.5598991387e+01    2.0807398364e+03   -8.0501109032e+01    3.4902117645e+01   -2.0986221672e+01    3.1987650071e+00   -1.1610974286e+01   -5.1102678081e+01   -1.1323220237e+01    5.1200000000e+02    1.0291257810e+00    7.3044840495e-01
        36   -4.5551287363e+01    2.0762678829e+03   -8.0245699962e+01    3.4694412599e+01   -2.1275112592e+01    3.7629125052e+00   -1.1630821794e+01   -5.1102678081e+01   -1.1353010967e+01    5.1200000000e+02    1.0376440920e+00    7.3101806641e-01
        37   -4.5656455268e+01    2.0857992979e+03   -8.0527751739e+01    3.4871296471e+01   -2.1419663545e+01    3.5720777811e+00   -1.1577487894e+01   -5.1102678081e+01   -1.1298252281e+01    5.1200000000e+02    1.0226601650e+00    7.3162841797e-01
        38   -4.5614978246e+01    2.0818942538e+03   -8.0002462282e+01    3.4387484036e+01   -2.0947035248e+01    3.4718541669e+00   -1.1424603121e+01   -5.1102678081e+01   -1.1124900417e+01    5.1200000000e+02    1.0111951720e+00    7.3496500651e-01
        39   -4.5624882113e+01    2.0830028530e+03   -8.0360816687e+01    3.4735934574e+01   -2.1530820985e+01    3.7479626602e+00   -1.1475280281e+01   -5.1102678081e+01   -1.1185645601e+01    5.1200000000e+02    1.0249434000e+00    7.3254394531e-01
        40   -4.5657967657e+01    2.0859343841e+03   -8.0304255316e+01    3.4646287660e+01   -2.1118398848e+01    3.1538147274e+00   -1.1236993115e+01   -5.1102678081e+01   -1.0957113253e+01    5.1200000000e+02    1.0136156330e+00    7.3227945964e-01
        41   -4.5681158581e+01    2.0879090903e+03   -8.0931780085e+01    3.5250621504e+01   -2.1672053308e+01    3.3453149353e+00   -1.1502363631e+01   -5.1102678081e+01   -1.1233713757e+01    5.1200000000e+02    1.0117046810e+00    7.2987874349e-01
        42   -4.5618141758e+01    2.0823988959e+03   -8.0549812936e+01    3.4931671178e+01   -2.1705820620e+01    3.7092525623e+00   -1.1450566797e+01   -5.1102678081e+01   -1.1168489764e+01    5.1200000000e+02    1.0065846670e+00    7.3055013021e-01
        43   -4.5563759783e+01    2.0774462272e+03   -8.1540437062e+01    3.5976677279e+01   -2.1950684602e+01    3.0222696236e+00   -1.1509344003e+01   -5.1102678081e+01   -1.1234737980e+01    5.1200000000e+02    1.0071390030e+00    7.3079427083e-01
        44   -4.5686101992e+01    2.0884592817e+03   -8.0679700439e+01    3.4993598446e+01   -2.1337426985e+01    3.3899321843e+00   -1.1629527557e+01   -5.1102678081e+01   -1.1353730573e+01    5.1200000000e+02    1.0113023810e+00    7.3537190755e-01
        45   -4.5619945978e+01    2.0825400192e+03   -8.0310287856e+01    3.4690341878e+01   -2.1001825203e+01    3.3520558259e+00   -1.1557840398e+01   -5.1102678081e+01   -1.1293756161e+01    5.1200000000e+02    1.0149939220e+00    7.3061116536e-01
        46   -4.5632280203e+01    2.0842369974e+03   -8.0535382449e+01    3.4903102245e+01   -2.1045322249e+01    3.1278304591e+00   -1.1515212577e+01   -5.1102678081e+01   -1.1250062851e+01    5.1200000000e+02    1.0080674030e+00    7.2764078776e-01
        47   -4.5584247335e+01    2.0792478401e+03   -8.0599958602e+01    3.5015711266e+01   -2.1212855160e+01    3.2569166136e+00   -1.1541341974e+01   -5.1102678081e+01   -1.1266046468e+01    5.1200000000e+02    1.0020295430e+00    7.3563639323e-01
        48   -4.5579704468e+01    2.0786498577e+03   -8.0588739489e+01    3.5009035021e+01   -2.0777027771e+01    2.8276294947e+00   -1.1536663132e+01   -5.1102678081e+01   -1.1264519317e+01    5.1200000000e+02    9.9929471100e-01    7.3490397135e-01
        49   -4.5675598131e+01    2.0874344408e+03   -8.0956404961e+01    3.5280806830e+01   -2.1601092866e+01    3.2004368652e+00   -1.1453070879e+01   -5.1102678081e+01   -1.1172859420e+01    5.1200000000e+02    1.0556379410e+00    7.3195393880e-01
        50   -4.5636569626e+01    2.0841510790e+03   -8.0505693980e+01    3.4869124354e+01   -2.1310772001e+01    3.4157886261e+00   -1.1508032524e+01   -5.1102678081e+01   -1.1239518961e+01    5.1200000000e+02    1.0045365230e+00    7.3347981771e-01
        51   -4.5657439620e+01    2.0858053510e+03   -8.1019564041e+01    3.5362124421e+01   -2.1594884702e+01    3.2733034447e+00   -1.1595304702e+01   -5.1102678081e+01   -1.1302370939e+01    5.1200000000e+02    1.0046793210e+00    7.3185221354e-01
        52   -4.5699467999e+01    2.0899157842e+03   -8.0860917199e+01    3.5161449200e+01   -2.1262013519e+01    3.0539556202e+00   -1.1550181219e+01   -5.1102678081e+01   -1.1252417421e+01    5.1200000000e+02    9.9905322800e-01    7.3272705078e-01
        53   -4.5694233010e+01    2.0891686393e+03   -8.0771660173e+01    3.5077427163e+01   -2.1494438932e+01    3.2246721227e+00   -1.1399215282e+01   -5.1102678081e+01   -1.1127503234e+01    5.1200000000e+02    1.0001772990e+00    7.3004150391e-01
        54   -4.5624299854e+01    2.0827340133e+03   -8.0535857980e+01    3.4911558126e+01   -2.0805092310e+01    2.8512947623e+00   -1.1479382351e+01   -5.1102678081e+01   -1.1213381007e+01    5.1200000000e+02    1.0019998840e+00    7.3307291667e-01
        55   -4.5597296871e+01    2.0803933660e+03   -8.0813426178e+01    3.5216129307e+01   -2.1110830255e+01    3.0345956194e+00   -1.1634513461e+01   -5.1102678081e+01   -1.1360667332e+01    5.1200000000e+02    1.0142380540e+00    7.3459879557e-01
        56   -4.5603882541e+01    2.0808493912e+03   -8.0492446202e+01    3.4888563661e+01   -2.1366143886e+01    3.4003966652e+00   -1.1424020900e+01   -5.1102678081e+01   -1.1128254323e+01    5.1200000000e+02    1.0023440890e+00    7.2664388021e-01
        57   -4.5639281589e+01    2.0841573695e+03   -8.0559544392e+01    3.4920262802e+01   -2.1334133086e+01    3.4608914705e+00   -1.1583624695e+01   -5.1102678081e+01   -1.1308562999e+01    5.1200000000e+02    1.0015569150e+00    7.3050944010e-01
        58   -4.5663918451e+01    2.0863691974e+03   -8.0763831186e+01    3.5099912735e+01   -2.1708950974e+01    3.5856056838e+00   -1.1537807814e+01   -5.1102678081e+01   -1.1261705761e+01    5.1200000000e+02    1.0049471180e+00    7.3160807292e-01
        59   -4.5646324146e+01    2.0847719596e+03   -8.0435426151e+01    3.4789102005e+01   -2.1166402156e+01    3.1946903200e+00   -1.1361036234e+01   -5.1102678081e+01   -1.1063332596e+01    5.1200000000e+02    1.0187172010e+00    7.3128255208e-01
        60   -4.5635162065e+01    2.0837402599e+03   -8.0194859046e+01    3.4559696982e+01   -2.0823510481e+01    3.2072882711e+00   -1.1475958756e+01   -5.1102678081e+01   -1.1201224285e+01    5.1200000000e+02    1.0034791070e+00    7.3394775391e-01
        61   -4.5666307998e+01    2.0868089765e+03   -8.0475636552e+01    3.4809328554e+01   -2.1178174999e+01    3.3207735044e+00   -1.1515556976e+01   -5.1102678081e+01   -1.1218268722e+01    5.1200000000e+02    1.0078626560e+00    7.2739664714e-01
        62   -4.5581105158e+01    2.0789252835e+03   -8.0399487222e+01    3.4818382065e+01   -2.0879419105e+01    2.9640336469e+00   -1.1381423683e+01   -5.1102678081e+01   -1.1079723631e+01    5.1200000000e+02    1.0010897750e+00    7.3347981771e-01
        63   -4.5669169742e+01    2.0869490741e+03   -8.0559152134e+01    3.4889982392e+01   -2.0945903952e+01    3.0644910207e+00   -1.1575061122e+01   -5.1102678081e+01   -1.1296571700e+01    5.1200000000e+02    1.0034389410e+00    7.3669433594e-01
        64   -4.5652656295e+01    2.0854872649e+03   -8.0343814490e+01    3.4691158195e+01   -2.1104932668e+01    3.2724184305e+00   -1.1408622172e+01   -5.1102678081e+01   -1.1124804417e+01    5.1200000000e+02    1.0067005810e+00    7.3024495443e-01
        65   -4.5630583291e+01    2.0831872909e+03   -8.0008419424e+01    3.4377836133e+01   -2.0374680402e+01    3.0937561961e+00   -1.1624817137e+01   -5.1102678081e+01   -1.1339204835e+01    5.1200000000e+02    1.0061165180e+00    7.3417154948e-01
        66   -4.5690292843e+01    2.0888821865e+03   -8.1259466931e+01    3.5569174089e+01   -2.1545774316e+01    2.9107886743e+00   -1.1521803209e+01   -5.1102678081e+01   -1.1241465776e+01    5.1200000000e+02    1.0014777050e+00    7.3313395182e-01
        67   -4.5585884890e+01    2.0792434189e+03   -8.0640147675e+01    3.5054262785e+01   -2.1451304646e+01    3.3515196640e+00   -1.1437684612e+01   -5.1102678081e+01   -1.1149335425e+01    5.1200000000e+02    1.0000575090e+00    7.2928873698e-01
        68   -4.5685691397e+01    2.0883893901e+03   -8.0594585851e+01    3.4908894454e+01   -2.1343169762e+01    3.4658932165e+00   -1.1614631225e+01   -5.1102678081e+01   -1.1332013059e+01    5.1200000000e+02    1.0376040010e+00    7.3024495443e-01
        69   -4.5726672986e+01    2.0923019405e+03   -8.0612684491e+01    3.4886011505e+01   -2.1242740300e+01    3.2764995207e+00   -1.1543765631e+01   -5.1102678081e+01   -1.1278636203e+01    5.1200000000e+02    1.0110255200e+00    7.2951253255e-01
        70   -4.5673734801e+01    2.0874279323e+03   -8.0988906896e+01    3.5315172095e+01   -2.1894956932e+01    3.5573931499e+00   -1.1548665033e+01   -5.1102678081e+01   -1.1287361326e+01    5.1200000000e+02    9.9167068800e-01    7.3140462240e-01
        71   -4.5666353706e+01    2.0866562581e+03   -8.0342203015e+01    3.4675849309e+01   -2.1340163598e+01    3.5358981165e+00   -1.1435259453e+01   -5.1102678081e+01   -1.1153188369e+01    5.1200000000e+02    9.9574820700e-01    7.2939046224e-01
        72   -4.5583022251e+01    2.0789806189e+03   -8.1059959458e+01    3.5476937207e+01   -2.1677940354e+01    3.1720877577e+00   -1.1451428781e+01   -5.1102678081e+01   -1.1164326928e+01    5.1200000000e+02    9.9542168900e-01    7.3006184896e-01
        73   -4.5558352809e+01    2.0768001410e+03   -8.0352498624e+01    3.4794145815e+01   -2.1211998154e+01    3.4622212409e+00   -1.1500043630e+01   -5.1102678081e+01   -1.1214255988e+01    5.1200000000e+02    9.9606462700e-01    7.2538248698e-01
        74   -4.5608419104e+01    2.0813538362e+03   -8.0242632841e+01    3.4634213737e+01   -2.0720746861e+01    3.1112629353e+00   -1.1530470834e+01   -5.1102678081e+01   -1.1230548947e+01    5.1200000000e+02    9.9233170800e-01    7.3065185547e-01
        75   -4.5594770739e+01    2.0801871993e+03   -8.0586488509e+01    3.4991717771e+01   -2.1199384918e+01    3.1478020023e+00   -1.1432227512e+01   -5.1102678081e+01   -1.1135906755e+01    5.1200000000e+02    1.0046261780e+00    7.3160807292e-01
        76   -4.5704512003e+01    2.0901848167e+03   -8.1401062242e+01    3.5696550239e+01   -2.1914661466e+01    3.2631755643e+00   -1.1646898259e+01   -5.1102678081e+01   -1.1382481915e+01    5.1200000000e+02    9.9923173500e-01    7.3201497396e-01
        77   -4.5706114915e+01    2.0906870034e+03   -8.0671469280e+01    3.4965354365e+01   -2.1374033291e+01    3.3335742685e+00   -1.1528332177e+01   -5.1102678081e+01   -1.1260378265e+01    5.1200000000e+02    9.9827164200e-01    7.3299153646e-01
        78   -4.5591031763e+01    2.0798010259e+03   -8.0852940484e+01    3.5261908721e+01   -2.1669712539e+01    3.2580609534e+00   -1.1338610817e+01   -5.1102678081e+01   -1.1051397694e+01    5.1200000000e+02    1.0012866070e+00    7.3097737630e-01
        79   -4.5580112381e+01    2.0788031210e+03   -8.1378831855e+01    3.5798719475e+01   -2.2119750416e+01    3.2074257282e+00   -1.1363829086e+01   -5.1102678081e+01   -1.1087174985e+01    5.1200000000e+02    1.0096685780e+00    7.2961425781e-01
        80   -4.5594464330e+01    2.0801028490e+03   -8.0797083569e+01    3.5202619239e+01   -2.1674755089e+01    3.4361082172e+00   -1.1455758616e+01   -5.1102678081e+01   -1.1171336721e+01    5.1200000000e+02    9.9308679800e-01    7.3179117839e-01
        81   -4.5644633358e+01    2.0848148091e+03   -8.0729671275e+01    3.5085037917e+01   -2.1744171077e+01    3.5996963107e+00   -1.1482518428e+01   -5.1102678081e+01   -1.1189439438e+01    5.1200000000e+02    1.0029319080e+00    7.3087565104e-01
        82   -4.5629631900e+01    2.0831890723e+03   -8.0437661891e+01    3.4808029990e+01   -2.1386972077e+01    3.7167800322e+00   -1.1664791765e+01   -5.1102678081e+01   -1.1377980668e+01    5.1200000000e+02    9.9813839200e-01    7.2967529297e-01
        83   -4.5706333995e+01    2.0903450598e+03   -8.0346885458e+01    3.4640551463e+01   -2.1280760901e+01    3.4212764315e+00   -1.1384722907e+01   -5.1102678081e+01   -1.1089379572e+01    5.1200000000e+02    9.9521951900e-01    7.2857666016e-01
        84   -4.5558874683e+01    2.0769300317e+03   -8.0837138349e+01    3.5278263665e+01   -2.1455853629e+01    3.1602785031e+00   -1.1438885141e+01   -5.1102678081e+01   -1.1151394353e+01    5.1200000000e+02    9.9808418900e-01    7.2804768880e-01
        85   -4.5660997420e+01    2.0862576902e+03   -8.1236908446e+01    3.5575911026e+01   -2.1679053939e+01    2.9914557354e+00   -1.1446632161e+01   -5.1102678081e+01   -1.1189931076e+01    5.1200000000e+02    1.0060079150e+00    7.3150634766e-01
        86   -4.5624995284e+01    2.0828035504e+03   -8.1435321798e+01    3.5810326514e+01   -2.1976586063e+01    3.1672000557e+00   -1.1523257709e+01   -5.1102678081e+01   -1.1259336174e+01    5.1200000000e+02    1.0061824080e+00    7.3107910156e-01
        87   -4.5606295777e+01    2.0809676892e+03   -8.0388296144e+01    3.4782000367e+01   -2.0942207723e+01    3.3347985710e+00   -1.1678208911e+01   -5.1102678081e+01   -1.1398766224e+01    5.1200000000e+02    1.0005993270e+00    7.3170979818e-01
        88   -4.5666448956e+01    2.0867189716e+03   -8.0449239449e+01    3.4782790493e+01   -2.0691917270e+01    2.9280738959e+00   -1.1582717994e+01   -5.1102678081e+01   -1.1314260323e+01    5.1200000000e+02    9.9822412700e-01    7.2861735026e-01
        89   -4.5701373443e+01    2.0900426685e+03   -8.0536450275e+01    3.4835076833e+01   -2.1569645133e+01    3.6052742215e+00   -1.1469401283e+01   -5.1102678081e+01   -1.1205889460e+01    5.1200000000e+02    1.0128213720e+00    7.3347981771e-01
        90   -4.5602666356e+01    2.0808624511e+03   -8.0342679099e+01    3.4740012743e+01   -2.0793421582e+01    3.0542075022e+00   -1.1500786938e+01   -5.1102678081e+01   -1.1214902753e+01    5.1200000000e+02    9.9801975300e-01    7.3124186198e-01
        91   -4.5752586690e+01    2.0947528704e+03   -8.0470265899e+01    3.4717679209e+01   -2.0857656306e+01    3.0176341047e+00   -1.1527565617e+01   -5.1102678081e+01   -1.1258083050e+01    5.1200000000e+02    1.0006694190e+00    7.3614501953e-01
        92   -4.5611404538e+01    2.0816797104e+03   -8.0484627694e+01    3.4873223156e+01   -2.1310775116e+01    3.3951109620e+00   -1.1466285459e+01   -5.1102678081e+01   -1.1190703055e+01    5.1200000000e+02    9.8759939700e-01    7.3256429036e-01
        93   -4.5673234395e+01    2.0873552329e+03   -8.0478863948e+01    3.4805629553e+01   -2.1208839437e+01    3.2824078285e+00   -1.1449754258e+01   -5.1102678081e+01   -1.1157655194e+01    5.1200000000e+02    9.9173301600e-01    7.3370361328e-01
        94   -4.5659406363e+01    2.0859160388e+03   -8.0438487123e+01    3.4779080761e+01   -2.1287177015e+01    3.4508335651e+00   -1.1499465593e+01   -5.1102678081e+01   -1.1223155551e+01    5.1200000000e+02    1.0347704250e+00    7.3307291667e-01
        95   -4.5602027542e+01    2.0808279687e+03   -8.0159749603e+01    3.4557722061e+01   -2.1047168511e+01    3.5073328780e+00   -1.1517235888e+01   -5.1102678081e+01   -1.1217810356e+01    5.1200000000e+02    1.0170816720e+00    7.3026529948e-01
        96   -4.5621413143e+01    2.0823216877e+03   -8.0483267595e+01    3.4861854452e+01   -2.0788514511e+01    3.0200857209e+00   -1.1612160724e+01   -5.1102678081e+01   -1.1333620992e+01    5.1200000000e+02    9.9878253700e-01    7.3150634766e-01
        97   -4.5644395316e+01    2.0846833259e+03   -8.0207859092e+01    3.4563463777e+01   -2.1068362016e+01    3.2972437745e+00   -1.1334062770e+01   -5.1102678081e+01   -1.1053821108e+01    5.1200000000e+02    9.9205889000e-01    7.3307291667e-01
        98   -4.5663524599e+01    2.0865123736e+03   -7.9980249964e+01    3.4316725365e+01   -2.0562489874e+01    3.3228763809e+00   -1.1637958390e+01   -5.1102678081e+01   -1.1370601754e+01    5.1200000000e+02    9.8957143500e-01    7.3704020182e-01
        99   -4.5701823488e+01    2.0897918412e+03   -8.0154451613e+01    3.4452628126e+01   -2.0884165608e+01    3.3250280262e+00   -1.1492635950e+01   -5.1102678081e+01   -1.1225760313e+01    5.1200000000e+02    1.0065208940e+00    7.3254394531e-01
       100   -4.5667715008e+01    2.0866798651e+03   -8.0435307793e+01    3.4767592785e+01   -2.1263007240e+01    3.5367962484e+00   -1.1606418720e+01   -5.1102678081e+01   -1.1326602539e+01    5.1200000000e+02    9.8550057900e-01    7.3262532552e-01
       101   -4.5658451900e+01    2.0859293550e+03   -8.0331040831e+01    3.4672588931e+01   -2.0809060768e+01    3.1887585103e+00   -1.1608060493e+01   -5.1102678081e+01   -1.1325667424e+01    5.1200000000e+02    9.9582594200e-01    7.3091634115e-01
       102   -4.5627554966e+01    2.0831026149e+03   -8.0017325237e+01    3.4389770271e+01   -2.1042814563e+01    3.5715218128e+00   -1.1443354406e+01   -5.1102678081e+01   -1.1141966670e+01    5.1200000000e+02    9.9871576400e-01    7.3229980469e-01
       103   -4.5647658205e+01    2.0849012012e+03   -8.0074774043e+01    3.4427115837e+01   -2.0668099728e+01    3.1456081908e+00   -1.1449604425e+01   -5.1102678081e+01   -1.1156820767e+01    5.1200000000e+02    1.0017844770e+00    7.3156738281e-01
       104   -4.5615425185e+01    2.0819057964e+03   -8.0582609114e+01    3.4967183929e+01   -2.0874835392e+01    2.9524514621e+00   -1.1557547102e+01   -5.1102678081e+01   -1.1264505583e+01    5.1200000000e+02    1.0060503770e+00    7.3533121745e-01
       105   -4.5626970503e+01    2.0829254941e+03   -8.0431175775e+01    3.4804205272e+01   -2.0955745438e+01    3.1484898421e+00   -1.1521242098e+01   -5.1102678081e+01   -1.1245948066e+01    5.1200000000e+02    1.0079152730e+00    7.3445638021e-01
       106   -4.5734532320e+01    2.0927772500e+03   -8.0609922081e+01    3.4875389761e+01   -2.1344159244e+01    3.2201253839e+00   -1.1383210140e+01   -5.1102678081e+01   -1.1101059029e+01    5.1200000000e+02    1.0015140760e+00    7.3089599609e-01
       107   -4.5640929455e+01    2.0842436866e+03   -8.0733534193e+01    3.5092604738e+01   -2.1556569402e+01    3.2835226554e+00   -1.1357809365e+01   -5.1102678081e+01   -1.1084106514e+01    5.1200000000e+02    1.0035794690e+00    7.3034667969e-01
       108   -4.5679646238e+01    2.0878020008e+03   -8.0773273696e+01    3.5093627458e+01   -2.1558368084e+01    3.3272131191e+00   -1.1439440650e+01   -5.1102678081e+01   -1.1155301875e+01    5.1200000000e+02    1.0028072000e+00    7.3118082682e-01
       109   -4.5586823180e+01    2.0793821878e+03   -8.0794013583e+01    3.5207190404e+01   -2.1591416994e+01    3.4183788839e+00   -1.1518297392e+01   -5.1102678081e+01   -1.1215311233e+01    5.1200000000e+02    1.0160007320e+00    7.3252360026e-01
       110   -4.5663320225e+01    2.0864598686e+03   -8.1318977862e+01    3.5655657638e+01   -2.1721032961e+01    3.0669870559e+00   -1.1562253876e+01   -5.1102678081e+01   -1.1307598093e+01    5.1200000000e+02    9.9655374600e-01    7.2696940104e-01
       111   -4.5601092638e+01    2.0806962229e+03   -8.1201842256e+01    3.5600749618e+01   -2.1626928026e+01    2.9178593489e+00   -1.1390095498e+01   -5.1102678081e+01   -1.1120755714e+01    5.1200000000e+02    1.0005520110e+00    7.2985839844e-01
       112   -4.5595154975e+01    2.0801461343e+03   -8.0856338550e+01    3.5261183575e+01   -2.1599412140e+01    3.3483106161e+00   -1.1502558945e+01   -5.1102678081e+01   -1.1224658920e+01    5.1200000000e+02    1.0002901400e+00    7.2623697917e-01
       113   -4.5696057407e+01    2.0892840941e+03   -8.0563945917e+01    3.4867888510e+01   -2.1271141314e+01    3.2365648020e+00   -1.1426691324e+01   -5.1102678081e+01   -1.1150807249e+01    5.1200000000e+02    1.0053721360e+00    7.3234049479e-01
       114   -4.5725064708e+01    2.0921593628e+03   -8.0880782302e+01    3.5155717593e+01   -2.1198233287e+01    2.9727402204e+00   -1.1552611154e+01   -5.1102678081e+01   -1.1281234598e+01    5.1200000000e+02    1.0016772220e+00    7.2896321615e-01
       115   -4.5663384907e+01    2.0863917587e+03   -8.0968780631e+01    3.5305395724e+01   -2.1829192814e+01    3.2897204688e+00   -1.1326630204e+01   -5.1102678081e+01   -1.1051456352e+01    5.1200000000e+02    1.0100158950e+00    7.2784423828e-01
       116   -4.5743249579e+01    2.0935443773e+03   -8.0860352556e+01    3.5117102977e+01   -2.1128674753e+01    2.8547330206e+00   -1.1483732742e+01   -5.1102678081e+01   -1.1210742791e+01    5.1200000000e+02    9.9741661100e-01    7.2776285807e-01
       117   -4.5767794995e+01    2.0959999418e+03   -8.0892355245e+01    3.5124560250e+01   -2.1559019447e+01    3.3197064567e+00   -1.1550364173e+01   -5.1102678081e+01   -1.1275939188e+01    5.1200000000e+02    9.9735701500e-01    7.3333740234e-01
       118   -4.5657492877e+01    2.0858784743e+03   -8.0397737421e+01    3.4740244544e+01   -2.1098648744e+01    3.1329729026e+00   -1.1329383499e+01   -5.1102678081e+01   -1.1061848937e+01    5.1200000000e+02    1.0006255380e+00    7.2987874349e-01
       119   -4.5674871899e+01    2.0872992528e+03   -8.0821892687e+01    3.5147020788e+01   -2.1621318947e+01    3.4021625270e+00   -1.1500058186e+01   -5.1102678081e+01   -1.1223463687e+01    5.1200000000e+02    1.0159256410e+00    7.3032633464e-01
       120   -4.5643190827e+01    2.0846113010e+03   -8.1204297676e+01    3.5561106850e+01   -2.1735399800e+01    3.2546369176e+00   -1.1620856713e+01   -5.1102678081e+01   -1.1350487903e+01    5.1200000000e+02    1.0086729130e+00    7.3510742188e-01
       121   -4.5695137619e+01    2.0895802114e+03   -8.1204222296e+01    3.5509084677e+01   -2.1604508304e+01    3.0903358538e+00   -1.1587371765e+01   -5.1102678081e+01   -1.1327910046e+01    5.1200000000e+02    1.0107312450e+00    7.2835286458e-01
       122   -4.5628771967e+01    2.0831812504e+03   -8.1193016382e+01    3.5564244414e+01   -2.1557742253e+01    3.0482912404e+00   -1.1580887288e+01   -5.1102678081e+01   -1.1310532330e+01    5.1200000000e+02    1.0096075300e+00    7.2967529297e-01
       123   -4.5680242740e+01    2.0879053930e+03   -8.0181533341e+01    3.4501290601e+01   -2.0873445518e+01    3.3562985424e+00   -1.1561708285e+01   -5.1102678081e+01   -1.1288414898e+01    5.1200000000e+02    1.0102319600e+00    7.3370361328e-01
       124   -4.5709734906e+01    2.0906199354e+03   -8.0927439580e+01    3.5217704674e+01   -2.1245623799e+01    2.9460019847e+00   -1.1525139684e+01   -5.1102678081e+01   -1.1251060213e+01    5.1200000000e+02    1.0498831970e+00    7.3209635417e-01
       125   -4.5696316483e+01    2.0896156966e+03   -8.0837245784e+01    3.5140929302e+01   -2.1616339410e+01    3.2927978715e+00   -1.1411026165e+01   -5.1102678081e+01   -1.1128132927e+01    5.1200000000e+02    1.0114243490e+00    7.3411051432e-01
       126   -4.5617241123e+01    2.0820678948e+03   -8.0842959751e+01    3.5225718628e+01   -2.1568496668e+01    3.3273578589e+00   -1.1499142860e+01   -5.1102678081e+01   -1.1236466491e+01    5.1200000000e+02    1.0034427840e+00    7.3238118490e-01
       127   -4.5655508505e+01    2.0856995570e+03   -8.1430675451e+01    3.5775166946e+01   -2.2378401531e+01    3.4739529592e+00   -1.1423548798e+01   -5.1102678081e+01   -1.1129007440e+01    5.1200000000e+02    1.0122249630e+00    7.3533121745e-01
       128   -4.5567425554e+01    2.0777314182e+03   -8.1217251479e+01    3.5649825925e+01   -2.1704576342e+01    3.1593550092e+00   -1.1569352065e+01   -5.1102678081e+01   -1.1278014497e+01    5.1200000000e+02    1.0049081310e+00    7.2790527344e-01
       129   -4.5613655329e+01    2.0819017644e+03   -8.0781001948e+01    3.5167346619e+01   -2.1471560043e+01    3.3128821880e+00   -1.1519646012e+01   -5.1102678081e+01   -1.1238516273e+01    5.1200000000e+02    1.0164248900e+00    7.3036702474e-01
       130   -4.5625943348e+01    2.0829494761e+03   -8.0289273861e+01    3.4663330513e+01   -2.1556726242e+01    3.7610094370e+00   -1.1390878975e+01   -5.1102678081e+01   -1.1094124974e+01    5.1200000000e+02    1.0003646030e+00    7.2786458333e-01
       131   -4.5518647475e+01    2.0732085666e+03   -8.0371185256e+01    3.4852537782e+01   -2.1602904974e+01    3.5593887999e+00   -1.1224991001e+01   -5.1102678081e+01   -1.0935103110e+01    5.1200000000e+02    1.0061131000e+00    7.3030598958e-01
       132   -4.5629138336e+01    2.0831932775e+03   -8.0135071728e+01    3.4505933392e+01   -2.1198381699e+01    3.5103712566e+00   -1.1344383204e+01   -5.1102678081e+01   -1.1049367820e+01    5.1200000000e+02    1.0074803220e+00    7.3144531250e-01
       133   -4.5631410285e+01    2.0834926892e+03   -8.1043362430e+01    3.5411952145e+01   -2.1961345696e+01    3.4892618802e+00   -1.1468600533e+01   -5.1102678081e+01   -1.1185872035e+01    5.1200000000e+02    1.0098987820e+00    7.3004150391e-01
       134   -4.5615047821e+01    2.0819515266e+03   -8.0976970462e+01    3.5361922640e+01   -2.1376165763e+01    3.0220159209e+00   -1.1520142538e+01   -5.1102678081e+01   -1.1257431720e+01    5.1200000000e+02    1.0290170420e+00    7.3244222005e-01
       135   -4.5624658530e+01    2.0826208129e+03   -8.0689571232e+01    3.5064912703e+01   -2.1422983139e+01    3.3211189101e+00   -1.1485028923e+01   -5.1102678081e+01   -1.1204647860e+01    5.1200000000e+02    1.0118914120e+00    7.3215738932e-01
       136   -4.5634053164e+01    2.0838129508e+03   -8.0778324839e+01    3.5144271675e+01   -2.1567224645e+01    3.2890814097e+00   -1.1397503522e+01   -5.1102678081e+01   -1.1119434429e+01    5.1200000000e+02    1.0083015230e+00    7.3199462891e-01
       137   -4.5557033088e+01    2.0767733281e+03   -8.1332165569e+01    3.5775132480e+01   -2.1668639758e+01    2.8916059536e+00   -1.1452453683e+01   -5.1102678081e+01   -1.1150601477e+01    5.1200000000e+02    1.0068087210e+00    7.3437500000e-01
       138   -4.5593504360e+01    2.0801335326e+03   -8.1139803991e+01    3.5546299631e+01   -2.1557643275e+01    3.0786742859e+00   -1.1558156921e+01   -5.1102678081e+01   -1.1286389369e+01    5.1200000000e+02    1.0138089640e+00    7.2947184245e-01
       139   -4.5613756672e+01    2.0819171673e+03   -8.0874088726e+01    3.5260332054e+01   -2.1578333800e+01    3.1845109582e+00   -1.1377587803e+01   -5.1102678081e+01   -1.1099014200e+01    5.1200000000e+02    1.0258932360e+00    7.2930908203e-01
       140   -4.5626741718e+01    2.0830708772e+03   -8.0478938283e+01    3.4852196565e+01   -2.1177685535e+01    3.2017816473e+00   -1.1400356314e+01   -5.1102678081e+01   -1.1105459559e+01    5.1200000000e+02    1.0098256270e+00    7.3018391927e-01
       141   -4.5654398448e+01    2.0856127906e+03   -8.0222839113e+01    3.4568440665e+01   -2.0750174799e+01    3.0848923564e+00   -1.1454878589e+01   -5.1102678081e+01   -1.1175515599e+01    5.1200000000e+02    1.0135802940e+00    7.3203531901e-01
       142   -4.5687105496e+01    2.0886416069e+03   -8.0357181524e+01    3.4670076028e+01   -2.0874365290e+01    3.1722310298e+00   -1.1552369183e+01   -5.1102678081e+01   -1.1264698194e+01    5.1200000000e+02    1.0147044440e+00    7.2939046224e-01
       143   -4.5600076166e+01    2.0805402821e+03   -8.0313970370e+01    3.4713894204e+01   -2.1005757358e+01    3.3658807666e+00   -1.1571415698e+01   -5.1102678081e+01   -1.1285094767e+01    5.1200000000e+02    1.0074796930e+00    7.3435465495e-01
       144   -4.5728872693e+01    2.0923051674e+03   -7.9362930526e+01    3.3634057833e+01   -2.0277418728e+01    3.5263525767e+00   -1.1509186294e+01   -5.1102678081e+01   -1.1241137916e+01    5.1200000000e+02    1.0120037490e+00    7.2898356120e-01
       145   -4.5630492598e+01    2.0833646625e+03   -8.0335613570e+01    3.4705120972e+01   -2.1560886342e+01    3.8416186759e+00   -1.1513667823e+01   -5.1102678081e+01   -1.1216779965e+01    5.1200000000e+02    1.0131452210e+00    7.3250325521e-01
       146   -4.5587060180e+01    2.0794154158e+03   -8.0385361975e+01    3.4798301795e+01   -2.0858933097e+01    3.0654251301e+00   -1.1489175927e+01   -5.1102678081e+01   -1.1200974798e+01    5.1200000000e+02    1.0086220830e+00    7.3044840495e-01
       147   -4.5600334486e+01    2.0806268689e+03   -8.0523289391e+01    3.4922954905e+01   -2.1247551186e+01    3.2098023286e+00   -1.1382862452e+01   -5.1102678081e+01   -1.1085482539e+01    5.1200000000e+02    1.0060195900e+00    7.3085530599e-01
       148   -4.5626830161e+01    2.0828832787e+03   -8.0670607149e+01    3.5043776988e+01   -2.1289312039e+01    3.2685305377e+00   -1.1547147567e+01   -5.1102678081e+01   -1.1245546682e+01    5.1200000000e+02    1.0145966170e+00    7.3170979818e-01
       149   -4.5547953091e+01    2.0759503146e+03   -8.0264030912e+01    3.4716077822e+01   -2.0668842182e+01    3.0677488635e+00   -1.1560259512e+01   -5.1102678081e+01   -1.1253881337e+01    5.1200000000e+02    1.0261959050e+00    7.3166910807e-01
       150   -4.5708133937e+01    2.0905345011e+03   -8.0110603356e+01    3.4402469420e+01   -2.0880139139e+01    3.4379165100e+00   -1.1565702646e+01   -5.1102678081e+01   -1.1279677918e+01    5.1200000000e+02    1.0184956360e+00    7.3417154948e-01
       151   -4.5675654953e+01    2.0874095657e+03   -8.0375631424e+01    3.4699976471e+01   -2.0634530865e+01    3.0954684814e+00   -1.1733890960e+01   -5.1102678081e+01   -1.1434620273e+01    5.1200000000e+02    1.0121983940e+00    7.3305257161e-01
       152   -4.5633790437e+01    2.0836648398e+03   -8.0110788918e+01    3.4476998481e+01   -2.0565849734e+01    3.1961089866e+00   -1.1638370089e+01   -5.1102678081e+01   -1.1357331812e+01    5.1200000000e+02    1.0169838490e+00    7.2896321615e-01
       153   -4.5724692159e+01    2.0920751144e+03   -8.0047523876e+01    3.4322831717e+01   -2.0539441448e+01    3.1851394759e+00   -1.1590543823e+01   -5.1102678081e+01   -1.1302831257e+01    5.1200000000e+02    1.0487966100e+00    7.3099772135e-01
       154   -4.5663431004e+01    2.0867503929e+03   -8.0042465832e+01    3.4379034828e+01   -2.0470671489e+01    3.0948450525e+00   -1.1563961314e+01   -5.1102678081e+01   -1.1281029039e+01    5.1200000000e+02    1.0494202320e+00    7.3140462240e-01
       155   -4.5658903400e+01    2.0859248911e+03   -8.1443176343e+01    3.5784272943e+01   -2.1777578422e+01    3.1727382053e+00   -1.1735658046e+01   -5.1102678081e+01   -1.1449667889e+01    5.1200000000e+02    1.0330687900e+00    7.3236083984e-01
       156   -4.5681222532e+01    2.0880982771e+03   -8.0566709920e+01    3.4885487388e+01   -2.2134030804e+01    3.8491548906e+00   -1.1179155925e+01   -5.1102678081e+01   -1.0890806112e+01    5.1200000000e+02    1.0223766810e+00    7.3223876953e-01
       157   -4.5597694787e+01    2.0804827040e+03   -8.0532712728e+01    3.4935017941e+01   -2.1374038852e+01    3.4431238528e+00   -1.1499119648e+01   -5.1102678081e+01   -1.1239037008e+01    5.1200000000e+02    1.0224976470e+00    7.3048909505e-01
       158   -4.5610146500e+01    2.0816183617e+03   -8.0641623937e+01    3.5031477438e+01   -2.1600395693e+01    3.4549575882e+00   -1.1393507752e+01   -5.1102678081e+01   -1.1120449020e+01    5.1200000000e+02    1.0200859430e+00    7.2808837891e-01
       159   -4.5591100717e+01    2.0797446302e+03   -8.0366997233e+01    3.4775896515e+01   -2.1200032276e+01    3.3846960902e+00   -1.1448982965e+01   -5.1102678081e+01   -1.1189127595e+01    5.1200000000e+02    1.0427556350e+00    7.3018391927e-01
       160   -4.5562841040e+01    2.0770909892e+03   -7.9773885932e+01    3.4211044891e+01   -2.0780526868e+01    3.5056872344e+00   -1.1396368217e+01   -5.1102678081e+01   -1.1122809121e+01    5.1200000000e+02    1.0169192420e+00    7.3520914714e-01
       161   -4.5650756364e+01    2.0850934048e+03   -8.0112626072e+01    3.4461869708e+01   -2.1075144101e+01    3.5886235605e+00   -1.1523427451e+01   -5.1102678081e+01   -1.1235708463e+01    5.1200000000e+02    1.0232639030e+00    7.3354085286e-01
       162   -4.5705938260e+01    2.0905058181e+03   -8.0277613752e+01    3.4571675492e+01   -2.1220624084e+01    3.4830039930e+00   -1.1437315580e+01   -5.1102678081e+01   -1.1128670039e+01    5.1200000000e+02    1.0268922770e+00    7.3394775391e-01
       163   -4.5644638738e+01    2.0846933210e+03   -8.0605198778e+01    3.4960560039e+01   -2.1036713519e+01    3.1054530681e+00   -1.1571260246e+01   -5.1102678081e+01   -1.1268133484e+01    5.1200000000e+02    1.0181800400e+00    7.3008219401e-01
       164   -4.5663520316e+01    2.0865973655e+03   -8.0769173436e+01    3.5105653121e+01   -2.1265930424e+01    3.2379431443e+00   -1.1638508075e+01   -5.1102678081e+01   -1.1357903381e+01    5.1200000000e+02    1.0346507450e+00    7.2790527344e-01
       165   -4.5637394925e+01    2.0840569055e+03   -8.0009349134e+01    3.4371954210e+01   -2.0829758438e+01    3.3300067670e+00   -1.1406919382e+01   -5.1102678081e+01   -1.1119926985e+01    5.1200000000e+02    1.0225315770e+00    7.3323567708e-01
       166   -4.5611129170e+01    2.0818591878e+03   -8.0938519109e+01    3.5327389939e+01   -2.1459309516e+01    3.0356315871e+00   -1.1412163099e+01   -5.1102678081e+01   -1.1137896604e+01    5.1200000000e+02    1.0203040630e+00    7.3195393880e-01
       167   -4.5641939549e+01    2.0842874928e+03   -8.0474836618e+01    3.4832897069e+01   -2.1391283259e+01    3.3879418302e+00   -1.1368817108e+01   -5.1102678081e+01   -1.1085449424e+01    5.1200000000e+02    1.0218428080e+00    7.2741699219e-01
       168   -4.5609578589e+01    2.0814656498e+03   -8.0671618554e+01    3.5062039965e+01   -2.1543242769e+01    3.3818559847e+00   -1.1407553689e+01   -5.1102678081e+01   -1.1121001942e+01    5.1200000000e+02    1.0262855610e+00    7.2987874349e-01
       169   -4.5603792630e+01    2.0809621321e+03   -8.1076738453e+01    3.5472945822e+01   -2.1678598022e+01    3.2717310494e+00   -1.1567193399e+01   -5.1102678081e+01   -1.1297295750e+01    5.1200000000e+02    1.0374464550e+00    7.3195393880e-01
       170   -4.5609179853e+01    2.0815275557e+03   -8.0862970490e+01    3.5253790637e+01   -2.1779645073e+01    3.3844488378e+00   -1.1365096174e+01   -5.1102678081e+01   -1.1086992841e+01    5.1200000000e+02    1.0214253870e+00    7.3162841797e-01
       171   -4.5625227216e+01    2.0827788205e+03   -8.0858499972e+01    3.5233272756e+01   -2.1609906607e+01    3.3113688899e+00   -1.1457284173e+01   -5.1102678081e+01   -1.1167836124e+01    5.1200000000e+02    1.0248535500e+00    7.2965494792e-01
       172   -4.5695596786e+01    2.0893960504e+03   -8.0956801993e+01    3.5261205207e+01   -2.1512910981e+01    3.0825006886e+00   -1.1423713620e+01   -5.1102678081e+01   -1.1138119873e+01    5.1200000000e+02    1.0284160320e+00    7.3468017578e-01
       173   -4.5597155695e+01    2.0803962888e+03   -8.0537797469e+01    3.4940641774e+01   -2.1413074150e+01    3.4052560802e+00   -1.1427301318e+01   -5.1102678081e+01   -1.1126855641e+01    5.1200000000e+02    1.0252019570e+00    7.3158772786e-01
       174   -4.5648162600e+01    2.0851049473e+03   -8.0219607193e+01    3.4571444593e+01   -2.1107107290e+01    3.4277322012e+00   -1.1437554023e+01   -5.1102678081e+01   -1.1157522361e+01    5.1200000000e+02    1.0287547700e+00    7.3293050130e-01
       175   -4.5591153328e+01    2.0799326147e+03   -8.0961107543e+01    3.5369954215e+01   -2.1489276481e+01    3.0760423782e+00   -1.1445195359e+01   -5.1102678081e+01   -1.1167596856e+01    5.1200000000e+02    1.0190144850e+00    7.3307291667e-01
       176   -4.5658505129e+01    2.0861206849e+03   -8.0234220223e+01    3.4575715094e+01   -2.0886769473e+01    3.1929841565e+00   -1.1437756825e+01   -5.1102678081e+01   -1.1154564483e+01    5.1200000000e+02    1.0226088210e+00    7.3010253906e-01
       177   -4.5583662900e+01    2.0792371204e+03   -8.0533419253e+01    3.4949756353e+01   -2.1087796251e+01    3.2776814629e+00   -1.1620626384e+01   -5.1102678081e+01   -1.1326677888e+01    5.1200000000e+02    1.0165383030e+00    7.2939046224e-01
       178   -4.5550637687e+01    2.0762531783e+03   -8.0243556635e+01    3.4692918948e+01   -2.1350698946e+01    3.6082345888e+00   -1.1398414197e+01   -5.1102678081e+01   -1.1101504276e+01    5.1200000000e+02    1.0175874070e+00    7.3191324870e-01
       179   -4.5579626225e+01    2.0787643956e+03   -8.0757182985e+01    3.5177556760e+01   -2.1777702915e+01    3.5315358601e+00   -1.1408337849e+01   -5.1102678081e+01   -1.1117031153e+01    5.1200000000e+02    1.0395369440e+00    7.3518880208e-01
       180   -4.5681666088e+01    2.0880060558e+03   -8.0548384431e+01    3.4866718343e+01   -2.1332769800e+01    3.3234091982e+00   -1.1436345747e+01   -5.1102678081e+01   -1.1156659799e+01    5.1200000000e+02    1.0199022940e+00    7.3073323568e-01
       181   -4.5631327736e+01    2.0833015583e+03   -8.0677560346e+01    3.5046232610e+01   -2.1186226260e+01    3.0384113390e+00   -1.1427067343e+01   -5.1102678081e+01   -1.1136230477e+01    5.1200000000e+02    1.0201518210e+00    7.2690836589e-01
       182   -4.5662031310e+01    2.0863301514e+03   -8.0450288136e+01    3.4788256826e+01   -2.1281334331e+01    3.3275897515e+00   -1.1393865476e+01   -5.1102678081e+01   -1.1129247926e+01    5.1200000000e+02    1.0218201010e+00    7.3089599609e-01
       183   -4.5575799471e+01    2.0783734143e+03   -8.0899303169e+01    3.5323503698e+01   -2.1681121197e+01    3.2586639721e+00   -1.1374167862e+01   -5.1102678081e+01   -1.1082346914e+01    5.1200000000e+02    1.0674012820e+00    7.3370361328e-01
       184   -4.5692684847e+01    2.0890287709e+03   -8.0303821905e+01    3.4611137057e+01   -2.1366096451e+01    3.4896613452e+00   -1.1324708718e+01   -5.1102678081e+01   -1.1033627753e+01    5.1200000000e+02    1.0205211700e+00    7.3347981771e-01
       185   -4.5668759592e+01    2.0869711587e+03   -8.0593210607e+01    3.4924451015e+01   -2.1243669594e+01    3.3111248189e+00   -1.1557987751e+01   -5.1102678081e+01   -1.1288373232e+01    5.1200000000e+02    1.0172480410e+00    7.3272705078e-01
       186   -4.5626610162e+01    2.0831277121e+03   -8.0401238798e+01    3.4774628636e+01   -2.1366776960e+01    3.4603203463e+00   -1.1392104103e+01   -5.1102678081e+01   -1.1098714068e+01    5.1200000000e+02    1.0145104810e+00    7.3183186849e-01
       187   -4.5600993830e+01    2.0805681017e+03   -7.9804559680e+01    3.4203565850e+01   -2.0627757063e+01    3.4645533283e+00   -1.1538677864e+01   -5.1102678081e+01   -1.1258623646e+01    5.1200000000e+02    1.0173763190e+00    7.3575846354e-01
       188   -4.5590286350e+01    2.0796962324e+03   -7.9660522381e+01    3.4070236032e+01   -2.0355045978e+01    3.3662788648e+00   -1.1569077187e+01   -5.1102678081e+01   -1.1297136562e+01    5.1200000000e+02    1.0157279320e+00    7.3366292318e-01
       189   -4.5627527170e+01    2.0830452124e+03   -7.9981991896e+01    3.4354464726e+01   -2.0618454951e+01    3.2852793966e+00   -1.1546138261e+01   -5.1102678081e+01   -1.1284216045e+01    5.1200000000e+02    1.0355155100e+00    7.3445638021e-01
       190   -4.5597176319e+01    2.0802497103e+03   -8.0348663353e+01    3.4751487034e+01   -2.0553306091e+01    2.8371557494e+00   -1.1529834930e+01   -5.1102678081e+01   -1.1259844969e+01    5.1200000000e+02    1.0176720140e+00    7.3069254557e-01
       191   -4.5623495997e+01    2.0828284282e+03   -8.0430405849e+01    3.4806909852e+01   -2.1150794934e+01    3.4341675733e+00   -1.1611100407e+01   -5.1102678081e+01   -1.1325758235e+01    5.1200000000e+02    1.0130291120e+00    7.3085530599e-01
       192   -4.5526953830e+01    2.0740132856e+03   -7.9671980065e+01    3.4145026234e+01   -2.0547563152e+01    3.6443838383e+00   -1.1666122670e+01   -5.1102678081e+01   -1.1380293328e+01    5.1200000000e+02    1.0371225320e+00    7.3138427734e-01
       193   -4.5616523372e+01    2.0820476079e+03   -8.0013007410e+01    3.4396484038e+01   -2.0251430465e+01    2.9119500268e+00   -1.1570848891e+01   -5.1102678081e+01   -1.1280362083e+01    5.1200000000e+02    1.0266991810e+00    7.3264567057e-01
       194   -4.5637240902e+01    2.0839404310e+03   -8.0747098299e+01    3.5109857397e+01   -2.0747653776e+01    2.6979767816e+00   -1.1594743223e+01   -5.1102678081e+01   -1.1308176019e+01    5.1200000000e+02    1.0139628960e+00    7.3217773438e-01
       195   -4.5621710334e+01    2.0825315029e+03   -8.0563209541e+01    3.4941499207e+01   -2.1222666205e+01    3.2983342031e+00   -1.1536199458e+01   -5.1102678081e+01   -1.1249033232e+01    5.1200000000e+02    1.0122162010e+00    7.3258463542e-01
       196   -4.5583009513e+01    2.0790543532e+03   -8.1383341671e+01    3.5800332158e+01   -2.1938720711e+01    3.1254134757e+00   -1.1467356354e+01   -5.1102678081e+01   -1.1189984017e+01    5.1200000000e+02    1.0143525970e+00    7.3254394531e-01
       197   -4.5614439325e+01    2.0819188272e+03   -8.1202211105e+01    3.5587771780e+01   -2.1796904017e+01    3.1201348612e+00   -1.1422763869e+01   -5.1102678081e+01   -1.1145195055e+01    5.1200000000e+02    1.0117429990e+00    7.2684733073e-01
       198   -4.5646931125e+01    2.0850166443e+03   -8.1030849559e+01    3.5383918434e+01   -2.1837189621e+01    3.4474450344e+00   -1.1538426890e+01   -5.1102678081e+01   -1.1252036246e+01    5.1200000000e+02    1.0252883430e+00    7.3089599609e-01
       199   -4.5675614525e+01    2.0875072673e+03   -8.0868960228e+01    3.5193345704e+01   -2.1523930509e+01    3.2326434438e+00   -1.1474995082e+01   -5.1102678081e+01   -1.1194324442e+01    5.1200000000e+02    1.1335274890e+00    7.2859700521e-01
