#   index    LocalEnergy         LocalEnergy_sq      LocalPotential      Kinetic             LocalECP            NonLocalECP         ElecElec            IonIon              MPC                 BlockWeight         BlockCPU            AcceptRatio         
         0   -4.5065670179e+01    2.0327288487e+03   -8.2672151886e+01    3.7606481707e+01   -2.3341402920e+01    2.9545295786e+00   -1.1182600463e+01   -5.1102678081e+01   -1.0907564083e+01    5.1209003856e+02    7.3641270700e-01    9.9572753906e-01
         1   -4.4974010299e+01    2.0243916309e+03   -8.2724962124e+01    3.7750951824e+01   -2.3232194394e+01    2.9145052718e+00   -1.1304594920e+01   -5.1102678081e+01   -1.1030409397e+01    5.1176825493e+02    7.6470061500e-01    9.9633789062e-01
         2   -4.5075362191e+01    2.0332004037e+03   -8.2807050517e+01    3.7731688327e+01   -2.3222615141e+01    2.8049662180e+00   -1.1286723513e+01   -5.1102678081e+01   -1.1018823427e+01    5.1349379020e+02    7.3218684500e-01    9.9652777778e-01
         3   -4.5079258619e+01    2.0337592152e+03   -8.2755203649e+01    3.7675945030e+01   -2.3353820563e+01    2.9274440032e+00   -1.1226149008e+01   -5.1102678081e+01   -1.0956136281e+01    5.1251832657e+02    7.3630393500e-01    9.9562256809e-01
         4   -4.5114052842e+01    2.0376249247e+03   -8.2842901748e+01    3.7728848905e+01   -2.3429921804e+01    2.9933214505e+00   -1.1303623313e+01   -5.1102678081e+01   -1.1031354415e+01    5.1361484696e+02    7.4114677600e-01    9.9610894942e-01
         5   -4.5012458467e+01    2.0275251811e+03   -8.2982030083e+01    3.7969571615e+01   -2.3250983050e+01    2.6384389268e+00   -1.1266807878e+01   -5.1102678081e+01   -1.0994318901e+01    5.1211154077e+02    6.9529328100e-01    9.9702091440e-01
         6   -4.5020168571e+01    2.0281806036e+03   -8.2828177280e+01    3.7808008709e+01   -2.3080405820e+01    2.5976973720e+00   -1.1242790751e+01   -5.1102678081e+01   -1.0973999850e+01    5.1389961818e+02    6.8640283900e-01    9.9580496109e-01
         7   -4.5025275338e+01    2.0287671487e+03   -8.2998763188e+01    3.7973487850e+01   -2.3319233380e+01    2.6681611091e+00   -1.1245012836e+01   -5.1102678081e+01   -1.0969456174e+01    5.1310188968e+02    7.2885253500e-01    9.9532766990e-01
         8   -4.5048062220e+01    2.0306747323e+03   -8.2750047016e+01    3.7701984796e+01   -2.3109219230e+01    2.6528240185e+00   -1.1190973723e+01   -5.1102678081e+01   -1.0916168751e+01    5.1295880957e+02    7.3071854200e-01    9.9647373541e-01
         9   -4.5048888981e+01    2.0306337783e+03   -8.3145114814e+01    3.8096225834e+01   -2.3185378425e+01    2.4589095409e+00   -1.1315967849e+01   -5.1102678081e+01   -1.1040092113e+01    5.1006350364e+02    8.2108842400e-01    9.9626956947e-01
        10   -4.5061355787e+01    2.0318219015e+03   -8.3001326579e+01    3.7939970792e+01   -2.3076475850e+01    2.4928160804e+00   -1.1314988728e+01   -5.1102678081e+01   -1.1037198937e+01    5.1193372273e+02    7.2251548900e-01    9.9638480392e-01
        11   -4.5053290093e+01    2.0312791553e+03   -8.2961653793e+01    3.7908363700e+01   -2.3254470728e+01    2.6646806821e+00   -1.1269185667e+01   -5.1102678081e+01   -1.0992332317e+01    5.1002740188e+02    7.2108629400e-01    9.9632352941e-01
        12   -4.5061778905e+01    2.0318808043e+03   -8.3223934415e+01    3.8162155511e+01   -2.3293153161e+01    2.4088868038e+00   -1.1236989977e+01   -5.1102678081e+01   -1.0963789425e+01    5.1398456869e+02    7.2400915400e-01    9.9670410156e-01
        13   -4.5055085156e+01    2.0314380523e+03   -8.3137827350e+01    3.8082742194e+01   -2.3480276775e+01    2.6705511892e+00   -1.1225423683e+01   -5.1102678081e+01   -1.0949398561e+01    5.0899692299e+02    6.9852575900e-01    9.9602495108e-01
        14   -4.5089207354e+01    2.0344336937e+03   -8.3056208695e+01    3.7967001341e+01   -2.3326748411e+01    2.7095421494e+00   -1.1336324352e+01   -5.1102678081e+01   -1.1061356523e+01    5.1211064558e+02    6.9692347000e-01    9.9570235756e-01
        15   -4.5122034492e+01    2.0375437386e+03   -8.3139407852e+01    3.8017373360e+01   -2.3480970029e+01    2.6880627810e+00   -1.1243822523e+01   -5.1102678081e+01   -1.0970343740e+01    5.0695837806e+02    7.4483647500e-01    9.9488412229e-01
        16   -4.5027068806e+01    2.0289101162e+03   -8.3145963330e+01    3.8118894525e+01   -2.3499792692e+01    2.6869396033e+00   -1.1230432161e+01   -5.1102678081e+01   -1.0965582617e+01    5.1380042983e+02    6.9660662500e-01    9.9643909627e-01
        17   -4.5073470573e+01    2.0329681100e+03   -8.2922439709e+01    3.7848969136e+01   -2.3383998758e+01    2.7735633305e+00   -1.1209326200e+01   -5.1102678081e+01   -1.0947964207e+01    5.1032584066e+02    7.1353746300e-01    9.9584960938e-01
        18   -4.5164353219e+01    2.0412293039e+03   -8.2866897650e+01    3.7702544431e+01   -2.3529412313e+01    2.9222739315e+00   -1.1157081188e+01   -5.1102678081e+01   -1.0891666292e+01    5.1289680854e+02    7.0550279500e-01    9.9590264188e-01
        19   -4.5184121872e+01    2.0432734464e+03   -8.2690873346e+01    3.7506751475e+01   -2.3601383104e+01    3.1236297459e+00   -1.1110441908e+01   -5.1102678081e+01   -1.0846742345e+01    5.1719219995e+02    8.1702809600e-01    9.9625965251e-01
        20   -4.5113529959e+01    2.0368779156e+03   -8.3038308571e+01    3.7924778612e+01   -2.3495544696e+01    2.7739414491e+00   -1.1214027243e+01   -5.1102678081e+01   -1.0944463774e+01    5.0872617579e+02    7.1285539500e-01    9.9580496109e-01
        21   -4.5110318827e+01    2.0362465413e+03   -8.3167529808e+01    3.8057210980e+01   -2.3517566328e+01    2.7485982332e+00   -1.1295883631e+01   -5.1102678081e+01   -1.1031293660e+01    5.0900797956e+02    7.0890828100e-01    9.9576375246e-01
        22   -4.5085816354e+01    2.0341868438e+03   -8.3465701606e+01    3.8379885252e+01   -2.3513080902e+01    2.4431854195e+00   -1.1293128042e+01   -5.1102678081e+01   -1.1040525272e+01    5.1092563473e+02    7.1263625200e-01    9.9510763209e-01
        23   -4.5151049133e+01    2.0399841539e+03   -8.3452733978e+01    3.8301684845e+01   -2.3518212417e+01    2.3897869280e+00   -1.1221630407e+01   -5.1102678081e+01   -1.0965282419e+01    5.1208889782e+02    7.0827161900e-01    9.9536132812e-01
        24   -4.5132445436e+01    2.0383196631e+03   -8.3409367237e+01    3.8276921800e+01   -2.3244195162e+01    2.2135683047e+00   -1.1276062298e+01   -5.1102678081e+01   -1.1015899639e+01    5.1413781169e+02    7.0889421300e-01    9.9677772374e-01
        25   -4.5119798988e+01    2.0370581819e+03   -8.3579443675e+01    3.8459644687e+01   -2.3703556373e+01    2.4573882892e+00   -1.1230597510e+01   -5.1102678081e+01   -1.0968421019e+01    5.1400591100e+02    6.9406070500e-01    9.9556177043e-01
        26   -4.5107924318e+01    2.0359962829e+03   -8.3462023342e+01    3.8354099024e+01   -2.3786226440e+01    2.6442394717e+00   -1.1217358293e+01   -5.1102678081e+01   -1.0950394169e+01    5.1494417842e+02    6.9900511900e-01    9.9544902913e-01
        27   -4.5023914761e+01    2.0285253875e+03   -8.3201933118e+01    3.8178018357e+01   -2.3422615754e+01    2.5451202498e+00   -1.1221759533e+01   -5.1102678081e+01   -1.0960406808e+01    5.1570762424e+02    7.0359539200e-01    9.9624515504e-01
        28   -4.5037868146e+01    2.0299952635e+03   -8.3302590185e+01    3.8264722039e+01   -2.3625260412e+01    2.5518169106e+00   -1.1126468603e+01   -5.1102678081e+01   -1.0866362633e+01    5.1958512552e+02    7.1384424000e-01    9.9513221154e-01
        29   -4.5090793506e+01    2.0346278959e+03   -8.3229201503e+01    3.8138407997e+01   -2.3355277053e+01    2.3953844603e+00   -1.1166630829e+01   -5.1102678081e+01   -1.0903402467e+01    5.1973995824e+02    8.0451791200e-01    9.9615384615e-01
        30   -4.5125841222e+01    2.0376415359e+03   -8.2736675973e+01    3.7610834751e+01   -2.3312044594e+01    2.7870816713e+00   -1.1109034969e+01   -5.1102678081e+01   -1.0850604297e+01    5.1598845015e+02    7.0719623700e-01    9.9660852713e-01
        31   -4.5077750297e+01    2.0338001731e+03   -8.2483770634e+01    3.7406020337e+01   -2.2883794697e+01    2.5400011850e+00   -1.1037299041e+01   -5.1102678081e+01   -1.0781866789e+01    5.1797772457e+02    7.3262765100e-01    9.9589768340e-01
        32   -4.5078524854e+01    2.0333871658e+03   -8.2984207914e+01    3.7905683060e+01   -2.2827455688e+01    2.1175009635e+00   -1.1171575108e+01   -5.1102678081e+01   -1.0911491771e+01    5.1680571934e+02    7.3576499800e-01    9.9661508704e-01
        33   -4.5062170804e+01    2.0318739125e+03   -8.2814277332e+01    3.7752106528e+01   -2.2686601957e+01    2.1964082708e+00   -1.1221405565e+01   -5.1102678081e+01   -1.0954345122e+01    5.1479989896e+02    7.4154331500e-01    9.9593446602e-01
        34   -4.5082130224e+01    2.0337492110e+03   -8.2524693590e+01    3.7442563366e+01   -2.2912092134e+01    2.6254804495e+00   -1.1135403824e+01   -5.1102678081e+01   -1.0863984318e+01    5.1885255579e+02    7.3884170400e-01    9.9680876686e-01
        35   -4.5114674738e+01    2.0367386048e+03   -8.2407363288e+01    3.7292688550e+01   -2.2881114066e+01    2.7990840186e+00   -1.1222655159e+01   -5.1102678081e+01   -1.0951997522e+01    5.1694340946e+02    7.4013227000e-01    9.9595019342e-01
        36   -4.5050624104e+01    2.0312256582e+03   -8.2387177923e+01    3.7336553819e+01   -2.2831716776e+01    2.7507981353e+00   -1.1203581200e+01   -5.1102678081e+01   -1.0942659785e+01    5.1488950602e+02    7.3244240400e-01    9.9563106796e-01
        37   -4.5166989007e+01    2.0415812908e+03   -8.2299972203e+01    3.7132983195e+01   -2.2663612476e+01    2.6590951023e+00   -1.1192776748e+01   -5.1102678081e+01   -1.0930774392e+01    5.1504117376e+02    7.0680837700e-01    9.9678398058e-01
        38   -4.5161004293e+01    2.0408845214e+03   -8.2091280935e+01    3.6930276642e+01   -2.2638201565e+01    2.8162545442e+00   -1.1166655833e+01   -5.1102678081e+01   -1.0904452036e+01    5.1531152965e+02    7.0562333700e-01    9.9623786408e-01
        39   -4.5106003849e+01    2.0359916940e+03   -8.2193078630e+01    3.7087074781e+01   -2.2619823369e+01    2.7138601209e+00   -1.1184437301e+01   -5.1102678081e+01   -1.0923296795e+01    5.1412445871e+02    7.8839829600e-01    9.9629134241e-01
        40   -4.5109059586e+01    2.0363090978e+03   -8.2661735535e+01    3.7552675949e+01   -2.2726012063e+01    2.4152995123e+00   -1.1248344903e+01   -5.1102678081e+01   -1.0985964239e+01    5.1700983326e+02    7.1426187900e-01    9.9607108317e-01
        41   -4.5146942888e+01    2.0396041166e+03   -8.2636552999e+01    3.7489610110e+01   -2.2895229677e+01    2.6451417163e+00   -1.1283786957e+01   -5.1102678081e+01   -1.1022218885e+01    5.1514876515e+02    7.0736229500e-01    9.9660194175e-01
        42   -4.5174109513e+01    2.0421215807e+03   -8.2553184937e+01    3.7379075423e+01   -2.2762956595e+01    2.5666158783e+00   -1.1254166139e+01   -5.1102678081e+01   -1.0991965810e+01    5.1826165919e+02    7.0554044300e-01    9.9535472973e-01
        43   -4.5148329771e+01    2.0396869325e+03   -8.2733784161e+01    3.7585454390e+01   -2.3007773432e+01    2.6809642325e+00   -1.1304296880e+01   -5.1102678081e+01   -1.1047888471e+01    5.1620798483e+02    7.0494256300e-01    9.9521560078e-01
        44   -4.5122616828e+01    2.0373002182e+03   -8.2805648064e+01    3.7683031236e+01   -2.2998686820e+01    2.6417147016e+00   -1.1345997864e+01   -5.1102678081e+01   -1.1094142801e+01    5.1507944614e+02    7.0787706100e-01    9.9648058252e-01
        45   -4.5160914078e+01    2.0409820902e+03   -8.2767547356e+01    3.7606633278e+01   -2.2969861320e+01    2.5810139704e+00   -1.1276021926e+01   -5.1102678081e+01   -1.1021944124e+01    5.1213206739e+02    7.0364942300e-01    9.9603271484e-01
        46   -4.5147711578e+01    2.0397457194e+03   -8.2675528000e+01    3.7527816422e+01   -2.2904203966e+01    2.6276093918e+00   -1.1296255345e+01   -5.1102678081e+01   -1.1043569268e+01    5.1024663903e+02    6.8954488100e-01    9.9589460784e-01
        47   -4.5130795624e+01    2.0382322285e+03   -8.2725158402e+01    3.7594362778e+01   -2.3059745919e+01    2.6545999347e+00   -1.1217334336e+01   -5.1102678081e+01   -1.0963591252e+01    5.1316882746e+02    7.0469172600e-01    9.9567495127e-01
        48   -4.5132545177e+01    2.0384371437e+03   -8.2658582371e+01    3.7526037194e+01   -2.3203241393e+01    2.9015331888e+00   -1.1254196085e+01   -5.1102678081e+01   -1.0998700487e+01    5.1009060286e+02    6.9226395100e-01    9.9705882353e-01
        49   -4.5142122689e+01    2.0392365539e+03   -8.2711134218e+01    3.7569011529e+01   -2.3082375097e+01    2.8170832738e+00   -1.1343164314e+01   -5.1102678081e+01   -1.1086778728e+01    5.0912060781e+02    7.8319415900e-01    9.9668467583e-01
        50   -4.5106737930e+01    2.0357535959e+03   -8.2661631246e+01    3.7554893316e+01   -2.3002446866e+01    2.8112191022e+00   -1.1367725401e+01   -5.1102678081e+01   -1.1122530990e+01    5.0812799404e+02    6.9370989900e-01    9.9612450787e-01
        51   -4.5146155764e+01    2.0394098981e+03   -8.2464010311e+01    3.7317854547e+01   -2.2913842792e+01    2.9018963672e+00   -1.1349385805e+01   -5.1102678081e+01   -1.1102782915e+01    5.0808974921e+02    6.9359767900e-01    9.9575541339e-01
        52   -4.5095719714e+01    2.0350244170e+03   -8.2472577766e+01    3.7376858052e+01   -2.2831246069e+01    2.7938292360e+00   -1.1332482852e+01   -5.1102678081e+01   -1.1088118511e+01    5.0605898530e+02    6.8935801100e-01    9.9635622530e-01
        53   -4.5097514395e+01    2.0352892898e+03   -8.2644633448e+01    3.7547119052e+01   -2.2977403476e+01    2.7396021640e+00   -1.1304154054e+01   -5.1102678081e+01   -1.1065366216e+01    5.0897225487e+02    6.9078000900e-01    9.9613212181e-01
        54   -4.5170239877e+01    2.0417736593e+03   -8.2131062065e+01    3.6960822187e+01   -2.2981735653e+01    3.1646498119e+00   -1.1211298143e+01   -5.1102678081e+01   -1.0976806506e+01    5.0513105252e+02    6.9008880000e-01    9.9566831683e-01
        55   -4.5217921694e+01    2.0461423819e+03   -8.2443018448e+01    3.7225096754e+01   -2.3207348793e+01    3.0917544231e+00   -1.1224745996e+01   -5.1102678081e+01   -1.0991147839e+01    5.0550567060e+02    7.0061888000e-01    9.9628712871e-01
        56   -4.5200243005e+01    2.0443034503e+03   -8.2156433490e+01    3.6956190485e+01   -2.2926506986e+01    3.1258459057e+00   -1.1253094328e+01   -5.1102678081e+01   -1.1015991550e+01    5.0853247085e+02    7.1427281600e-01    9.9581692913e-01
        57   -4.5172025846e+01    2.0422294777e+03   -8.2100936387e+01    3.6928910541e+01   -2.2827493632e+01    3.0854657777e+00   -1.1256230451e+01   -5.1102678081e+01   -1.1015034320e+01    5.0735185386e+02    7.6750539500e-01    9.9605522682e-01
        58   -4.5136269690e+01    2.0384408584e+03   -8.2021793663e+01    3.6885523973e+01   -2.2706948242e+01    2.9983895342e+00   -1.1210556874e+01   -5.1102678081e+01   -1.0960809445e+01    5.0520347321e+02    7.0893443500e-01    9.9579207921e-01
        59   -4.5136240259e+01    2.0385389428e+03   -8.2261542812e+01    3.7125302552e+01   -2.2757347620e+01    2.8025501884e+00   -1.1204067299e+01   -5.1102678081e+01   -1.0954435921e+01    5.0415833548e+02    8.0430349100e-01    9.9671378968e-01
        60   -4.5147840800e+01    2.0395651250e+03   -8.2295371039e+01    3.7147530239e+01   -2.3086727049e+01    3.0504875138e+00   -1.1156453423e+01   -5.1102678081e+01   -1.0909071372e+01    5.0516889267e+02    7.1602416400e-01    9.9579207921e-01
        61   -4.5138640795e+01    2.0385958523e+03   -8.2153885925e+01    3.7015245130e+01   -2.2817720041e+01    2.9517608016e+00   -1.1185248604e+01   -5.1102678081e+01   -1.0939493027e+01    5.0616934756e+02    7.0612173200e-01    9.9666501976e-01
        62   -4.5125851123e+01    2.0376766046e+03   -8.2246867986e+01    3.7121016863e+01   -2.2981864108e+01    3.0321829508e+00   -1.1194508748e+01   -5.1102678081e+01   -1.0950684139e+01    5.0411945689e+02    6.8751544600e-01    9.9714781746e-01
        63   -4.5156353555e+01    2.0402721846e+03   -8.2158968573e+01    3.7002615018e+01   -2.2703651206e+01    2.8473945405e+00   -1.1200033827e+01   -5.1102678081e+01   -1.0952296710e+01    5.0414147429e+02    6.8221274200e-01    9.9671378968e-01
        64   -4.5172338354e+01    2.0417586718e+03   -8.2238823803e+01    3.7066485449e+01   -2.2657660144e+01    2.7291629892e+00   -1.1207648567e+01   -5.1102678081e+01   -1.0954145370e+01    5.0325796456e+02    6.7843379700e-01    9.9645874751e-01
        65   -4.5138077653e+01    2.0387094816e+03   -8.2040458434e+01    3.6902380781e+01   -2.2798336896e+01    3.0183552803e+00   -1.1157798737e+01   -5.1102678081e+01   -1.0907955345e+01    5.0221635894e+02    6.7513705800e-01    9.9632719124e-01
        66   -4.5130559328e+01    2.0379896721e+03   -8.2455202299e+01    3.7324642972e+01   -2.2899238300e+01    2.8019738411e+00   -1.1255259759e+01   -5.1102678081e+01   -1.1002739858e+01    5.0112209638e+02    6.7359617700e-01    9.9675648703e-01
        67   -4.5118617641e+01    2.0368361287e+03   -8.2682965519e+01    3.7564347878e+01   -2.3019702077e+01    2.7011987733e+00   -1.1261784133e+01   -5.1102678081e+01   -1.1010967572e+01    5.0010627087e+02    6.7756111200e-01    9.9637500000e-01
        68   -4.5150722284e+01    2.0397978845e+03   -8.2731058347e+01    3.7580336063e+01   -2.3012807454e+01    2.6422637076e+00   -1.1257836519e+01   -5.1102678081e+01   -1.1009456618e+01    4.9815831213e+02    6.8992052400e-01    9.9535642570e-01
        69   -4.5126346941e+01    2.0376353410e+03   -8.2527045857e+01    3.7400698916e+01   -2.3147183520e+01    2.9762614022e+00   -1.1253445658e+01   -5.1102678081e+01   -1.1000388355e+01    4.9818847466e+02    7.5672083100e-01    9.9585843373e-01
        70   -4.5116214303e+01    2.0367651443e+03   -8.2467175180e+01    3.7350960877e+01   -2.2940609918e+01    2.8832915198e+00   -1.1307178701e+01   -5.1102678081e+01   -1.1052685008e+01    4.9911075248e+02    6.7760445000e-01    9.9643036072e-01
        71   -4.5170976691e+01    2.0417221874e+03   -8.2403558541e+01    3.7232581850e+01   -2.2938442562e+01    2.8593758671e+00   -1.1221813766e+01   -5.1102678081e+01   -1.0972487631e+01    4.9924535978e+02    6.8298010900e-01    9.9599198397e-01
        72   -4.5119104443e+01    2.0370468554e+03   -8.2224762682e+01    3.7105658239e+01   -2.2704819481e+01    2.8353719417e+00   -1.1252637062e+01   -5.1102678081e+01   -1.1004448939e+01    4.9922236047e+02    6.7775980600e-01    9.9611723447e-01
        73   -4.5110508505e+01    2.0363221581e+03   -8.2133123449e+01    3.7022614944e+01   -2.2664156040e+01    2.9170391322e+00   -1.1283328459e+01   -5.1102678081e+01   -1.1035023957e+01    4.9905298774e+02    6.7356699800e-01    9.9624248497e-01
        74   -4.5113060305e+01    2.0366031468e+03   -8.2141162427e+01    3.7028102122e+01   -2.2825380005e+01    3.0368292209e+00   -1.1249933562e+01   -5.1102678081e+01   -1.1000906059e+01    4.9904558608e+02    6.7613738100e-01    9.9643036072e-01
        75   -4.5137346737e+01    2.0388030419e+03   -8.2015946272e+01    3.6878599534e+01   -2.2966695038e+01    3.3573475848e+00   -1.1303920738e+01   -5.1102678081e+01   -1.1057128528e+01    5.0112934217e+02    6.7565418200e-01    9.9575848303e-01
        76   -4.5160381543e+01    2.0410780673e+03   -8.2032480470e+01    3.6872098927e+01   -2.2742786978e+01    3.1611664357e+00   -1.1348181847e+01   -5.1102678081e+01   -1.1104341259e+01    5.0523408223e+02    6.8855242300e-01    9.9573019802e-01
        77   -4.5143880212e+01    2.0398627773e+03   -8.2164522631e+01    3.7020642419e+01   -2.2747368232e+01    3.1366483936e+00   -1.1451124711e+01   -5.1102678081e+01   -1.1206889328e+01    5.0518630545e+02    6.7636893400e-01    9.9696782178e-01
        78   -4.5112521551e+01    2.0365158099e+03   -8.2180112627e+01    3.7067591075e+01   -2.2762238866e+01    3.1361380986e+00   -1.1451333778e+01   -5.1102678081e+01   -1.1208107636e+01    5.0411885442e+02    6.9326666700e-01    9.9658978175e-01
        79   -4.5209648982e+01    2.0453795677e+03   -8.2119441677e+01    3.6909792696e+01   -2.2852639669e+01    3.2391457941e+00   -1.1403269722e+01   -5.1102678081e+01   -1.1156720158e+01    5.0526638182e+02    7.9060318300e-01    9.9659653465e-01
        80   -4.5220386091e+01    2.0460168402e+03   -8.2060513416e+01    3.6840127325e+01   -2.2637302395e+01    3.0799800387e+00   -1.1400512979e+01   -5.1102678081e+01   -1.1150196428e+01    5.0857624834e+02    7.0767150800e-01    9.9624753937e-01
        81   -4.5211933705e+01    2.0454182561e+03   -8.1919750659e+01    3.6707816954e+01   -2.2543673577e+01    3.0113002645e+00   -1.1284699266e+01   -5.1102678081e+01   -1.1032095505e+01    5.1048202215e+02    7.2087122600e-01    9.9638480392e-01
        82   -4.5198000275e+01    2.0441622370e+03   -8.2515441391e+01    3.7317441117e+01   -2.2940154330e+01    2.8013997348e+00   -1.1274008715e+01   -5.1102678081e+01   -1.1021947378e+01    5.1137271560e+02    7.2819587700e-01    9.9559686888e-01
        83   -4.5225577510e+01    2.0466301521e+03   -8.2162998388e+01    3.6937420878e+01   -2.2714584737e+01    2.9505057041e+00   -1.1296241274e+01   -5.1102678081e+01   -1.1044568771e+01    5.0739249592e+02    7.2574452300e-01    9.9642504931e-01
        84   -4.5217869433e+01    2.0458559243e+03   -8.2171657214e+01    3.6953787781e+01   -2.2472426269e+01    2.7650771473e+00   -1.1361630011e+01   -5.1102678081e+01   -1.1106643890e+01    5.0649408327e+02    7.2086412500e-01    9.9536808300e-01
        85   -4.5197862615e+01    2.0441206365e+03   -8.2356646090e+01    3.7158783475e+01   -2.2517831289e+01    2.6598812557e+00   -1.1396017975e+01   -5.1102678081e+01   -1.1136194052e+01    5.0441824217e+02    7.1852305200e-01    9.9621775794e-01
        86   -4.5197725092e+01    2.0442047664e+03   -8.2039497275e+01    3.6841772184e+01   -2.2553367216e+01    2.9071478208e+00   -1.1290599799e+01   -5.1102678081e+01   -1.1034992226e+01    5.0438751772e+02    7.1131729700e-01    9.9516369048e-01
        87   -4.5211324921e+01    2.0452938398e+03   -8.2133922437e+01    3.6922597515e+01   -2.2426027543e+01    2.7576623170e+00   -1.1362879129e+01   -5.1102678081e+01   -1.1098059007e+01    5.0741103031e+02    6.9418998600e-01    9.9574704142e-01
        88   -4.5185560984e+01    2.0430636303e+03   -8.1979502795e+01    3.6793941810e+01   -2.2488529483e+01    2.8916980421e+00   -1.1279993272e+01   -5.1102678081e+01   -1.1021787976e+01    5.0935207924e+02    6.8814995300e-01    9.9631630648e-01
        89   -4.5163235416e+01    2.0410895158e+03   -8.1812629832e+01    3.6649394416e+01   -2.2328278746e+01    2.9632939598e+00   -1.1344966965e+01   -5.1102678081e+01   -1.1091038310e+01    5.1221176979e+02    7.9187315700e-01    9.9603271484e-01
        90   -4.5149986108e+01    2.0398723032e+03   -8.1859853453e+01    3.6709867345e+01   -2.2355576285e+01    2.9703479191e+00   -1.1371947006e+01   -5.1102678081e+01   -1.1121635816e+01    5.1207421509e+02    7.0206167500e-01    9.9615478516e-01
        91   -4.5138014659e+01    2.0387519075e+03   -8.1833167988e+01    3.6695153329e+01   -2.2456511984e+01    3.1167724912e+00   -1.1390750413e+01   -5.1102678081e+01   -1.1134655208e+01    5.1202656046e+02    7.0103791400e-01    9.9591064453e-01
        92   -4.5159193466e+01    2.0408156034e+03   -8.1680019422e+01    3.6520825957e+01   -2.2628309129e+01    3.3541093092e+00   -1.1303141521e+01   -5.1102678081e+01   -1.1044815760e+01    5.1305163678e+02    7.0014084400e-01    9.9579678363e-01
        93   -4.5155592400e+01    2.0403529097e+03   -8.1893416451e+01    3.6737824051e+01   -2.2624150561e+01    3.1275311379e+00   -1.1294118947e+01   -5.1102678081e+01   -1.1031707955e+01    5.1112020859e+02    6.9232617300e-01    9.9522994129e-01
        94   -4.5111882158e+01    2.0363351559e+03   -8.1790632004e+01    3.6678749845e+01   -2.2473945695e+01    3.0340617236e+00   -1.1248069951e+01   -5.1102678081e+01   -1.0988478290e+01    5.1297805560e+02    7.0529614800e-01    9.9610136452e-01
        95   -4.5162792040e+01    2.0409949289e+03   -8.1707154669e+01    3.6544362629e+01   -2.2235152917e+01    2.9067772574e+00   -1.1276100927e+01   -5.1102678081e+01   -1.1019177492e+01    5.1297017772e+02    6.9495821000e-01    9.9597953216e-01
        96   -4.5151042526e+01    2.0401928427e+03   -8.1661772473e+01    3.6510729947e+01   -2.2083008216e+01    2.7879675253e+00   -1.1264053702e+01   -5.1102678081e+01   -1.1011401195e+01    5.1406466961e+02    6.9446954200e-01    9.9598735409e-01
        97   -4.5090115843e+01    2.0344318749e+03   -8.1699616374e+01    3.6609500531e+01   -2.2047116236e+01    2.7304627779e+00   -1.1280284834e+01   -5.1102678081e+01   -1.1020362517e+01    5.1389862893e+02    6.9826838700e-01    9.9665612840e-01
        98   -4.5126892995e+01    2.0376981019e+03   -8.1705073231e+01    3.6578180236e+01   -2.2191452321e+01    2.8654790898e+00   -1.1276421919e+01   -5.1102678081e+01   -1.1016557046e+01    5.1686913014e+02    7.0117310300e-01    9.9564796905e-01
        99   -4.5143653043e+01    2.0391818968e+03   -8.1858159418e+01    3.6714506375e+01   -2.2282638060e+01    2.8203292165e+00   -1.1293172493e+01   -5.1102678081e+01   -1.1032890926e+01    5.1891165261e+02    8.3953489400e-01    9.9566473988e-01
       100   -4.5220860694e+01    2.0463448515e+03   -8.1915649543e+01    3.6694788849e+01   -2.2364625455e+01    2.8468953179e+00   -1.1295241325e+01   -5.1102678081e+01   -1.1035811358e+01    5.2016126474e+02    7.2271073300e-01    9.9567307692e-01
       101   -4.5193609238e+01    2.0443304207e+03   -8.2086115639e+01    3.6892506401e+01   -2.2522930803e+01    2.8245095055e+00   -1.1285016261e+01   -5.1102678081e+01   -1.1027202832e+01    5.1526696443e+02    6.9861862600e-01    9.9629854369e-01
       102   -4.5165129623e+01    2.0412595079e+03   -8.2228325545e+01    3.7063195921e+01   -2.2690993898e+01    2.8183649730e+00   -1.1253018539e+01   -5.1102678081e+01   -1.0993293947e+01    5.1614668681e+02    7.0354531900e-01    9.9672965116e-01
       103   -4.5165040461e+01    2.0411649560e+03   -8.2317118556e+01    3.7152078095e+01   -2.2783961858e+01    2.8754453256e+00   -1.1305923942e+01   -5.1102678081e+01   -1.1045314391e+01    5.1508327543e+02    6.9533219700e-01    9.9629854369e-01
       104   -4.5227654586e+01    2.0475969540e+03   -8.2054025608e+01    3.6826371022e+01   -2.2568230619e+01    2.8702266534e+00   -1.1253343561e+01   -5.1102678081e+01   -1.0999712560e+01    5.1620891222e+02    7.0570925900e-01    9.9691133721e-01
       105   -4.5149027097e+01    2.0398808995e+03   -8.2105151504e+01    3.6956124407e+01   -2.2507343645e+01    2.7697281265e+00   -1.1264857904e+01   -5.1102678081e+01   -1.1006198269e+01    5.1815799996e+02    7.3085664200e-01    9.9625965251e-01
       106   -4.5112238524e+01    2.0365487320e+03   -8.2112912315e+01    3.7000673792e+01   -2.2437182106e+01    2.7258483941e+00   -1.1298900522e+01   -5.1102678081e+01   -1.1030292681e+01    5.1685660837e+02    7.2686946800e-01    9.9661508704e-01
       107   -4.5102421662e+01    2.0355271287e+03   -8.2356968324e+01    3.7254546662e+01   -2.2634784273e+01    2.5409057947e+00   -1.1160411765e+01   -5.1102678081e+01   -1.0888824315e+01    5.1578426429e+02    7.2594061000e-01    9.9551841085e-01
       108   -4.5086822051e+01    2.0339766148e+03   -8.2674427423e+01    3.7587605371e+01   -2.2650747998e+01    2.3803912358e+00   -1.1301392579e+01   -5.1102678081e+01   -1.1031060016e+01    5.1369717516e+02    7.3164158700e-01    9.9525778210e-01
       109   -4.5091088312e+01    2.0346856097e+03   -8.2695416612e+01    3.7604328300e+01   -2.2493562152e+01    2.2869696307e+00   -1.1386146010e+01   -5.1102678081e+01   -1.1109401165e+01    5.1269664511e+02    8.2056834900e-01    9.9616228070e-01
       110   -4.5076818975e+01    2.0331048037e+03   -8.2346212138e+01    3.7269393163e+01   -2.2459759086e+01    2.5507083711e+00   -1.1334483342e+01   -5.1102678081e+01   -1.1060611760e+01    5.1169513894e+02    7.1281639200e-01    9.9603271484e-01
       111   -4.5131284840e+01    2.0383477631e+03   -8.2301509702e+01    3.7170224862e+01   -2.2539784393e+01    2.7424777640e+00   -1.1401524991e+01   -5.1102678081e+01   -1.1132374899e+01    5.0885964972e+02    6.9538080600e-01    9.9674607073e-01
       112   -4.5154608476e+01    2.0402226173e+03   -8.2235218046e+01    3.7080609571e+01   -2.2549429829e+01    2.8243688470e+00   -1.1407478983e+01   -5.1102678081e+01   -1.1135306478e+01    5.1005023722e+02    6.9818071100e-01    9.9528186275e-01
       113   -4.5176261276e+01    2.0421744654e+03   -8.2409177728e+01    3.7232916452e+01   -2.2759537439e+01    2.8105791756e+00   -1.1357541384e+01   -5.1102678081e+01   -1.1088862635e+01    5.1215119809e+02    7.0547066400e-01    9.9560546875e-01
       114   -4.5144019819e+01    2.0393580621e+03   -8.2200257250e+01    3.7056237432e+01   -2.2480306130e+01    2.6979030775e+00   -1.1315176117e+01   -5.1102678081e+01   -1.1048728726e+01    5.1207318600e+02    7.0369433900e-01    9.9645996094e-01
       115   -4.5135762180e+01    2.0396886901e+03   -8.1981084187e+01    3.6845322007e+01   -2.2372670045e+01    2.8727243526e+00   -1.1378460413e+01   -5.1102678081e+01   -1.1110830971e+01    5.1201716124e+02    7.0367054200e-01    9.9749755859e-01
       116   -4.5121928187e+01    2.0373625742e+03   -8.1892263966e+01    3.6770335779e+01   -2.2272280212e+01    2.7456155070e+00   -1.1262921180e+01   -5.1102678081e+01   -1.0998485354e+01    5.1194019654e+02    7.1075553000e-01    9.9609375000e-01
       117   -4.5120779461e+01    2.0372429156e+03   -8.1834586564e+01    3.6713807103e+01   -2.2077375431e+01    2.6351960437e+00   -1.1289729096e+01   -5.1102678081e+01   -1.1026394485e+01    5.0991476508e+02    6.9733789000e-01    9.9528186275e-01
       118   -4.5099545422e+01    2.0352253789e+03   -8.1681732835e+01    3.6582187413e+01   -2.2025352273e+01    2.7248300073e+00   -1.1278532488e+01   -5.1102678081e+01   -1.1018880529e+01    5.0784983163e+02    7.0356803900e-01    9.9575541339e-01
       119   -4.5152116968e+01    2.0399521240e+03   -8.1967462450e+01    3.6815345482e+01   -2.2177777393e+01    2.5219277581e+00   -1.1208934734e+01   -5.1102678081e+01   -1.0943315508e+01    5.1097671505e+02    8.0390827600e-01    9.9590264188e-01
       120   -4.5200606224e+01    2.0448346998e+03   -8.1667024067e+01    3.6466417843e+01   -2.2054457438e+01    2.7383020216e+00   -1.1248190570e+01   -5.1102678081e+01   -1.0985878270e+01    5.0721972245e+02    7.0393164100e-01    9.9580867850e-01
       121   -4.5120678736e+01    2.0370434078e+03   -8.1699248053e+01    3.6578569317e+01   -2.1871096397e+01    2.4121005175e+00   -1.1137574092e+01   -5.1102678081e+01   -1.0868756752e+01    5.0913111024e+02    6.8924930500e-01    9.9582514735e-01
       122   -4.5112219429e+01    2.0362752698e+03   -8.1656163425e+01    3.6543943996e+01   -2.1995122731e+01    2.5255649803e+00   -1.1083927594e+01   -5.1102678081e+01   -1.0815001816e+01    5.0891054367e+02    6.8941964400e-01    9.9613212181e-01
       123   -4.5168785604e+01    2.0413188256e+03   -8.1608111746e+01    3.6439326142e+01   -2.1998162768e+01    2.4871268883e+00   -1.0994397785e+01   -5.1102678081e+01   -1.0722320728e+01    5.1003177966e+02    6.9000309000e-01    9.9546568627e-01
       124   -4.5169273125e+01    2.0415642394e+03   -8.1648244327e+01    3.6478971202e+01   -2.2009777423e+01    2.5239318977e+00   -1.1059720721e+01   -5.1102678081e+01   -1.0788559770e+01    5.1119713160e+02    6.9541267900e-01    9.9535225049e-01
       125   -4.5143334089e+01    2.0391713048e+03   -8.1685344746e+01    3.6542010657e+01   -2.2067289795e+01    2.5693514057e+00   -1.1084728275e+01   -5.1102678081e+01   -1.0814383111e+01    5.1206476965e+02    7.0192021600e-01    9.9548339844e-01
       126   -4.5192606156e+01    2.0438379180e+03   -8.1598581538e+01    3.6405975382e+01   -2.1919216625e+01    2.5795600566e+00   -1.1156246888e+01   -5.1102678081e+01   -1.0886793625e+01    5.1513559909e+02    7.0000746400e-01    9.9702669903e-01
       127   -4.5174554349e+01    2.0420668067e+03   -8.1852239648e+01    3.6677685299e+01   -2.2089936276e+01    2.5023277679e+00   -1.1161953059e+01   -5.1102678081e+01   -1.0889842068e+01    5.1317619183e+02    6.9937061500e-01    9.9634502924e-01
       128   -4.5170358279e+01    2.0417386373e+03   -8.1774370273e+01    3.6604011994e+01   -2.1909571709e+01    2.3288065636e+00   -1.1090927046e+01   -5.1102678081e+01   -1.0821151940e+01    5.1113980056e+02    7.0523735700e-01    9.9535225049e-01
       129   -4.5206052997e+01    2.0449065467e+03   -8.1651426569e+01    3.6445373572e+01   -2.2074454993e+01    2.6031756922e+00   -1.1077469187e+01   -5.1102678081e+01   -1.0807782273e+01    5.1325943070e+02    7.8958061300e-01    9.9640594542e-01
       130   -4.5207018036e+01    2.0450365736e+03   -8.1936887074e+01    3.6729869037e+01   -2.2492541245e+01    2.7699412148e+00   -1.1111608962e+01   -5.1102678081e+01   -1.0840892647e+01    5.1032232728e+02    7.1778427300e-01    9.9650735294e-01
       131   -4.5167948679e+01    2.0415367048e+03   -8.2285189917e+01    3.7117241239e+01   -2.2660568747e+01    2.5896035165e+00   -1.1111546606e+01   -5.1102678081e+01   -1.0842829550e+01    5.1024804252e+02    7.2221295100e-01    9.9589460784e-01
       132   -4.5141628729e+01    2.0392483062e+03   -8.2328348990e+01    3.7186720261e+01   -2.2714890531e+01    2.6845698865e+00   -1.1195350265e+01   -5.1102678081e+01   -1.0926121019e+01    5.1005489668e+02    7.2826515500e-01    9.9497549020e-01
       133   -4.5168140693e+01    2.0415126708e+03   -8.2398785453e+01    3.7230644760e+01   -2.2762749616e+01    2.6432422252e+00   -1.1176599981e+01   -5.1102678081e+01   -1.0905315391e+01    5.1206808600e+02    7.2764123000e-01    9.9627685547e-01
       134   -4.5121108015e+01    2.0373859357e+03   -8.2438211790e+01    3.7317103775e+01   -2.2712985816e+01    2.5638313337e+00   -1.1186379227e+01   -5.1102678081e+01   -1.0911185838e+01    5.1299356674e+02    7.4373712100e-01    9.9750243665e-01
       135   -4.5190680661e+01    2.0436713976e+03   -8.2425621116e+01    3.7234940455e+01   -2.2748080915e+01    2.6186167308e+00   -1.1193478850e+01   -5.1102678081e+01   -1.0916049514e+01    5.1204577517e+02    7.0445126300e-01    9.9530029297e-01
       136   -4.5199332701e+01    2.0447201234e+03   -8.2551552924e+01    3.7352220223e+01   -2.2825121422e+01    2.6513249752e+00   -1.1275078396e+01   -5.1102678081e+01   -1.0994142118e+01    5.1425379843e+02    7.0170684800e-01    9.9580496109e-01
       137   -4.5095562728e+01    2.0351032601e+03   -8.2556983343e+01    3.7461420614e+01   -2.2511273445e+01    2.3200422813e+00   -1.1263074097e+01   -5.1102678081e+01   -1.0981242803e+01    5.1099109882e+02    6.9243340900e-01    9.9492416830e-01
       138   -4.5113702285e+01    2.0368062501e+03   -8.2198097280e+01    3.7084394995e+01   -2.2429618425e+01    2.5208594325e+00   -1.1186660206e+01   -5.1102678081e+01   -1.0907678857e+01    5.1079803491e+02    6.9287022600e-01    9.9522994129e-01
       139   -4.5111153529e+01    2.0364768275e+03   -8.2202102684e+01    3.7090949155e+01   -2.2386364455e+01    2.4466074924e+00   -1.1159667640e+01   -5.1102678081e+01   -1.0880286566e+01    5.1283719467e+02    7.8889193700e-01    9.9610136452e-01
       140   -4.5116441465e+01    2.0369590651e+03   -8.2026166760e+01    3.6909725295e+01   -2.2324793765e+01    2.6361537577e+00   -1.1234848671e+01   -5.1102678081e+01   -1.0950012383e+01    5.1186450923e+02    6.9763005300e-01    9.9591064453e-01
       141   -4.5069641942e+01    2.0325411153e+03   -8.2238903880e+01    3.7169261939e+01   -2.2552039105e+01    2.6130535211e+00   -1.1197240215e+01   -5.1102678081e+01   -1.0913138032e+01    5.0974294404e+02    7.3679398800e-01    9.9571078431e-01
       142   -4.5057660820e+01    2.0315714336e+03   -8.2344758156e+01    3.7287097336e+01   -2.2488953018e+01    2.4371449021e+00   -1.1190271959e+01   -5.1102678081e+01   -1.0909440222e+01    5.0861565830e+02    7.1356476000e-01    9.9545677800e-01
       143   -4.5061241940e+01    2.0319984694e+03   -8.2078980070e+01    3.7017738130e+01   -2.2321332108e+01    2.4491535961e+00   -1.1104123477e+01   -5.1102678081e+01   -1.0822372449e+01    5.1162912958e+02    6.9057344800e-01    9.9584960938e-01
       144   -4.5119220420e+01    2.0370901272e+03   -8.2074041728e+01    3.6954821307e+01   -2.2241776975e+01    2.3605298617e+00   -1.1090116534e+01   -5.1102678081e+01   -1.0813924872e+01    5.0776381507e+02    6.8181477300e-01    9.9587844488e-01
       145   -4.5116255975e+01    2.0368946222e+03   -8.1893742164e+01    3.6777486189e+01   -2.2213942932e+01    2.6014974522e+00   -1.1178618603e+01   -5.1102678081e+01   -1.0904802763e+01    5.0992085617e+02    6.9075012000e-01    9.9595588235e-01
       146   -4.5164591758e+01    2.0412572490e+03   -8.1952265340e+01    3.6787673582e+01   -2.2308738445e+01    2.6609755777e+00   -1.1201824392e+01   -5.1102678081e+01   -1.0930344168e+01    5.1103184912e+02    6.9941398200e-01    9.9657534247e-01
       147   -4.5156022192e+01    2.0404294024e+03   -8.1840836851e+01    3.6684814659e+01   -2.2175695498e+01    2.6754761319e+00   -1.1237939404e+01   -5.1102678081e+01   -1.0960841200e+01    5.1216135190e+02    7.0419522800e-01    9.9578857422e-01
       148   -4.5143207874e+01    2.0391884917e+03   -8.1906854074e+01    3.6763646200e+01   -2.2125473780e+01    2.5402473807e+00   -1.1218949594e+01   -5.1102678081e+01   -1.0944615544e+01    5.1007037684e+02    7.0037106600e-01    9.9681372549e-01
       149   -4.5152982846e+01    2.0401556764e+03   -8.1632645696e+01    3.6479662850e+01   -2.1898035588e+01    2.5831287904e+00   -1.1215060817e+01   -5.1102678081e+01   -1.0937670236e+01    5.0905912887e+02    7.9060839600e-01    9.9576375246e-01
       150   -4.5129524182e+01    2.0381417664e+03   -8.1420599255e+01    3.6291075073e+01   -2.1617855983e+01    2.5512450506e+00   -1.1251310242e+01   -5.1102678081e+01   -1.0972181786e+01    5.1101529313e+02    6.9414101800e-01    9.9614726027e-01
       151   -4.5052213989e+01    2.0311477375e+03   -8.1633653401e+01    3.6581439412e+01   -2.1681531538e+01    2.4427734445e+00   -1.1292217226e+01   -5.1102678081e+01   -1.1017145561e+01    5.1073826495e+02    6.9155503600e-01    9.9565802348e-01
       152   -4.5073970870e+01    2.0331469296e+03   -8.1714220951e+01    3.6640250081e+01   -2.1663819633e+01    2.3687525838e+00   -1.1316475821e+01   -5.1102678081e+01   -1.1048462079e+01    5.0859926513e+02    6.8414793100e-01    9.9564096267e-01
       153   -4.5036818731e+01    2.0295887944e+03   -8.2076740641e+01    3.7039921910e+01   -2.1880646238e+01    2.2749062892e+00   -1.1368322610e+01   -5.1102678081e+01   -1.1092010157e+01    5.0663605505e+02    7.0444260700e-01    9.9562376726e-01
       154   -4.5096795939e+01    2.0350462961e+03   -8.2105811968e+01    3.7009016029e+01   -2.2125064028e+01    2.3832618291e+00   -1.1261331688e+01   -5.1102678081e+01   -1.0979680933e+01    5.0570668207e+02    7.1053212100e-01    9.9598567194e-01
       155   -4.5091333845e+01    2.0345446335e+03   -8.2086700914e+01    3.6995367069e+01   -2.2202746671e+01    2.4896754615e+00   -1.1270951623e+01   -5.1102678081e+01   -1.0991026169e+01    5.0681664072e+02    7.0642928000e-01    9.9587031558e-01
       156   -4.5075507302e+01    2.0336560910e+03   -8.2131569657e+01    3.7056062355e+01   -2.2159767897e+01    2.2807937725e+00   -1.1149917452e+01   -5.1102678081e+01   -1.0866656861e+01    5.0775389607e+02    7.1565111600e-01    9.9637057087e-01
       157   -4.5031661510e+01    2.0294202709e+03   -8.2251581488e+01    3.7219919978e+01   -2.2416022181e+01    2.4477460510e+00   -1.1180627278e+01   -5.1102678081e+01   -1.0892189066e+01    5.0859332937e+02    7.2285156000e-01    9.9600933202e-01
       158   -4.5067227992e+01    2.0327319699e+03   -8.2401724947e+01    3.7334496955e+01   -2.2395001167e+01    2.2407511613e+00   -1.1144796860e+01   -5.1102678081e+01   -1.0866600552e+01    5.0764218429e+02    7.1916766800e-01    9.9606299213e-01
       159   -4.5060570450e+01    2.0316738920e+03   -8.2045412438e+01    3.6984841988e+01   -2.2234886693e+01    2.4262602114e+00   -1.1134107875e+01   -5.1102678081e+01   -1.0851798435e+01    5.1066460383e+02    8.1827000400e-01    9.9651418787e-01
       160   -4.5094764994e+01    2.0350005777e+03   -8.1760007784e+01    3.6665242790e+01   -2.1952539091e+01    2.4776846114e+00   -1.1182475223e+01   -5.1102678081e+01   -1.0903736311e+01    5.0872231835e+02    6.9897691600e-01    9.9564096267e-01
       161   -4.5110344735e+01    2.0362599464e+03   -8.1819511247e+01    3.6709166512e+01   -2.2053442953e+01    2.5551612932e+00   -1.1218551506e+01   -5.1102678081e+01   -1.0950562329e+01    5.0890929340e+02    7.0876401100e-01    9.9588654224e-01
       162   -4.5115438972e+01    2.0368162817e+03   -8.1926818609e+01    3.6811379637e+01   -2.2336656948e+01    2.6279170444e+00   -1.1115400624e+01   -5.1102678081e+01   -1.0846869505e+01    5.0790249223e+02    6.9008171700e-01    9.9581692913e-01
       163   -4.5123524593e+01    2.0373494193e+03   -8.2258877391e+01    3.7135352798e+01   -2.2480949876e+01    2.5181069043e+00   -1.1193356337e+01   -5.1102678081e+01   -1.0930267091e+01    5.0993741212e+02    6.8700927500e-01    9.9589460784e-01
       164   -4.5197812516e+01    2.0441783351e+03   -8.1856430393e+01    3.6658617877e+01   -2.2151138416e+01    2.5563822809e+00   -1.1158996177e+01   -5.1102678081e+01   -1.0893732128e+01    5.1112620272e+02    6.8941180600e-01    9.9626956947e-01
       165   -4.5157979486e+01    2.0404596857e+03   -8.1862661980e+01    3.6704682495e+01   -2.1789323503e+01    2.2334384358e+00   -1.1204098832e+01   -5.1102678081e+01   -1.0940963244e+01    5.1221762788e+02    6.8959748400e-01    9.9615478516e-01
       166   -4.5208806202e+01    2.0453325870e+03   -8.1913351243e+01    3.6704545041e+01   -2.1664875640e+01    2.1256172272e+00   -1.1271414749e+01   -5.1102678081e+01   -1.1004476243e+01    5.1525538971e+02    6.9274881700e-01    9.9599514563e-01
       167   -4.5225443802e+01    2.0468257081e+03   -8.1917541110e+01    3.6692097308e+01   -2.1857290378e+01    2.3532293701e+00   -1.1310802021e+01   -5.1102678081e+01   -1.1051491296e+01    5.1138581421e+02    6.9952511400e-01    9.9694227006e-01
       168   -4.5142906675e+01    2.0393382950e+03   -8.1866260682e+01    3.6723354007e+01   -2.2058481967e+01    2.5493306433e+00   -1.1254431277e+01   -5.1102678081e+01   -1.0991999815e+01    5.0923446159e+02    6.9778829900e-01    9.9594793713e-01
       169   -4.5123567161e+01    2.0377182663e+03   -8.1788751188e+01    3.6665184027e+01   -2.2054281308e+01    2.6423618201e+00   -1.1274153619e+01   -5.1102678081e+01   -1.1013638033e+01    5.1301434768e+02    7.8293105400e-01    9.9433479532e-01
       170   -4.5140531218e+01    2.0391864899e+03   -8.1885772274e+01    3.6745241056e+01   -2.1931868879e+01    2.4071750673e+00   -1.1258400381e+01   -5.1102678081e+01   -1.1000625300e+01    5.1195733331e+02    7.0582097200e-01    9.9584960938e-01
       171   -4.5153097488e+01    2.0403858750e+03   -8.1711796977e+01    3.6558699489e+01   -2.1983817814e+01    2.6983282144e+00   -1.1323629296e+01   -5.1102678081e+01   -1.1070307244e+01    5.1303875830e+02    7.0080626300e-01    9.9591861598e-01
       172   -4.5082917310e+01    2.0338498331e+03   -8.1676688123e+01    3.6593770813e+01   -2.1810946736e+01    2.5848652355e+00   -1.1347928541e+01   -5.1102678081e+01   -1.1092348220e+01    5.1388609706e+02    6.8470007200e-01    9.9604815175e-01
       173   -4.5119194913e+01    2.0383098850e+03   -8.1653103135e+01    3.6533908222e+01   -2.1642718854e+01    2.4246380033e+00   -1.1332344204e+01   -5.1102678081e+01   -1.1082517386e+01    5.1678450991e+02    7.0409154800e-01    9.9631286267e-01
       174   -4.5124315161e+01    2.0377075097e+03   -8.1611745993e+01    3.6487430832e+01   -2.1521541087e+01    2.3490877413e+00   -1.1336614566e+01   -5.1102678081e+01   -1.1078970377e+01    5.1696037205e+02    7.1203954000e-01    9.9576885880e-01
       175   -4.5091315312e+01    2.0345768285e+03   -8.1650599982e+01    3.6559284669e+01   -2.1678751464e+01    2.4209030664e+00   -1.1290073503e+01   -5.1102678081e+01   -1.1031913357e+01    5.1777866744e+02    7.0970832600e-01    9.9601833977e-01
       176   -4.5092720881e+01    2.0348371649e+03   -8.1698367102e+01    3.6605646220e+01   -2.1973685081e+01    2.7170256986e+00   -1.1339029638e+01   -5.1102678081e+01   -1.1079653523e+01    5.1671100451e+02    7.0742641100e-01    9.9691731141e-01
       177   -4.5122045623e+01    2.0373317718e+03   -8.1906430743e+01    3.6784385120e+01   -2.2064180280e+01    2.5385876997e+00   -1.1278160082e+01   -5.1102678081e+01   -1.1024345233e+01    5.1483130815e+02    7.0415172200e-01    9.9575242718e-01
       178   -4.5120388860e+01    2.0370744908e+03   -8.2091622860e+01    3.6971234000e+01   -2.2159066109e+01    2.5225605466e+00   -1.1352439216e+01   -5.1102678081e+01   -1.1101316290e+01    5.1288836241e+02    7.1525102900e-01    9.9750243665e-01
       179   -4.5131336461e+01    2.0381732542e+03   -8.2156060970e+01    3.7024724509e+01   -2.2007378364e+01    2.3730348748e+00   -1.1419039400e+01   -5.1102678081e+01   -1.1165445891e+01    5.1595324445e+02    8.3768962600e-01    9.9509447674e-01
       180   -4.5103238869e+01    2.0356727876e+03   -8.1930903828e+01    3.6827664960e+01   -2.2070633920e+01    2.6678964035e+00   -1.1425488231e+01   -5.1102678081e+01   -1.1171487062e+01    5.1485581423e+02    7.3352379000e-01    9.9550970874e-01
       181   -4.5083830293e+01    2.0338150403e+03   -8.2182534777e+01    3.7098704484e+01   -2.2196182931e+01    2.5327922627e+00   -1.1416466027e+01   -5.1102678081e+01   -1.1162339521e+01    5.1275524366e+02    7.2862605800e-01    9.9567495127e-01
       182   -4.5135312064e+01    2.0383816248e+03   -8.2221582148e+01    3.7086270083e+01   -2.2388772904e+01    2.6194546841e+00   -1.1349585847e+01   -5.1102678081e+01   -1.1096372011e+01    5.1088486622e+02    7.2363396600e-01    9.9565802348e-01
       183   -4.5148452962e+01    2.0401980660e+03   -8.2403595103e+01    3.7255142141e+01   -2.2560464280e+01    2.5576957999e+00   -1.1298148542e+01   -5.1102678081e+01   -1.1047804284e+01    5.1303127370e+02    7.7327501400e-01    9.9561403509e-01
       184   -4.5107737679e+01    2.0359467224e+03   -8.2126799085e+01    3.7019061406e+01   -2.2384127873e+01    2.7489954200e+00   -1.1388988551e+01   -5.1102678081e+01   -1.1134240191e+01    5.1195855223e+02    7.2918392900e-01    9.9615478516e-01
       185   -4.5113461051e+01    2.0364355811e+03   -8.1905756181e+01    3.6792295130e+01   -2.2303284894e+01    2.8635044114e+00   -1.1363297617e+01   -5.1102678081e+01   -1.1108926752e+01    5.0887929719e+02    7.0302895900e-01    9.9650049116e-01
       186   -4.5175709741e+01    2.0423214990e+03   -8.1833896114e+01    3.6658186373e+01   -2.2186793388e+01    2.8037416033e+00   -1.1348166248e+01   -5.1102678081e+01   -1.1086521810e+01    5.0507949677e+02    6.9876726700e-01    9.9554455446e-01
       187   -4.5182986568e+01    2.0428590214e+03   -8.1720174958e+01    3.6537188390e+01   -2.2232079897e+01    3.0963772343e+00   -1.1481794214e+01   -5.1102678081e+01   -1.1222096348e+01    5.0627598706e+02    6.9964928700e-01    9.9641798419e-01
       188   -4.5158100846e+01    2.0406517836e+03   -8.2012906712e+01    3.6854805866e+01   -2.2262006699e+01    2.9185584157e+00   -1.1566780348e+01   -5.1102678081e+01   -1.1307525213e+01    5.0526351300e+02    7.0011014700e-01    9.9672029703e-01
       189   -4.5139666849e+01    2.0389959087e+03   -8.1946073248e+01    3.6806406398e+01   -2.1941550096e+01    2.5496630949e+00   -1.1451508166e+01   -5.1102678081e+01   -1.1187326446e+01    5.0312226560e+02    7.8733624200e-01    9.9645874751e-01
       190   -4.5058812949e+01    2.0315555747e+03   -8.2062646568e+01    3.7003833619e+01   -2.2115382075e+01    2.5928375019e+00   -1.1437423914e+01   -5.1102678081e+01   -1.1175251409e+01    5.0189504370e+02    6.9632016100e-01    9.9651394422e-01
       191   -4.5052802584e+01    2.0309258663e+03   -8.1961547918e+01    3.6908745333e+01   -2.2066323132e+01    2.6637131635e+00   -1.1456259869e+01   -5.1102678081e+01   -1.1196656341e+01    4.9970732782e+02    6.9291216600e-01    9.9625000000e-01
       192   -4.5116070930e+01    2.0366439972e+03   -8.1797965721e+01    3.6681894791e+01   -2.1838014508e+01    2.5744888152e+00   -1.1431761947e+01   -5.1102678081e+01   -1.1176645128e+01    5.0086904257e+02    6.8856656200e-01    9.9644461078e-01
       193   -4.5141903117e+01    2.0390029840e+03   -8.1920960832e+01    3.6779057715e+01   -2.1843864742e+01    2.5598724435e+00   -1.1534290453e+01   -5.1102678081e+01   -1.1286425481e+01    5.0007775094e+02    6.7215381100e-01    9.9575000000e-01
       194   -4.5192359723e+01    2.0437658418e+03   -8.1938130898e+01    3.6745771175e+01   -2.2164391343e+01    2.7670177378e+00   -1.1438079212e+01   -5.1102678081e+01   -1.1190368634e+01    5.0025345127e+02    6.6495822300e-01    9.9656250000e-01
       195   -4.5130152167e+01    2.0382637679e+03   -8.2320272402e+01    3.7190120235e+01   -2.2382061629e+01    2.5877654493e+00   -1.1423298142e+01   -5.1102678081e+01   -1.1171405226e+01    4.9822763838e+02    6.7255787400e-01    9.9592118474e-01
       196   -4.5147203987e+01    2.0394386217e+03   -8.2337497977e+01    3.7190293990e+01   -2.2468696926e+01    2.6604346521e+00   -1.1426557622e+01   -5.1102678081e+01   -1.1173647587e+01    4.9617368184e+02    6.7487404800e-01    9.9527469758e-01
       197   -4.5227457452e+01    2.0468754897e+03   -8.2467003601e+01    3.7239546149e+01   -2.2482374826e+01    2.6435805319e+00   -1.1525531226e+01   -5.1102678081e+01   -1.1276372665e+01    4.9639151287e+02    6.8354452700e-01    9.9609375000e-01
       198   -4.5113693510e+01    2.0366946054e+03   -8.2188989975e+01    3.7075296466e+01   -2.2461813201e+01    2.9048977213e+00   -1.1529396414e+01   -5.1102678081e+01   -1.1279176583e+01    4.9733279126e+02    6.7472483900e-01    9.9635311871e-01
       199   -4.5111882288e+01    2.0368081987e+03   -8.2189662133e+01    3.7077779845e+01   -2.2344694940e+01    2.7277682494e+00   -1.1470057361e+01   -5.1102678081e+01   -1.1220010015e+01    5.0306733918e+02    7.6916409700e-01    9.9608598410e-01
       200   -4.5112251358e+01    2.0365099089e+03   -8.2069962998e+01    3.6957711640e+01   -2.2463638624e+01    2.9261250506e+00   -1.1429771343e+01   -5.1102678081e+01   -1.1178454121e+01    5.0395546805e+02    6.9179318300e-01    9.9658978175e-01
       201   -4.5160195255e+01    2.0408998365e+03   -8.2062869478e+01    3.6902674224e+01   -2.2434847776e+01    2.8619772975e+00   -1.1387320919e+01   -5.1102678081e+01   -1.1140215825e+01    5.0010620217e+02    6.7741600400e-01    9.9500000000e-01
       202   -4.5187414555e+01    2.0432315228e+03   -8.2053234054e+01    3.6865819499e+01   -2.2381983026e+01    2.8764936849e+00   -1.1445066632e+01   -5.1102678081e+01   -1.1199129154e+01    5.0231108518e+02    6.7874130100e-01    9.9620268924e-01
       203   -4.5176923105e+01    2.0422100024e+03   -8.2040235167e+01    3.6863312062e+01   -2.2225875786e+01    2.7607361859e+00   -1.1472417485e+01   -5.1102678081e+01   -1.1227654507e+01    5.0332458837e+02    6.9913794900e-01    9.9602385686e-01
       204   -4.5232843275e+01    2.0474318185e+03   -8.2337504353e+01    3.7104661078e+01   -2.2543945686e+01    2.7691371665e+00   -1.1460017752e+01   -5.1102678081e+01   -1.1210635236e+01    5.0144642436e+02    7.0893011400e-01    9.9550898204e-01
       205   -4.5232229233e+01    2.0473140551e+03   -8.2380922481e+01    3.7148693248e+01   -2.2490595466e+01    2.7572351235e+00   -1.1544884057e+01   -5.1102678081e+01   -1.1298104032e+01    5.0057923702e+02    7.0447399400e-01    9.9625000000e-01
       206   -4.5216624334e+01    2.0458348761e+03   -8.2113870241e+01    3.6897245906e+01   -2.2445434655e+01    2.8838615480e+00   -1.1449619053e+01   -5.1102678081e+01   -1.1196064892e+01    5.0052927463e+02    7.0852458500e-01    9.9537500000e-01
       207   -4.5196368149e+01    2.0439565044e+03   -8.1890469988e+01    3.6694101838e+01   -2.2290790319e+01    2.9553014446e+00   -1.1452303032e+01   -5.1102678081e+01   -1.1202153099e+01    4.9846004928e+02    7.0361517700e-01    9.9529367470e-01
       208   -4.5173991106e+01    2.0420374342e+03   -8.2049827094e+01    3.6875835988e+01   -2.2360794791e+01    2.9069172067e+00   -1.1493271429e+01   -5.1102678081e+01   -1.1241728494e+01    4.9937396198e+02    7.1025240500e-01    9.9605460922e-01
       209   -4.5174774348e+01    2.0420783304e+03   -8.1857025606e+01    3.6682251258e+01   -2.2431745854e+01    3.1586135307e+00   -1.1481215201e+01   -5.1102678081e+01   -1.1228107952e+01    4.9631463876e+02    7.7555361300e-01    9.9634576613e-01
       210   -4.5161308867e+01    2.0408822966e+03   -8.2194702372e+01    3.7033393506e+01   -2.2442335706e+01    2.8151617976e+00   -1.1464850383e+01   -5.1102678081e+01   -1.1213346943e+01    4.9828039178e+02    6.8494223000e-01    9.9560742972e-01
       211   -4.5175326319e+01    2.0420792097e+03   -8.2337978222e+01    3.7162651903e+01   -2.2592969219e+01    2.7411688513e+00   -1.1383499773e+01   -5.1102678081e+01   -1.1130023216e+01    5.0429335311e+02    6.9450774000e-01    9.9714781746e-01
       212   -4.5183119831e+01    2.0428767800e+03   -8.2280625299e+01    3.7097505468e+01   -2.2611725145e+01    2.7876458400e+00   -1.1353867913e+01   -5.1102678081e+01   -1.1100306943e+01    5.0226162856e+02    6.8914336100e-01    9.9576693227e-01
       213   -4.5119330669e+01    2.0370568661e+03   -8.2169961713e+01    3.7050631044e+01   -2.2665967804e+01    2.9669117799e+00   -1.1368227607e+01   -5.1102678081e+01   -1.1117480494e+01    5.0316001082e+02    6.8918539200e-01    9.9689363817e-01
       214   -4.5133799619e+01    2.0384708379e+03   -8.2190252582e+01    3.7056452963e+01   -2.2569188438e+01    2.7783573817e+00   -1.1296743444e+01   -5.1102678081e+01   -1.1056829229e+01    5.0201021716e+02    6.8712868800e-01    9.9589143426e-01
       215   -4.5202994184e+01    2.0445145260e+03   -8.2332392244e+01    3.7129398059e+01   -2.2649809100e+01    2.7274423257e+00   -1.1307347388e+01   -5.1102678081e+01   -1.1070314913e+01    5.0228486523e+02    6.8477368300e-01    9.9638944223e-01
       216   -4.5160732992e+01    2.0408613643e+03   -8.2145522397e+01    3.6984789405e+01   -2.2696590789e+01    2.9255325430e+00   -1.1271786070e+01   -5.1102678081e+01   -1.1038991147e+01    5.0428847804e+02    6.8915486800e-01    9.9689980159e-01
       217   -4.5239800000e+01    2.0479312032e+03   -8.2173756688e+01    3.6933956688e+01   -2.2857896776e+01    2.9640822048e+00   -1.1177264036e+01   -5.1102678081e+01   -1.0937153521e+01    5.0436016084e+02    6.9216651300e-01    9.9640376984e-01
       218   -4.5236682390e+01    2.0477133823e+03   -8.2137484077e+01    3.6900801687e+01   -2.2789293546e+01    2.9582896300e+00   -1.1203802080e+01   -5.1102678081e+01   -1.0958030096e+01    5.0656479409e+02    6.9051053300e-01    9.9635622530e-01
       219   -4.5192830229e+01    2.0438265124e+03   -8.2227878393e+01    3.7035048164e+01   -2.2797387402e+01    2.9430223587e+00   -1.1270835268e+01   -5.1102678081e+01   -1.1019348407e+01    5.0741590052e+02    7.9285811000e-01    9.9617850099e-01
       220   -4.5205597322e+01    2.0455057888e+03   -8.2064064342e+01    3.6858467020e+01   -2.2863867256e+01    3.1311742203e+00   -1.1228693226e+01   -5.1102678081e+01   -1.0978501804e+01    5.0532347852e+02    6.8795946300e-01    9.9597772277e-01
       221   -4.5166792665e+01    2.0415699692e+03   -8.2117938679e+01    3.6951146014e+01   -2.2984643146e+01    3.3311236333e+00   -1.1361741084e+01   -5.1102678081e+01   -1.1111209395e+01    5.0329810004e+02    6.9031781300e-01    9.9571322068e-01
       222   -4.5160439324e+01    2.0409542453e+03   -8.2498439037e+01    3.7337999714e+01   -2.3075635421e+01    2.9682628682e+00   -1.1288388404e+01   -5.1102678081e+01   -1.1039209255e+01    5.0420405648e+02    6.8741716800e-01    9.9696180556e-01
       223   -4.5167390136e+01    2.0413516275e+03   -8.2598179876e+01    3.7430789739e+01   -2.2953798890e+01    2.7622987515e+00   -1.1304001656e+01   -5.1102678081e+01   -1.1056122053e+01    5.0623059481e+02    6.8954590200e-01    9.9604743083e-01
       224   -4.5165744119e+01    2.0411933290e+03   -8.2364685770e+01    3.7198941651e+01   -2.2782360130e+01    2.7831443963e+00   -1.1262791955e+01   -5.1102678081e+01   -1.1009432837e+01    5.0416788544e+02    7.0026914700e-01    9.9646577381e-01
       225   -4.5143716752e+01    2.0392569092e+03   -8.2032820096e+01    3.6889103344e+01   -2.2634057371e+01    2.9614022200e+00   -1.1257486865e+01   -5.1102678081e+01   -1.1006564337e+01    5.0417906593e+02    6.9895713800e-01    9.9646577381e-01
       226   -4.5197550944e+01    2.0441399319e+03   -8.2206684362e+01    3.7009133419e+01   -2.2788539450e+01    2.9929984491e+00   -1.1308465280e+01   -5.1102678081e+01   -1.1050510105e+01    5.0621371828e+02    7.3726488900e-01    9.9592391304e-01
       227   -4.5127817586e+01    2.0377134302e+03   -8.2303085062e+01    3.7175267476e+01   -2.2657060651e+01    2.7689054451e+00   -1.1312251775e+01   -5.1102678081e+01   -1.1047598946e+01    5.0315590346e+02    7.1164944600e-01    9.9701789264e-01
       228   -4.5191932106e+01    2.0434967819e+03   -8.2327265782e+01    3.7135333676e+01   -2.2724003646e+01    2.7425392914e+00   -1.1243123346e+01   -5.1102678081e+01   -1.0984732305e+01    5.0318959632e+02    7.1960043700e-01    9.9558896620e-01
       229   -4.5194979501e+01    2.0439774010e+03   -8.2541309035e+01    3.7346329534e+01   -2.3156249407e+01    2.9473225216e+00   -1.1229704069e+01   -5.1102678081e+01   -1.0966141517e+01    5.0534812892e+02    8.1880956000e-01    9.9641089109e-01
       230   -4.5181384916e+01    2.0427779169e+03   -8.2750386675e+01    3.7569001759e+01   -2.3283735933e+01    2.7910891749e+00   -1.1155061836e+01   -5.1102678081e+01   -1.0892635501e+01    5.0528353406e+02    7.1304918700e-01    9.9554455446e-01
       231   -4.5243817140e+01    2.0481552852e+03   -8.2353918245e+01    3.7110101105e+01   -2.3401427597e+01    3.2141668788e+00   -1.1063979446e+01   -5.1102678081e+01   -1.0806375107e+01    5.0145929953e+02    7.0802812300e-01    9.9600798403e-01
       232   -4.5189015718e+01    2.0433473462e+03   -8.2259185826e+01    3.7070170107e+01   -2.3265413226e+01    3.2124328466e+00   -1.1103527365e+01   -5.1102678081e+01   -1.0835213553e+01    5.0152090488e+02    7.1285441200e-01    9.9557135729e-01
       233   -4.5192042245e+01    2.0437603343e+03   -8.2083615527e+01    3.6891573283e+01   -2.2999290318e+01    3.1667166630e+00   -1.1148363791e+01   -5.1102678081e+01   -1.0881101444e+01    5.0233982485e+02    6.9749589600e-01    9.9539342629e-01
       234   -4.5147351310e+01    2.0396807173e+03   -8.2202888085e+01    3.7055536775e+01   -2.3114526881e+01    3.0119572001e+00   -1.0997640323e+01   -5.1102678081e+01   -1.0729970880e+01    4.9921620070e+02    6.8738911500e-01    9.9574148297e-01
       235   -4.5167124370e+01    2.0413599469e+03   -8.2329440775e+01    3.7162316405e+01   -2.3169410769e+01    2.9852801769e+00   -1.1042632102e+01   -5.1102678081e+01   -1.0774899551e+01    4.9720126280e+02    6.7866736900e-01    9.9566146881e-01
       236   -4.5220503433e+01    2.0463609592e+03   -8.2426354470e+01    3.7205851037e+01   -2.3262152726e+01    2.9405244281e+00   -1.1002048091e+01   -5.1102678081e+01   -1.0737477433e+01    4.9939687898e+02    6.8368396100e-01    9.9530310621e-01
       237   -4.5287243216e+01    2.0524867480e+03   -8.2301456878e+01    3.7014213662e+01   -2.3454117783e+01    3.0950923118e+00   -1.0839753325e+01   -5.1102678081e+01   -1.0583206397e+01    4.9970470012e+02    6.9222953900e-01    9.9718186373e-01
       238   -4.5228054920e+01    2.0475737298e+03   -8.2401269700e+01    3.7173214780e+01   -2.3225202558e+01    2.8926534872e+00   -1.0966042548e+01   -5.1102678081e+01   -1.0720104415e+01    5.0073450154e+02    6.9719745400e-01    9.9612500000e-01
       239   -4.5155276645e+01    2.0402771923e+03   -8.2596034321e+01    3.7440757676e+01   -2.3242372536e+01    2.8315155247e+00   -1.1082499228e+01   -5.1102678081e+01   -1.0834429845e+01    5.0032328050e+02    7.8464025800e-01    9.9643750000e-01
       240   -4.5208753232e+01    2.0451587995e+03   -8.2275212444e+01    3.7066459212e+01   -2.3194894776e+01    3.0151014402e+00   -1.0992741028e+01   -5.1102678081e+01   -1.0745183962e+01    5.0131804273e+02    7.0052912400e-01    9.9656936128e-01
       241   -4.5222862881e+01    2.0466189548e+03   -8.2315712758e+01    3.7092849877e+01   -2.3345093181e+01    3.1638310773e+00   -1.1031772573e+01   -5.1102678081e+01   -1.0780961587e+01    5.0244517736e+02    7.0241787800e-01    9.9558017928e-01
       242   -4.5217077331e+01    2.0460221565e+03   -8.2415173858e+01    3.7198096527e+01   -2.3335966595e+01    3.0734078028e+00   -1.1049936984e+01   -5.1102678081e+01   -1.0803633084e+01    4.9847962999e+02    6.9289723300e-01    9.9573293173e-01
       243   -4.5151403638e+01    2.0400373359e+03   -8.2469562392e+01    3.7318158753e+01   -2.3326294337e+01    3.0240348537e+00   -1.1064624827e+01   -5.1102678081e+01   -1.0812603280e+01    4.9832993541e+02    6.8856190600e-01    9.9705070281e-01
       244   -4.5097323840e+01    2.0354860211e+03   -8.2080927574e+01    3.6983603734e+01   -2.3152784369e+01    3.2767383667e+00   -1.1102203491e+01   -5.1102678081e+01   -1.0847344937e+01    4.9701084814e+02    6.7844247500e-01    9.9610160966e-01
       245   -4.5085846851e+01    2.0339432160e+03   -8.2030295074e+01    3.6944448223e+01   -2.3274342424e+01    3.5150973509e+00   -1.1168371920e+01   -5.1102678081e+01   -1.0909416347e+01    4.9787948293e+02    6.8203474600e-01    9.9529367470e-01
       246   -4.5123108075e+01    2.0372529028e+03   -8.2282870379e+01    3.7159762304e+01   -2.3662601521e+01    3.5621014661e+00   -1.1079692243e+01   -5.1102678081e+01   -1.0819748583e+01    4.9893839667e+02    6.8007860100e-01    9.9643036072e-01
       247   -4.5140764029e+01    2.0390979864e+03   -8.2487877723e+01    3.7347113694e+01   -2.3871818260e+01    3.4941519351e+00   -1.1007533317e+01   -5.1102678081e+01   -1.0753340212e+01    5.0105795823e+02    6.8336360900e-01    9.9582085828e-01
       248   -4.5082954655e+01    2.0338531898e+03   -8.2413289220e+01    3.7330334565e+01   -2.3576483190e+01    3.3108720357e+00   -1.1044999984e+01   -5.1102678081e+01   -1.0792557617e+01    4.9895954148e+02    6.7743679000e-01    9.9586673347e-01
       249   -4.5162591485e+01    2.0410194830e+03   -8.1843233465e+01    3.6680641979e+01   -2.3398575190e+01    3.7117527258e+00   -1.1053732919e+01   -5.1102678081e+01   -1.0805913469e+01    4.9899227209e+02    7.6986307000e-01    9.9599198397e-01
       250   -4.5199455088e+01    2.0445312586e+03   -8.1646472961e+01    3.6447017873e+01   -2.3211967341e+01    3.6747743773e+00   -1.1006601917e+01   -5.1102678081e+01   -1.0748026172e+01    5.0132099464e+02    6.8722847800e-01    9.9625748503e-01
       251   -4.5207449703e+01    2.0451858562e+03   -8.1930282865e+01    3.6722833161e+01   -2.3151477374e+01    3.3907509443e+00   -1.1066878354e+01   -5.1102678081e+01   -1.0809830862e+01    4.9939464874e+02    6.8521134500e-01    9.9617985972e-01
       252   -4.5149219497e+01    2.0399258492e+03   -8.2027860829e+01    3.6878641332e+01   -2.3244033192e+01    3.3872590429e+00   -1.1068408599e+01   -5.1102678081e+01   -1.0811064368e+01    4.9926958414e+02    6.9103480500e-01    9.9586673347e-01
       253   -4.5155956771e+01    2.0402751387e+03   -8.2064770291e+01    3.6908813519e+01   -2.3030105932e+01    3.1858839860e+00   -1.1117870264e+01   -5.1102678081e+01   -1.0857539347e+01    4.9915069504e+02    7.1404484200e-01    9.9586673347e-01
       254   -4.5100903079e+01    2.0353624489e+03   -8.2104333045e+01    3.7003429966e+01   -2.2999926181e+01    3.0508185131e+00   -1.1052547296e+01   -5.1102678081e+01   -1.0783916342e+01    4.9706118361e+02    7.0130923500e-01    9.9647887324e-01
       255   -4.5101474972e+01    2.0353557836e+03   -8.1851461010e+01    3.6749986038e+01   -2.3119781859e+01    3.3581304453e+00   -1.0987131515e+01   -5.1102678081e+01   -1.0716463305e+01    4.9791274349e+02    7.1006736200e-01    9.9604668675e-01
       256   -4.5113456072e+01    2.0365280833e+03   -8.2037532058e+01    3.6924075986e+01   -2.3232256844e+01    3.2962698743e+00   -1.0998867007e+01   -5.1102678081e+01   -1.0727936181e+01    4.9794368193e+02    7.1007644800e-01    9.9617218876e-01
       257   -4.5127383149e+01    2.0377463663e+03   -8.2442550428e+01    3.7315167279e+01   -2.3185896511e+01    2.9421261785e+00   -1.1096102014e+01   -5.1102678081e+01   -1.0824721760e+01    4.9701987225e+02    7.1281737000e-01    9.9603873239e-01
       258   -4.5155754638e+01    2.0402608350e+03   -8.2319515440e+01    3.7163760802e+01   -2.3173950541e+01    3.0283987056e+00   -1.1071285523e+01   -5.1102678081e+01   -1.0791399537e+01    4.9612944747e+02    6.9691106900e-01    9.9584173387e-01
       259   -4.5124182225e+01    2.0373065313e+03   -8.2488635781e+01    3.7364453556e+01   -2.3154201918e+01    2.8263603387e+00   -1.1058116121e+01   -5.1102678081e+01   -1.0779915974e+01    5.0013915555e+02    7.7086183900e-01    9.9656250000e-01
       260   -4.5121005664e+01    2.0371363462e+03   -8.2175748720e+01    3.7054743056e+01   -2.3115338169e+01    3.0884182691e+00   -1.1046150739e+01   -5.1102678081e+01   -1.0775324822e+01    5.0100941560e+02    7.0103802400e-01    9.9656936128e-01
       261   -4.5102405917e+01    2.0355928656e+03   -8.2308919459e+01    3.7206513542e+01   -2.3186864595e+01    2.9512126315e+00   -1.0970589414e+01   -5.1102678081e+01   -1.0694551414e+01    5.0093737004e+02    6.8894768400e-01    9.9563373253e-01
       262   -4.5079090180e+01    2.0336907894e+03   -8.2297397779e+01    3.7218307599e+01   -2.3387943960e+01    3.1140491183e+00   -1.0920824856e+01   -5.1102678081e+01   -1.0642215362e+01    5.0181966607e+02    6.8411928500e-01    9.9570468127e-01
       263   -4.5101907651e+01    2.0356712911e+03   -8.2268097994e+01    3.7166190343e+01   -2.3302032555e+01    3.1222384533e+00   -1.0985625811e+01   -5.1102678081e+01   -1.0703792400e+01    5.0189648751e+02    6.8430669700e-01    9.9620268924e-01
       264   -4.5119374034e+01    2.0370684111e+03   -8.2298534311e+01    3.7179160277e+01   -2.3390706554e+01    3.1755303589e+00   -1.0980680034e+01   -5.1102678081e+01   -1.0699420282e+01    5.0196145123e+02    6.7712549400e-01    9.9576693227e-01
       265   -4.5097976488e+01    2.0350567387e+03   -8.2519973411e+01    3.7421996923e+01   -2.3596446314e+01    3.1393058266e+00   -1.0960154842e+01   -5.1102678081e+01   -1.0677172759e+01    4.9893235221e+02    6.8972382900e-01    9.9636773547e-01
       266   -4.4990333046e+01    2.0266230889e+03   -8.2426692351e+01    3.7436359304e+01   -2.3538678604e+01    3.1702200908e+00   -1.0955555756e+01   -5.1102678081e+01   -1.0673000247e+01    5.0163823625e+02    6.9358617000e-01    9.9495766932e-01
       267   -4.5072487735e+01    2.0326948656e+03   -8.2474592468e+01    3.7402104733e+01   -2.3472303459e+01    3.0814989863e+00   -1.0981109914e+01   -5.1102678081e+01   -1.0705245310e+01    5.0054338253e+02    6.9576305600e-01    9.9613273453e-01
       268   -4.5128865083e+01    2.0379645993e+03   -8.2679243653e+01    3.7550378569e+01   -2.3635831633e+01    2.9309785811e+00   -1.0871712519e+01   -5.1102678081e+01   -1.0590529822e+01    5.0288752701e+02    6.9331365400e-01    9.9633449304e-01
       269   -4.5021048899e+01    2.0281757065e+03   -8.2404413860e+01    3.7383364961e+01   -2.3275220561e+01    2.8210370830e+00   -1.0847552301e+01   -5.1102678081e+01   -1.0574929089e+01    5.0073963083e+02    8.3494923800e-01    9.9613273453e-01
       270   -4.5031783124e+01    2.0292805119e+03   -8.2380828257e+01    3.7349045133e+01   -2.3499231040e+01    2.9833378457e+00   -1.0762256981e+01   -5.1102678081e+01   -1.0490883542e+01    5.0051624120e+02    6.8990053100e-01    9.9594560878e-01
       271   -4.5079601889e+01    2.0336453543e+03   -8.2345828377e+01    3.7266226488e+01   -2.3594883641e+01    3.1999672527e+00   -1.0848233908e+01   -5.1102678081e+01   -1.0582898989e+01    4.9975347567e+02    6.8615240600e-01    9.9575000000e-01
       272   -4.5074649546e+01    2.0330057283e+03   -8.2377138229e+01    3.7302488684e+01   -2.3541715508e+01    3.1623693702e+00   -1.0895114010e+01   -5.1102678081e+01   -1.0631931447e+01    4.9879411368e+02    6.8602950800e-01    9.9617985972e-01
       273   -4.5043365147e+01    2.0304934341e+03   -8.2157696652e+01    3.7114331505e+01   -2.3484076962e+01    3.2375315026e+00   -1.0808473111e+01   -5.1102678081e+01   -1.0542283544e+01    4.9972497459e+02    6.8895508700e-01    9.9587500000e-01
       274   -4.5072529294e+01    2.0329477136e+03   -8.2451726863e+01    3.7379197569e+01   -2.3578562868e+01    3.1141943697e+00   -1.0884680283e+01   -5.1102678081e+01   -1.0617197755e+01    4.9871550591e+02    6.8174300600e-01    9.9530310621e-01
       275   -4.5087308575e+01    2.0342148793e+03   -8.2256488853e+01    3.7169180278e+01   -2.3256673433e+01    2.9760378600e+00   -1.0873175198e+01   -5.1102678081e+01   -1.0606904464e+01    4.9781292893e+02    7.0030050900e-01    9.9554467871e-01
       276   -4.5061707901e+01    2.0321705965e+03   -8.2458298642e+01    3.7396590741e+01   -2.3577688708e+01    3.1219257737e+00   -1.0899857627e+01   -5.1102678081e+01   -1.0636032078e+01    4.9881292678e+02    7.0419228900e-01    9.9505260521e-01
       277   -4.5050069714e+01    2.0307653968e+03   -8.2820950432e+01    3.7770880718e+01   -2.3701829659e+01    2.9750625420e+00   -1.0991505234e+01   -5.1102678081e+01   -1.0721035522e+01    4.9873996322e+02    7.1442914200e-01    9.9624248497e-01
       278   -4.5122377595e+01    2.0374097071e+03   -8.2494487321e+01    3.7372109725e+01   -2.3409117108e+01    3.0117098380e+00   -1.0994401970e+01   -5.1102678081e+01   -1.0724746493e+01    5.0086781926e+02    7.2586788100e-01    9.9644461078e-01
       279   -4.5112008335e+01    2.0363510142e+03   -8.2763974687e+01    3.7651966353e+01   -2.3441516918e+01    2.7417036838e+00   -1.0961483372e+01   -5.1102678081e+01   -1.0693922446e+01    5.0099380495e+02    8.1729273700e-01    9.9575848303e-01
       280   -4.5064346736e+01    2.0319764229e+03   -8.2588721614e+01    3.7524374877e+01   -2.3171128921e+01    2.6779643472e+00   -1.0992878959e+01   -5.1102678081e+01   -1.0721773174e+01    5.0185671968e+02    7.2368855900e-01    9.9595368526e-01
       281   -4.5142768439e+01    2.0391361386e+03   -8.2496889694e+01    3.7354121256e+01   -2.3127803563e+01    2.6912734269e+00   -1.0957681477e+01   -5.1102678081e+01   -1.0685704791e+01    5.0091729496e+02    7.2582190600e-01    9.9594560878e-01
       282   -4.5170946769e+01    2.0417605944e+03   -8.2549361504e+01    3.7378414735e+01   -2.3429191159e+01    2.9455690175e+00   -1.0963061282e+01   -5.1102678081e+01   -1.0692139869e+01    5.0620903416e+02    7.2465433200e-01    9.9573863636e-01
       283   -4.5096197158e+01    2.0349763904e+03   -8.2492602539e+01    3.7396405381e+01   -2.3404394572e+01    2.9781570405e+00   -1.0963686926e+01   -5.1102678081e+01   -1.0689120171e+01    5.0804475981e+02    7.1486618400e-01    9.9637057087e-01
       284   -4.5117640502e+01    2.0369385398e+03   -8.2417217572e+01    3.7299577070e+01   -2.3359365088e+01    3.0100525316e+00   -1.0965226935e+01   -5.1102678081e+01   -1.0695948603e+01    5.0888859097e+02    6.9284886600e-01    9.9600933202e-01
       285   -4.5169536442e+01    2.0418352479e+03   -8.2530852474e+01    3.7361316032e+01   -2.3680043029e+01    3.1262912289e+00   -1.0874422593e+01   -5.1102678081e+01   -1.0605565364e+01    5.0906690710e+02    6.9456317800e-01    9.9557956778e-01
       286   -4.5151403491e+01    2.0400030207e+03   -8.2479626464e+01    3.7328222973e+01   -2.3550263633e+01    3.0587973217e+00   -1.0885482072e+01   -5.1102678081e+01   -1.0612390181e+01    5.1012178478e+02    7.0029813300e-01    9.9558823529e-01
       287   -4.5164753362e+01    2.0414464982e+03   -8.2601217043e+01    3.7436463681e+01   -2.3547937489e+01    2.9459022707e+00   -1.0896503743e+01   -5.1102678081e+01   -1.0624423329e+01    5.0809670550e+02    6.9490558300e-01    9.9495570866e-01
       288   -4.5247046681e+01    2.0486942176e+03   -8.2463190383e+01    3.7216143702e+01   -2.3452336353e+01    2.9493157249e+00   -1.0857491674e+01   -5.1102678081e+01   -1.0584649741e+01    5.0938307321e+02    7.0375464900e-01    9.9607072692e-01
       289   -4.5163878940e+01    2.0412654695e+03   -8.2539098736e+01    3.7375219796e+01   -2.3226187096e+01    2.8279087660e+00   -1.1038142325e+01   -5.1102678081e+01   -1.0766690228e+01    5.1034327429e+02    8.0031577400e-01    9.9656862745e-01
       290   -4.5159810150e+01    2.0405907081e+03   -8.2545494575e+01    3.7385684424e+01   -2.3358501537e+01    2.9047248334e+00   -1.0989039790e+01   -5.1102678081e+01   -1.0715130853e+01    5.1212333667e+02    7.0279157100e-01    9.9530029297e-01
       291   -4.5134329827e+01    2.0383455085e+03   -8.2392974782e+01    3.7258644955e+01   -2.3493453624e+01    3.1961393633e+00   -1.0992982441e+01   -5.1102678081e+01   -1.0717966391e+01    5.0901709417e+02    7.0093196300e-01    9.9613212181e-01
       292   -4.5150521138e+01    2.0399654105e+03   -8.2888377379e+01    3.7737856241e+01   -2.3711965984e+01    2.8904477218e+00   -1.0964181036e+01   -5.1102678081e+01   -1.0692867798e+01    5.0905587907e+02    6.9720892000e-01    9.9656188605e-01
       293   -4.5173027588e+01    2.0418765444e+03   -8.3098753680e+01    3.7925726092e+01   -2.3643030188e+01    2.6373256898e+00   -1.0990371101e+01   -5.1102678081e+01   -1.0721891428e+01    5.0918180962e+02    6.9915144800e-01    9.9527259332e-01
       294   -4.5143628449e+01    2.0392996124e+03   -8.2477485754e+01    3.7333857305e+01   -2.3184389405e+01    2.8901074068e+00   -1.1080525675e+01   -5.1102678081e+01   -1.0813357855e+01    5.0914812898e+02    7.0124274900e-01    9.9588654224e-01
       295   -4.5138301396e+01    2.0388604745e+03   -8.2256850857e+01    3.7118549461e+01   -2.3188826551e+01    3.0312942298e+00   -1.0996640455e+01   -5.1102678081e+01   -1.0724341974e+01    5.1305055363e+02    7.0928888300e-01    9.9537037037e-01
       296   -4.5116907486e+01    2.0367953893e+03   -8.2229521825e+01    3.7112614340e+01   -2.2858004217e+01    2.8829368765e+00   -1.1151776403e+01   -5.1102678081e+01   -1.0880967372e+01    5.1291461899e+02    7.0541779300e-01    9.9591861598e-01
       297   -4.5190034878e+01    2.0442979689e+03   -8.2536892697e+01    3.7346857818e+01   -2.2930819817e+01    2.6877772762e+00   -1.1191172075e+01   -5.1102678081e+01   -1.0923530560e+01    5.1099489159e+02    6.9727648800e-01    9.9590264188e-01
       298   -4.5131963538e+01    2.0381694111e+03   -8.2422937287e+01    3.7290973749e+01   -2.2830890765e+01    2.6448116074e+00   -1.1134180048e+01   -5.1102678081e+01   -1.0869245028e+01    5.1207079752e+02    7.0141638800e-01    9.9566650391e-01
       299   -4.5132130663e+01    2.0380714896e+03   -8.2513034220e+01    3.7380903557e+01   -2.2756094899e+01    2.5610463537e+00   -1.1215307594e+01   -5.1102678081e+01   -1.0949039711e+01    5.1396375982e+02    7.9991174200e-01    9.9702091440e-01
