# Index          LocalEnergy            Variance              Weight        NumOfWalkers      AvgSentWalkers         TrialEnergy             DiffEff      LivingFraction
         0   -4.5065670179e+01    1.8142200375e+00    5.1209003856e+02    5.1200000000e+02    0.0000000000e+00   -4.5029808708e+01    9.9276547896e-01    1.0000000000e+00
         1   -4.4974010299e+01    1.7300285305e+00    5.1176825493e+02    5.1200000000e+02    0.0000000000e+00   -4.5083254289e+01    9.9283578042e-01    9.8828125000e-01
         2   -4.5075362191e+01    1.4121271190e+00    5.1349379020e+02    5.1300000000e+02    0.0000000000e+00   -4.4928737344e+01    9.9450141011e-01    9.9610136452e-01
         3   -4.5079258619e+01    1.6196575709e+00    5.1251832657e+02    5.1400000000e+02    0.0000000000e+00   -4.5366693308e+01    9.9256077437e-01    9.9221789883e-01
         4   -4.5114052842e+01    2.3471608048e+00    5.1361484696e+02    5.1400000000e+02    0.0000000000e+00   -4.5180443068e+01    9.9349301835e-01    9.9610894942e-01
         5   -4.5012458467e+01    1.4037638586e+00    5.1211154077e+02    5.1400000000e+02    0.0000000000e+00   -4.5428956298e+01    9.9516058221e-01    9.9805447471e-01
         6   -4.5020168571e+01    1.3650254921e+00    5.1389961818e+02    5.1400000000e+02    0.0000000000e+00   -4.5034241401e+01    9.9309387089e-01    9.9805447471e-01
         7   -4.5025275338e+01    1.4917294034e+00    5.1310188968e+02    5.1500000000e+02    0.0000000000e+00   -4.5390501167e+01    9.9184229404e-01    9.9417475728e-01
         8   -4.5048062220e+01    1.3468224857e+00    5.1295880957e+02    5.1400000000e+02    0.0000000000e+00   -4.5240256915e+01    9.9490080950e-01    9.9027237354e-01
         9   -4.5048888981e+01    1.2313799675e+00    5.1006350364e+02    5.1100000000e+02    0.0000000000e+00   -4.5235154588e+01    9.9393886433e-01    9.9608610568e-01
        10   -4.5061355787e+01    1.2961161469e+00    5.1193372273e+02    5.1000000000e+02    0.0000000000e+00   -4.4669949967e+01    9.9391875436e-01    9.9803921569e-01
        11   -4.5053290093e+01    1.4802070884e+00    5.1002740188e+02    5.1000000000e+02    0.0000000000e+00   -4.5048410169e+01    9.9327242366e-01    9.9803921569e-01
        12   -4.5061778905e+01    1.3168862682e+00    5.1398456869e+02    5.1200000000e+02    0.0000000000e+00   -4.4667272934e+01    9.9472458859e-01    9.9804687500e-01
        13   -4.5055085156e+01    1.4773538822e+00    5.0899692299e+02    5.1100000000e+02    0.0000000000e+00   -4.5448640701e+01    9.9272986777e-01    9.9021526419e-01
        14   -4.5089207354e+01    1.3970738928e+00    5.1211064558e+02    5.0900000000e+02    0.0000000000e+00   -4.4466819785e+01    9.9250391875e-01    9.9607072692e-01
        15   -4.5122034492e+01    1.5457419405e+00    5.0695837806e+02    5.0700000000e+02    0.0000000000e+00   -4.5110815484e+01    9.9158337344e-01    9.9605522682e-01
        16   -4.5027068806e+01    1.4731910057e+00    5.1380042983e+02    5.0900000000e+02    0.0000000000e+00   -4.4132462554e+01    9.9376932027e-01    9.9803536346e-01
        17   -4.5073470573e+01    1.3503605517e+00    5.1032584066e+02    5.1200000000e+02    0.0000000000e+00   -4.5378098427e+01    9.9238945885e-01    9.9414062500e-01
        18   -4.5164353219e+01    1.4105021810e+00    5.1289680854e+02    5.1100000000e+02    0.0000000000e+00   -4.4745950565e+01    9.9246578754e-01    1.0000000000e+00
        19   -4.5184121872e+01    1.6685770801e+00    5.1719219995e+02    5.1800000000e+02    0.0000000000e+00   -4.5339357915e+01    9.9358897538e-01    9.8841698842e-01
        20   -4.5113529959e+01    1.6473302440e+00    5.0872617579e+02    5.1400000000e+02    0.0000000000e+00   -4.6193115916e+01    9.9307136820e-01    9.8832684825e-01
        21   -4.5110318827e+01    1.3056766015e+00    5.0900797956e+02    5.0900000000e+02    0.0000000000e+00   -4.5107115241e+01    9.9284518521e-01    1.0000000000e+00
        22   -4.5085816354e+01    1.4560074581e+00    5.1092563473e+02    5.1100000000e+02    0.0000000000e+00   -4.5106063462e+01    9.9158963245e-01    9.9804305284e-01
        23   -4.5151049133e+01    1.3669160786e+00    5.1208889782e+02    5.1200000000e+02    0.0000000000e+00   -4.5101121139e+01    9.9260606188e-01    9.9804687500e-01
        24   -4.5132445436e+01    1.3820320553e+00    5.1413781169e+02    5.1400000000e+02    0.0000000000e+00   -4.5115352182e+01    9.9382173228e-01    9.9805447471e-01
        25   -4.5119798988e+01    1.2619211775e+00    5.1400591100e+02    5.1400000000e+02    0.0000000000e+00   -4.5122798663e+01    9.9310906189e-01    9.9805447471e-01
        26   -4.5107924318e+01    1.2714465800e+00    5.1494417842e+02    5.1500000000e+02    0.0000000000e+00   -4.5122736590e+01    9.9219044932e-01    9.9805825243e-01
        27   -4.5023914761e+01    1.3724870934e+00    5.1570762424e+02    5.1600000000e+02    0.0000000000e+00   -4.5123002881e+01    9.9433618351e-01    9.9806201550e-01
        28   -4.5037868146e+01    1.5856963232e+00    5.1958512552e+02    5.2000000000e+02    0.0000000000e+00   -4.5112815082e+01    9.9262295336e-01    9.9615384615e-01
        29   -4.5090793506e+01    1.4482368791e+00    5.1973995824e+02    5.2000000000e+02    0.0000000000e+00   -4.5112780024e+01    9.9438129169e-01    9.9038461538e-01
        30   -4.5125841222e+01    1.2999898971e+00    5.1598845015e+02    5.1600000000e+02    0.0000000000e+00   -4.5112349924e+01    9.9466438061e-01    9.9612403101e-01
        31   -4.5077750297e+01    1.7966012581e+00    5.1797772457e+02    5.1800000000e+02    0.0000000000e+00   -4.5107696180e+01    9.9316685957e-01    9.9806949807e-01
        32   -4.5078524854e+01    1.3137627794e+00    5.1680571934e+02    5.1700000000e+02    0.0000000000e+00   -4.5109695193e+01    9.9400786196e-01    9.9613152805e-01
        33   -4.5062170804e+01    1.2746749509e+00    5.1479989896e+02    5.1500000000e+02    0.0000000000e+00   -4.5105925148e+01    9.9372244207e-01    1.0000000000e+00
        34   -4.5082130224e+01    1.3507454863e+00    5.1885255579e+02    5.1900000000e+02    0.0000000000e+00   -4.5099578412e+01    9.9520134306e-01    9.9421965318e-01
        35   -4.5114674738e+01    1.4047280565e+00    5.1694340946e+02    5.1700000000e+02    0.0000000000e+00   -4.5106620247e+01    9.9295643561e-01    9.9226305609e-01
        36   -4.5050624104e+01    1.6669260963e+00    5.1488950602e+02    5.1500000000e+02    0.0000000000e+00   -4.5104268257e+01    9.9292915104e-01    9.9805825243e-01
        37   -4.5166989007e+01    1.5243948049e+00    5.1504117376e+02    5.1500000000e+02    0.0000000000e+00   -4.5097696858e+01    9.9499007790e-01    9.9611650485e-01
        38   -4.5161004293e+01    1.3682125867e+00    5.1531152965e+02    5.1500000000e+02    0.0000000000e+00   -4.5102153593e+01    9.9384668697e-01    9.9611650485e-01
        39   -4.5106003849e+01    1.4401107952e+00    5.1412445871e+02    5.1400000000e+02    0.0000000000e+00   -4.5106087477e+01    9.9413264581e-01    1.0000000000e+00
        40   -4.5109059586e+01    1.4818410338e+00    5.1700983326e+02    5.1700000000e+02    0.0000000000e+00   -4.5104099390e+01    9.9404953610e-01    9.8646034816e-01
        41   -4.5146942888e+01    1.3576644556e+00    5.1514876515e+02    5.1500000000e+02    0.0000000000e+00   -4.5110129289e+01    9.9344410315e-01    9.9805825243e-01
        42   -4.5174109513e+01    1.4214103989e+00    5.1826165919e+02    5.1800000000e+02    0.0000000000e+00   -4.5108639066e+01    9.9225009495e-01    9.9613899614e-01
        43   -4.5148329771e+01    1.3152513730e+00    5.1620798483e+02    5.1600000000e+02    0.0000000000e+00   -4.5117776702e+01    9.9101895218e-01    9.9806201550e-01
        44   -4.5122616828e+01    1.2496687741e+00    5.1507944614e+02    5.1500000000e+02    0.0000000000e+00   -4.5115585738e+01    9.9408720225e-01    9.9417475728e-01
        45   -4.5160914078e+01    1.4739298749e+00    5.1213206739e+02    5.1200000000e+02    0.0000000000e+00   -4.5114005784e+01    9.9354968145e-01    9.8828125000e-01
        46   -4.5147711578e+01    1.4298586500e+00    5.1024663903e+02    5.1000000000e+02    0.0000000000e+00   -4.5110301968e+01    9.9324901618e-01    9.9411764706e-01
        47   -4.5130795624e+01    1.4435148388e+00    5.1316882746e+02    5.1300000000e+02    0.0000000000e+00   -4.5108008740e+01    9.9178949954e-01    9.9415204678e-01
        48   -4.5132545177e+01    1.4905095405e+00    5.1009060286e+02    5.1000000000e+02    0.0000000000e+00   -4.5114410718e+01    9.9544605482e-01    9.9803921569e-01
        49   -4.5142122689e+01    1.4253130250e+00    5.0912060781e+02    5.0900000000e+02    0.0000000000e+00   -4.5109098147e+01    9.9532838049e-01    9.9410609037e-01
        50   -4.5106737930e+01    1.1357892789e+00    5.0812799404e+02    5.0800000000e+02    0.0000000000e+00   -4.5108170999e+01    9.9326056437e-01    9.9803149606e-01
        51   -4.5146155764e+01    1.2345178578e+00    5.0808974921e+02    5.0800000000e+02    0.0000000000e+00   -4.5105991279e+01    9.9298127008e-01    9.9606299213e-01
        52   -4.5095719714e+01    1.4004805067e+00    5.0605898530e+02    5.0600000000e+02    0.0000000000e+00   -4.5106933924e+01    9.9423159876e-01    1.0000000000e+00
        53   -4.5097514395e+01    1.5034851597e+00    5.0897225487e+02    5.0900000000e+02    0.0000000000e+00   -4.5102356911e+01    9.9351503689e-01    9.9214145383e-01
        54   -4.5170239877e+01    1.4230887013e+00    5.0513105252e+02    5.0500000000e+02    0.0000000000e+00   -4.5107611480e+01    9.9195228464e-01    9.9009900990e-01
        55   -4.5217921694e+01    1.4819395545e+00    5.0550567060e+02    5.0500000000e+02    0.0000000000e+00   -4.5101655801e+01    9.9372966770e-01    9.9801980198e-01
        56   -4.5200243005e+01    1.2414826350e+00    5.0853247085e+02    5.0800000000e+02    0.0000000000e+00   -4.5105251574e+01    9.9323103300e-01    9.9606299213e-01
        57   -4.5172025846e+01    1.7175587200e+00    5.0735185386e+02    5.0700000000e+02    0.0000000000e+00   -4.5113443713e+01    9.9333055704e-01    9.9211045365e-01
        58   -4.5136269690e+01    1.1580168719e+00    5.0520347321e+02    5.0500000000e+02    0.0000000000e+00   -4.5112482203e+01    9.9337725425e-01    9.9405940594e-01
        59   -4.5136240259e+01    1.2587580252e+00    5.0415833548e+02    5.0400000000e+02    0.0000000000e+00   -4.5108614806e+01    9.9361604743e-01    9.9801587302e-01
        60   -4.5147840800e+01    1.2375960997e+00    5.0516889267e+02    5.0500000000e+02    0.0000000000e+00   -4.5106900470e+01    9.9309645173e-01    9.9801980198e-01
        61   -4.5138640795e+01    1.0989594903e+00    5.0616934756e+02    5.0600000000e+02    0.0000000000e+00   -4.5109525007e+01    9.9427284168e-01    9.9011857708e-01
        62   -4.5125851123e+01    1.3341650304e+00    5.0411945689e+02    5.0400000000e+02    0.0000000000e+00   -4.5111876913e+01    9.9573968868e-01    1.0000000000e+00
        63   -4.5156353555e+01    1.1759182148e+00    5.0414147429e+02    5.0400000000e+02    0.0000000000e+00   -4.5107877503e+01    9.9433611663e-01    9.9801587302e-01
        64   -4.5172338354e+01    1.2185194427e+00    5.0325796456e+02    5.0300000000e+02    0.0000000000e+00   -4.5108670375e+01    9.9367379618e-01    9.9801192843e-01
        65   -4.5138077653e+01    1.2634273322e+00    5.0221635894e+02    5.0200000000e+02    0.0000000000e+00   -4.5107987451e+01    9.9411006716e-01    9.9800796813e-01
        66   -4.5130559328e+01    1.2222868677e+00    5.0112209638e+02    5.0100000000e+02    0.0000000000e+00   -4.5106195331e+01    9.9460122323e-01    9.9401197605e-01
        67   -4.5118617641e+01    1.1464708861e+00    5.0010627087e+02    5.0000000000e+02    0.0000000000e+00   -4.5104121967e+01    9.9447823729e-01    9.9400000000e-01
        68   -4.5150722284e+01    1.2101617329e+00    4.9815831213e+02    4.9800000000e+02    0.0000000000e+00   -4.5101947409e+01    9.9244445809e-01    9.9598393574e-01
        69   -4.5126346941e+01    1.2481527824e+00    4.9818847466e+02    4.9800000000e+02    0.0000000000e+00   -4.5098560446e+01    9.9241476514e-01    9.9598393574e-01
        70   -4.5116214303e+01    1.2923512153e+00    4.9911075248e+02    4.9900000000e+02    0.0000000000e+00   -4.5098628588e+01    9.9324958931e-01    9.9198396794e-01
        71   -4.5170976691e+01    1.3050521714e+00    4.9924535978e+02    4.9900000000e+02    0.0000000000e+00   -4.5100286758e+01    9.9324962033e-01    9.9398797595e-01
        72   -4.5119104443e+01    1.3132696160e+00    4.9922236047e+02    4.9900000000e+02    0.0000000000e+00   -4.5101425518e+01    9.9321328394e-01    9.9799599198e-01
        73   -4.5110508505e+01    1.3641805295e+00    4.9905298774e+02    4.9900000000e+02    0.0000000000e+00   -4.5101237033e+01    9.9440546565e-01    9.9599198397e-01
        74   -4.5113060305e+01    1.4149366578e+00    4.9904558608e+02    4.9900000000e+02    0.0000000000e+00   -4.5100601378e+01    9.9404881916e-01    9.9799599198e-01
        75   -4.5137346737e+01    1.4229713913e+00    5.0112934217e+02    5.0100000000e+02    0.0000000000e+00   -4.5100347393e+01    9.9299318035e-01    1.0000000000e+00
        76   -4.5160381543e+01    1.6180061591e+00    5.0523408223e+02    5.0500000000e+02    0.0000000000e+00   -4.5104717257e+01    9.9233211233e-01    9.9603960396e-01
        77   -4.5143880212e+01    1.8928567565e+00    5.0518630545e+02    5.0500000000e+02    0.0000000000e+00   -4.5113474941e+01    9.9464978060e-01    9.8811881188e-01
        78   -4.5112521551e+01    1.3762091399e+00    5.0411885442e+02    5.0400000000e+02    0.0000000000e+00   -4.5113675243e+01    9.9366336424e-01    9.9206349206e-01
        79   -4.5209648982e+01    1.4672066464e+00    5.0526638182e+02    5.0500000000e+02    0.0000000000e+00   -4.5111313395e+01    9.9412700042e-01    9.9405940594e-01
        80   -4.5220386091e+01    1.1335220278e+00    5.0857624834e+02    5.0800000000e+02    0.0000000000e+00   -4.5114967495e+01    9.9370429882e-01    9.9803149606e-01
        81   -4.5211933705e+01    1.2993067121e+00    5.1048202215e+02    5.1000000000e+02    0.0000000000e+00   -4.5123008011e+01    9.9410839867e-01    1.0000000000e+00
        82   -4.5198000275e+01    1.3030081725e+00    5.1137271560e+02    5.1100000000e+02    0.0000000000e+00   -4.5128074349e+01    9.9287351593e-01    9.9217221135e-01
        83   -4.5225577510e+01    1.2772909934e+00    5.0739249592e+02    5.0700000000e+02    0.0000000000e+00   -4.5130880442e+01    9.9482595703e-01    9.9408284024e-01
        84   -4.5217869433e+01    1.2002082522e+00    5.0649408327e+02    5.0600000000e+02    0.0000000000e+00   -4.5124527077e+01    9.9226210829e-01    9.9407114625e-01
        85   -4.5197862615e+01    1.2738514556e+00    5.0441824217e+02    5.0400000000e+02    0.0000000000e+00   -4.5124051824e+01    9.9433729934e-01    9.9404761905e-01
        86   -4.5197725092e+01    1.3704129796e+00    5.0438751772e+02    5.0400000000e+02    0.0000000000e+00   -4.5120899479e+01    9.9146993763e-01    1.0000000000e+00
        87   -4.5211324921e+01    1.2299386456e+00    5.0741103031e+02    5.0700000000e+02    0.0000000000e+00   -4.5121762548e+01    9.9369782881e-01    9.9802761341e-01
        88   -4.5185560984e+01    1.3287088532e+00    5.0935207924e+02    5.0900000000e+02    0.0000000000e+00   -4.5128835880e+01    9.9470419306e-01    9.9803536346e-01
        89   -4.5163235416e+01    1.3716825658e+00    5.1221176979e+02    5.1200000000e+02    0.0000000000e+00   -4.5133345601e+01    9.9344062375e-01    9.9804687500e-01
        90   -4.5149986108e+01    1.3510576578e+00    5.1207421509e+02    5.1200000000e+02    0.0000000000e+00   -4.5139297192e+01    9.9433751264e-01    9.9609375000e-01
        91   -4.5138014659e+01    1.3115401717e+00    5.1202656046e+02    5.1200000000e+02    0.0000000000e+00   -4.5139184978e+01    9.9286955310e-01    9.9609375000e-01
        92   -4.5159193466e+01    1.4628489754e+00    5.1305163678e+02    5.1300000000e+02    0.0000000000e+00   -4.5139077670e+01    9.9274034928e-01    9.9220272904e-01
        93   -4.5155592400e+01    1.3253846850e+00    5.1112020859e+02    5.1100000000e+02    0.0000000000e+00   -4.5141353937e+01    9.9115547319e-01    9.9804305284e-01
        94   -4.5111882158e+01    1.2532440047e+00    5.1297805560e+02    5.1300000000e+02    0.0000000000e+00   -4.5137802384e+01    9.9373283707e-01    9.9805068226e-01
        95   -4.5162792040e+01    1.3171440933e+00    5.1297017772e+02    5.1300000000e+02    0.0000000000e+00   -4.5141062113e+01    9.9291062949e-01    9.9805068226e-01
        96   -4.5151042526e+01    1.5762015001e+00    5.1406466961e+02    5.1400000000e+02    0.0000000000e+00   -4.5141357787e+01    9.9296019976e-01    9.9416342412e-01
        97   -4.5090115843e+01    1.3133282019e+00    5.1389862893e+02    5.1400000000e+02    0.0000000000e+00   -4.5143639512e+01    9.9460357556e-01    9.9805447471e-01
        98   -4.5126892995e+01    1.2616305164e+00    5.1686913014e+02    5.1700000000e+02    0.0000000000e+00   -4.5142681859e+01    9.9214945943e-01    1.0000000000e+00
        99   -4.5143653043e+01    1.2324867105e+00    5.1891165261e+02    5.1900000000e+02    0.0000000000e+00   -4.5148292536e+01    9.9303008743e-01    9.9807321773e-01
       100   -4.5220860694e+01    1.4186095184e+00    5.2016126474e+02    5.2000000000e+02    0.0000000000e+00   -4.5152296789e+01    9.9273031546e-01    9.9038461538e-01
       101   -4.5193609238e+01    1.8681046767e+00    5.1526696443e+02    5.1500000000e+02    0.0000000000e+00   -4.5155714046e+01    9.9433083402e-01    9.9805825243e-01
       102   -4.5165129623e+01    1.3705740222e+00    5.1614668681e+02    5.1600000000e+02    0.0000000000e+00   -4.5146915296e+01    9.9388309623e-01    9.9418604651e-01
       103   -4.5165040461e+01    1.2840761816e+00    5.1508327543e+02    5.1500000000e+02    0.0000000000e+00   -4.5148917236e+01    9.9405863628e-01    9.9805825243e-01
       104   -4.5227654586e+01    2.0562147242e+00    5.1620891222e+02    5.1600000000e+02    0.0000000000e+00   -4.5147142793e+01    9.9423269553e-01    9.9806201550e-01
       105   -4.5149027097e+01    1.4462516666e+00    5.1815799996e+02    5.1800000000e+02    0.0000000000e+00   -4.5150343590e+01    9.9385757415e-01    9.9806949807e-01
       106   -4.5112238524e+01    1.4346673548e+00    5.1685660837e+02    5.1700000000e+02    0.0000000000e+00   -4.5154192142e+01    9.9345163669e-01    9.9419729207e-01
       107   -4.5102421662e+01    1.2986888991e+00    5.1578426429e+02    5.1600000000e+02    0.0000000000e+00   -4.5151332605e+01    9.9239607694e-01    9.9612403101e-01
       108   -4.5086822051e+01    1.1550921522e+00    5.1369717516e+02    5.1400000000e+02    0.0000000000e+00   -4.5148807184e+01    9.9157567559e-01    9.9805447471e-01
       109   -4.5091088312e+01    1.4793645641e+00    5.1269664511e+02    5.1300000000e+02    0.0000000000e+00   -4.5144138816e+01    9.9352066558e-01    9.9610136452e-01
       110   -4.5076818975e+01    1.1851948145e+00    5.1169513894e+02    5.1200000000e+02    0.0000000000e+00   -4.5141636532e+01    9.9339287885e-01    9.8828125000e-01
       111   -4.5131284840e+01    1.5148918061e+00    5.0885964972e+02    5.0900000000e+02    0.0000000000e+00   -4.5138983874e+01    9.9503681226e-01    9.9803536346e-01
       112   -4.5154608476e+01    1.2839507386e+00    5.1005023722e+02    5.1000000000e+02    0.0000000000e+00   -4.5133336940e+01    9.9204056257e-01    9.9803921569e-01
       113   -4.5176261276e+01    1.2798825025e+00    5.1215119809e+02    5.1200000000e+02    0.0000000000e+00   -4.5135836496e+01    9.9269706080e-01    1.0000000000e+00
       114   -4.5144019819e+01    1.3755366836e+00    5.1207318600e+02    5.1200000000e+02    0.0000000000e+00   -4.5140336622e+01    9.9386005587e-01    9.9414062500e-01
       115   -4.5135762180e+01    2.4516625710e+00    5.1201716124e+02    5.1200000000e+02    0.0000000000e+00   -4.5140226167e+01    9.9556602896e-01    9.9609375000e-01
       116   -4.5121928187e+01    1.3741708171e+00    5.1194019654e+02    5.1200000000e+02    0.0000000000e+00   -4.5140071742e+01    9.9401500174e-01    9.9218750000e-01
       117   -4.5120779461e+01    1.3581764730e+00    5.0991476508e+02    5.1000000000e+02    0.0000000000e+00   -4.5139734713e+01    9.9229296402e-01    9.9607843137e-01
       118   -4.5099545422e+01    1.2563815829e+00    5.0784983163e+02    5.0800000000e+02    0.0000000000e+00   -4.5135575870e+01    9.9326950560e-01    1.0000000000e+00
       119   -4.5152116968e+01    1.2384572552e+00    5.1097671505e+02    5.1100000000e+02    0.0000000000e+00   -4.5131112916e+01    9.9258218975e-01    9.9021526419e-01
       120   -4.5200606224e+01    1.7398968264e+00    5.0721972245e+02    5.0700000000e+02    0.0000000000e+00   -4.5137379793e+01    9.9234601820e-01    1.0000000000e+00
       121   -4.5120678736e+01    1.1677581714e+00    5.0913111024e+02    5.0900000000e+02    0.0000000000e+00   -4.5130606255e+01    9.9298828854e-01    9.9607072692e-01
       122   -4.5112219429e+01    1.1629279644e+00    5.0891054367e+02    5.0900000000e+02    0.0000000000e+00   -4.5134178242e+01    9.9364220173e-01    9.9803536346e-01
       123   -4.5168785604e+01    1.0996326594e+00    5.1003177966e+02    5.1000000000e+02    0.0000000000e+00   -4.5133477180e+01    9.9296475288e-01    9.9411764706e-01
       124   -4.5169273125e+01    1.3010047353e+00    5.1119713160e+02    5.1100000000e+02    0.0000000000e+00   -4.5135959273e+01    9.9326839715e-01    1.0000000000e+00
       125   -4.5143334089e+01    1.2506921358e+00    5.1206476965e+02    5.1200000000e+02    0.0000000000e+00   -4.5138522121e+01    9.9246246302e-01    1.0000000000e+00
       126   -4.5192606156e+01    1.4662667997e+00    5.1513559909e+02    5.1500000000e+02    0.0000000000e+00   -4.5140248541e+01    9.9537965603e-01    9.9417475728e-01
       127   -4.5174554349e+01    1.3264460771e+00    5.1317619183e+02    5.1300000000e+02    0.0000000000e+00   -4.5146718091e+01    9.9368292875e-01    9.9415204678e-01
       128   -4.5170358279e+01    1.3773702052e+00    5.1113980056e+02    5.1100000000e+02    0.0000000000e+00   -4.5143221442e+01    9.9155575619e-01    9.9608610568e-01
       129   -4.5206052997e+01    1.3193191585e+00    5.1325943070e+02    5.1300000000e+02    0.0000000000e+00   -4.5139515350e+01    9.9385859414e-01    9.9220272904e-01
       130   -4.5207018036e+01    1.3620938622e+00    5.1032232728e+02    5.1000000000e+02    0.0000000000e+00   -4.5144243247e+01    9.9434813915e-01    9.9607843137e-01
       131   -4.5167948679e+01    1.3931169344e+00    5.1024804252e+02    5.1000000000e+02    0.0000000000e+00   -4.5139092029e+01    9.9335570908e-01    9.9803921569e-01
       132   -4.5141628729e+01    1.4816618545e+00    5.1005489668e+02    5.1000000000e+02    0.0000000000e+00   -4.5139174798e+01    9.9165651114e-01    1.0000000000e+00
       133   -4.5168140693e+01    1.3517370859e+00    5.1206808600e+02    5.1200000000e+02    0.0000000000e+00   -4.5138787576e+01    9.9337931344e-01    9.9804687500e-01
       134   -4.5121108015e+01    1.4715472045e+00    5.1299356674e+02    5.1300000000e+02    0.0000000000e+00   -4.5142950908e+01    9.9570498758e-01    9.9610136452e-01
       135   -4.5190680661e+01    1.4737790516e+00    5.1204577517e+02    5.1200000000e+02    0.0000000000e+00   -4.5144567834e+01    9.9183097031e-01    9.9804687500e-01
       136   -4.5199332701e+01    1.7404468070e+00    5.1425379843e+02    5.1400000000e+02    0.0000000000e+00   -4.5143132792e+01    9.9289181217e-01    9.9416342412e-01
       137   -4.5095562728e+01    1.4934823710e+00    5.1099109882e+02    5.1100000000e+02    0.0000000000e+00   -4.5147916786e+01    9.9186990463e-01    9.9608610568e-01
       138   -4.5113702285e+01    1.5601161849e+00    5.1079803491e+02    5.1100000000e+02    0.0000000000e+00   -4.5141145587e+01    9.9161487209e-01    1.0000000000e+00
       139   -4.5111153529e+01    1.4606547184e+00    5.1283719467e+02    5.1300000000e+02    0.0000000000e+00   -4.5140520502e+01    9.9330253265e-01    9.9415204678e-01
       140   -4.5116441465e+01    1.4657746064e+00    5.1186450923e+02    5.1200000000e+02    0.0000000000e+00   -4.5144240349e+01    9.9307499343e-01    9.9609375000e-01
       141   -4.5069641942e+01    1.2684905953e+00    5.0974294404e+02    5.1000000000e+02    0.0000000000e+00   -4.5142125633e+01    9.9319925956e-01    9.9607843137e-01
       142   -4.5057660820e+01    1.3786350141e+00    5.0861565830e+02    5.0900000000e+02    0.0000000000e+00   -4.5137375943e+01    9.9135854360e-01    9.9803536346e-01
       143   -4.5061241940e+01    1.4829442212e+00    5.1162912958e+02    5.1200000000e+02    0.0000000000e+00   -4.5134478005e+01    9.9372180382e-01    9.9218750000e-01
       144   -4.5119220420e+01    1.3460758403e+00    5.0776381507e+02    5.0800000000e+02    0.0000000000e+00   -4.5139741275e+01    9.9245853197e-01    9.9803149606e-01
       145   -4.5116255975e+01    1.4180689955e+00    5.0992085617e+02    5.1000000000e+02    0.0000000000e+00   -4.5131987713e+01    9.9254501314e-01    9.9803921569e-01
       146   -4.5164591758e+01    1.4169002965e+00    5.1103184912e+02    5.1100000000e+02    0.0000000000e+00   -4.5136036041e+01    9.9390215213e-01    9.9804305284e-01
       147   -4.5156022192e+01    1.3630621511e+00    5.1216135190e+02    5.1200000000e+02    0.0000000000e+00   -4.5138405235e+01    9.9254556356e-01    9.9218750000e-01
       148   -4.5143207874e+01    1.2792745996e+00    5.1007037684e+02    5.1000000000e+02    0.0000000000e+00   -4.5140735881e+01    9.9512096596e-01    9.9411764706e-01
       149   -4.5152982846e+01    1.3638165410e+00    5.0905912887e+02    5.0900000000e+02    0.0000000000e+00   -4.5136666481e+01    9.9317402694e-01    1.0000000000e+00
       150   -4.5129524182e+01    1.4678134891e+00    5.1101529313e+02    5.1100000000e+02    0.0000000000e+00   -4.5134778412e+01    9.9406392260e-01    9.9804305284e-01
       151   -4.5052213989e+01    1.4457522124e+00    5.1073826495e+02    5.1100000000e+02    0.0000000000e+00   -4.5138529672e+01    9.9294194032e-01    9.9608610568e-01
       152   -4.5073970870e+01    1.4840796610e+00    5.0859926513e+02    5.0900000000e+02    0.0000000000e+00   -4.5137318921e+01    9.9194716959e-01    9.9017681729e-01
       153   -4.5036818731e+01    1.2737530567e+00    5.0663605505e+02    5.0700000000e+02    0.0000000000e+00   -4.5132627219e+01    9.9218263326e-01    9.9408284024e-01
       154   -4.5096795939e+01    1.3252921988e+00    5.0570668207e+02    5.0600000000e+02    0.0000000000e+00   -4.5127994994e+01    9.9241110324e-01    9.9802371542e-01
       155   -4.5091333845e+01    1.3162455219e+00    5.0681664072e+02    5.0700000000e+02    0.0000000000e+00   -4.5125849793e+01    9.9260072323e-01    9.9802761341e-01
       156   -4.5075507302e+01    1.8547324215e+00    5.0775389607e+02    5.0800000000e+02    0.0000000000e+00   -4.5127697521e+01    9.9456234319e-01    1.0000000000e+00
       157   -4.5031661510e+01    1.5697324747e+00    5.0859332937e+02    5.0900000000e+02    0.0000000000e+00   -4.5129089889e+01    9.9365302530e-01    9.8821218075e-01
       158   -4.5067227992e+01    1.6769309993e+00    5.0764218429e+02    5.0800000000e+02    0.0000000000e+00   -4.5129975404e+01    9.9382467559e-01    1.0000000000e+00
       159   -4.5060570450e+01    1.2188827196e+00    5.1066460383e+02    5.1100000000e+02    0.0000000000e+00   -4.5127604056e+01    9.9361891066e-01    9.9217221135e-01
       160   -4.5094764994e+01    1.4627478353e+00    5.0872231835e+02    5.0900000000e+02    0.0000000000e+00   -4.5133000373e+01    9.9253139654e-01    9.9017681729e-01
       161   -4.5110344735e+01    1.3167442676e+00    5.0890929340e+02    5.0900000000e+02    0.0000000000e+00   -4.5128899981e+01    9.9282492868e-01    9.9607072692e-01
       162   -4.5115438972e+01    1.4134481332e+00    5.0790249223e+02    5.0800000000e+02    0.0000000000e+00   -4.5129091553e+01    9.9335682720e-01    1.0000000000e+00
       163   -4.5123524593e+01    1.2169476105e+00    5.0993741212e+02    5.1000000000e+02    0.0000000000e+00   -4.5126973429e+01    9.9328439275e-01    1.0000000000e+00
       164   -4.5197812516e+01    1.3360789012e+00    5.1112620272e+02    5.1100000000e+02    0.0000000000e+00   -4.5130892191e+01    9.9418647487e-01    9.9804305284e-01
       165   -4.5157979486e+01    1.2165744653e+00    5.1221762788e+02    5.1200000000e+02    0.0000000000e+00   -4.5133654407e+01    9.9397573795e-01    9.9609375000e-01
       166   -4.5208806202e+01    1.4964287693e+00    5.1525538971e+02    5.1500000000e+02    0.0000000000e+00   -4.5135942375e+01    9.9383729218e-01    9.9029126214e-01
       167   -4.5225443802e+01    1.4849409947e+00    5.1138581421e+02    5.1100000000e+02    0.0000000000e+00   -4.5142354029e+01    9.9471593738e-01    9.9608610568e-01
       168   -4.5142906675e+01    1.4562718694e+00    5.0923446159e+02    5.0900000000e+02    0.0000000000e+00   -4.5135419914e+01    9.9363275922e-01    9.9803536346e-01
       169   -4.5123567161e+01    1.5819529715e+00    5.1301434768e+02    5.1300000000e+02    0.0000000000e+00   -4.5131246324e+01    9.9040756785e-01    9.9610136452e-01
       170   -4.5140531218e+01    1.5189313383e+00    5.1195733331e+02    5.1200000000e+02    0.0000000000e+00   -4.5138554293e+01    9.9227570108e-01    9.9609375000e-01
       171   -4.5153097488e+01    1.5836622020e+00    5.1303875830e+02    5.1300000000e+02    0.0000000000e+00   -4.5136517968e+01    9.9258698973e-01    9.9805068226e-01
       172   -4.5082917310e+01    1.3803999152e+00    5.1388609706e+02    5.1400000000e+02    0.0000000000e+00   -4.5138736602e+01    9.9332669491e-01    1.0000000000e+00
       173   -4.5119194913e+01    2.5681353603e+00    5.1678450991e+02    5.1700000000e+02    0.0000000000e+00   -4.5140035262e+01    9.9389398380e-01    9.9613152805e-01
       174   -4.5124315161e+01    1.5036909778e+00    5.1696037205e+02    5.1700000000e+02    0.0000000000e+00   -4.5145548151e+01    9.9246630527e-01    1.0000000000e+00
       175   -4.5091315312e+01    1.3501118828e+00    5.1777866744e+02    5.1800000000e+02    0.0000000000e+00   -4.5145811416e+01    9.9284529032e-01    9.9420849421e-01
       176   -4.5092720881e+01    1.4836884813e+00    5.1671100451e+02    5.1700000000e+02    0.0000000000e+00   -4.5147105533e+01    9.9523555707e-01    9.9419729207e-01
       177   -4.5122045623e+01    1.3327705751e+00    5.1483130815e+02    5.1500000000e+02    0.0000000000e+00   -4.5144766484e+01    9.9364426144e-01    9.9611650485e-01
       178   -4.5120388860e+01    1.2249999789e+00    5.1288836241e+02    5.1300000000e+02    0.0000000000e+00   -4.5141036208e+01    9.9596238806e-01    9.9805068226e-01
       179   -4.5131336461e+01    1.3357234330e+00    5.1595324445e+02    5.1600000000e+02    0.0000000000e+00   -4.5137159948e+01    9.9162695572e-01    9.9612403101e-01
       180   -4.5103238869e+01    1.3706311574e+00    5.1485581423e+02    5.1500000000e+02    0.0000000000e+00   -4.5143092331e+01    9.9250139518e-01    9.9417475728e-01
       181   -4.5083830293e+01    1.2632865009e+00    5.1275524366e+02    5.1300000000e+02    0.0000000000e+00   -4.5140763307e+01    9.9268104981e-01    9.9220272904e-01
       182   -4.5135312064e+01    1.1852296978e+00    5.1088486622e+02    5.1100000000e+02    0.0000000000e+00   -4.5136357938e+01    9.9245453407e-01    1.0000000000e+00
       183   -4.5148452962e+01    1.8152611578e+00    5.1303127370e+02    5.1300000000e+02    0.0000000000e+00   -4.5132706195e+01    9.9353807347e-01    9.9415204678e-01
       184   -4.5107737679e+01    1.2387238112e+00    5.1195855223e+02    5.1200000000e+02    0.0000000000e+00   -4.5136981469e+01    9.9380336421e-01    9.9414062500e-01
       185   -4.5113461051e+01    1.2112130637e+00    5.0887929719e+02    5.0900000000e+02    0.0000000000e+00   -4.5134723292e+01    9.9345169774e-01    9.9017681729e-01
       186   -4.5175709741e+01    1.4767484029e+00    5.0507949677e+02    5.0500000000e+02    0.0000000000e+00   -4.5128561901e+01    9.9328712627e-01    9.9801980198e-01
       187   -4.5182986568e+01    1.3567461732e+00    5.0627598706e+02    5.0600000000e+02    0.0000000000e+00   -4.5121312599e+01    9.9425667504e-01    9.9407114625e-01
       188   -4.5158100846e+01    1.3977115262e+00    5.0526351300e+02    5.0500000000e+02    0.0000000000e+00   -4.5123964814e+01    9.9469002914e-01    9.9405940594e-01
       189   -4.5139666849e+01    1.4063854812e+00    5.0312226560e+02    5.0300000000e+02    0.0000000000e+00   -4.5122098429e+01    9.9454918749e-01    9.9403578529e-01
       190   -4.5058812949e+01    1.2589503840e+00    5.0189504370e+02    5.0200000000e+02    0.0000000000e+00   -4.5117876976e+01    9.9329605057e-01    9.9402390438e-01
       191   -4.5052802584e+01    1.1708455749e+00    4.9970732782e+02    5.0000000000e+02    0.0000000000e+00   -4.5114987092e+01    9.9420147530e-01    9.9800000000e-01
       192   -4.5116070930e+01    1.1841409985e+00    5.0086904257e+02    5.0100000000e+02    0.0000000000e+00   -4.5110141222e+01    9.9371886551e-01    9.9600798403e-01
       193   -4.5141903117e+01    1.2115669722e+00    5.0007775094e+02    5.0000000000e+02    0.0000000000e+00   -4.5112357116e+01    9.9263755853e-01    1.0000000000e+00
       194   -4.5192359723e+01    1.4164644885e+00    5.0025345127e+02    5.0000000000e+02    0.0000000000e+00   -4.5110819512e+01    9.9405749889e-01    9.9600000000e-01
       195   -4.5130152167e+01    1.5331332165e+00    4.9822763838e+02    4.9800000000e+02    0.0000000000e+00   -4.5111502106e+01    9.9272401326e-01    9.9196787149e-01
       196   -4.5147203987e+01    1.1685938809e+00    4.9617368184e+02    4.9600000000e+02    0.0000000000e+00   -4.5107418404e+01    9.9236450446e-01    9.9798387097e-01
       197   -4.5227457452e+01    1.3525821282e+00    4.9639151287e+02    4.9600000000e+02    0.0000000000e+00   -4.5103358080e+01    9.9283500729e-01    9.9596774194e-01
       198   -4.5113693510e+01    1.4492632707e+00    4.9733279126e+02    4.9700000000e+02    0.0000000000e+00   -4.5104317796e+01    9.9316569809e-01    9.9798792757e-01
       199   -4.5111882288e+01    1.7262751279e+00    5.0306733918e+02    5.0300000000e+02    0.0000000000e+00   -4.5106091662e+01    9.9318163179e-01    9.9801192843e-01
       200   -4.5112251358e+01    1.3946862729e+00    5.0395546805e+02    5.0400000000e+02    0.0000000000e+00   -4.5117426993e+01    9.9500456825e-01    9.8809523810e-01
       201   -4.5160195255e+01    1.4566011060e+00    5.0010620217e+02    5.0000000000e+02    0.0000000000e+00   -4.5119065028e+01    9.9073197699e-01    9.9800000000e-01
       202   -4.5187414555e+01    1.3290886088e+00    5.0231108518e+02    5.0200000000e+02    0.0000000000e+00   -4.5111536577e+01    9.9362087135e-01    9.9601593625e-01
       203   -4.5176923105e+01    1.2556212203e+00    5.0332458837e+02    5.0300000000e+02    0.0000000000e+00   -4.5116221912e+01    9.9318720015e-01    9.9204771372e-01
       204   -4.5232843275e+01    1.4217077218e+00    5.0144642436e+02    5.0100000000e+02    0.0000000000e+00   -4.5118463625e+01    9.9260122282e-01    9.9401197605e-01
       205   -4.5232229233e+01    1.3594936913e+00    5.0057923702e+02    5.0000000000e+02    0.0000000000e+00   -4.5115251023e+01    9.9422628615e-01    9.9800000000e-01
       206   -4.5216624334e+01    1.2917599184e+00    5.0052927463e+02    5.0000000000e+02    0.0000000000e+00   -4.5114037091e+01    9.9212606792e-01    9.9600000000e-01
       207   -4.5196368149e+01    1.2448105160e+00    4.9846004928e+02    4.9800000000e+02    0.0000000000e+00   -4.5114365237e+01    9.9061919455e-01    9.9598393574e-01
       208   -4.5173991106e+01    1.3479617738e+00    4.9937396198e+02    4.9900000000e+02    0.0000000000e+00   -4.5110538255e+01    9.9299253899e-01    9.9198396794e-01
       209   -4.5174774348e+01    1.3180929915e+00    4.9631463876e+02    4.9600000000e+02    0.0000000000e+00   -4.5112563973e+01    9.9439018405e-01    1.0000000000e+00
       210   -4.5161308867e+01    1.3384780547e+00    4.9828039178e+02    4.9800000000e+02    0.0000000000e+00   -4.5106614818e+01    9.9181208441e-01    1.0000000000e+00
       211   -4.5175326319e+01    1.2691016606e+00    5.0429335311e+02    5.0400000000e+02    0.0000000000e+00   -4.5110691147e+01    9.9459687707e-01    9.9404761905e-01
       212   -4.5183119831e+01    1.3624623451e+00    5.0226162856e+02    5.0200000000e+02    0.0000000000e+00   -4.5122881516e+01    9.9250777095e-01    9.9800796813e-01
       213   -4.5119330669e+01    1.3028660748e+00    5.0316001082e+02    5.0300000000e+02    0.0000000000e+00   -4.5119078057e+01    9.9457133606e-01    9.9602385686e-01
       214   -4.5133799619e+01    1.4109698555e+00    5.0201021716e+02    5.0200000000e+02    0.0000000000e+00   -4.5120767448e+01    9.9349342149e-01    9.9203187251e-01
       215   -4.5202994184e+01    1.2038427585e+00    5.0228486523e+02    5.0200000000e+02    0.0000000000e+00   -4.5118457205e+01    9.9384944037e-01    1.0000000000e+00
       216   -4.5160732992e+01    1.3695599425e+00    5.0428847804e+02    5.0400000000e+02    0.0000000000e+00   -4.5119334932e+01    9.9483641453e-01    9.9801587302e-01
       217   -4.5239800000e+01    1.2916990973e+00    5.0436016084e+02    5.0400000000e+02    0.0000000000e+00   -4.5123428891e+01    9.9420350301e-01    1.0000000000e+00
       218   -4.5236682390e+01    1.3559486016e+00    5.0656479409e+02    5.0600000000e+02    0.0000000000e+00   -4.5124082113e+01    9.9394609293e-01    9.9802371542e-01
       219   -4.5192830229e+01    1.4346082643e+00    5.0741590052e+02    5.0700000000e+02    0.0000000000e+00   -4.5128934019e+01    9.9295871547e-01    9.9605522682e-01
       220   -4.5205597322e+01    1.9597595594e+00    5.0532347852e+02    5.0500000000e+02    0.0000000000e+00   -4.5130878881e+01    9.9291578311e-01    9.9009900990e-01
       221   -4.5166792665e+01    1.5308095857e+00    5.0329810004e+02    5.0300000000e+02    0.0000000000e+00   -4.5127073662e+01    9.9375894337e-01    9.9602385686e-01
       222   -4.5160439324e+01    1.4889654025e+00    5.0420405648e+02    5.0400000000e+02    0.0000000000e+00   -4.5123189175e+01    9.9427739770e-01    9.9404761905e-01
       223   -4.5167390136e+01    1.2584958151e+00    5.0623059481e+02    5.0600000000e+02    0.0000000000e+00   -4.5125086651e+01    9.9377033101e-01    9.9604743083e-01
       224   -4.5165744119e+01    1.2488871228e+00    5.0416788544e+02    5.0400000000e+02    0.0000000000e+00   -4.5129230034e+01    9.9412240831e-01    9.9404761905e-01
       225   -4.5143716752e+01    1.3017470364e+00    5.0417906593e+02    5.0400000000e+02    0.0000000000e+00   -4.5125269904e+01    9.9457401577e-01    9.9801587302e-01
       226   -4.5197550944e+01    1.3213205947e+00    5.0621371828e+02    5.0600000000e+02    0.0000000000e+00   -4.5125306796e+01    9.9335328700e-01    9.9407114625e-01
       227   -4.5127817586e+01    1.1935101527e+00    5.0315590346e+02    5.0300000000e+02    0.0000000000e+00   -4.5129608892e+01    9.9566751735e-01    9.9602385686e-01
       228   -4.5191932106e+01    1.1860544352e+00    5.0318959632e+02    5.0300000000e+02    0.0000000000e+00   -4.5123486758e+01    9.9166794894e-01    9.9801192843e-01
       229   -4.5194979501e+01    1.3912288766e+00    5.0534812892e+02    5.0500000000e+02    0.0000000000e+00   -4.5123797838e+01    9.9382396964e-01    9.9801980198e-01
       230   -4.5181384916e+01    1.4203740446e+00    5.0528353406e+02    5.0500000000e+02    0.0000000000e+00   -4.5128334669e+01    9.9293194581e-01    9.8811881188e-01
       231   -4.5243817140e+01    1.1522958167e+00    5.0145929953e+02    5.0100000000e+02    0.0000000000e+00   -4.5128396284e+01    9.9358218070e-01    9.9401197605e-01
       232   -4.5189015718e+01    1.3002046528e+00    5.0152090488e+02    5.0100000000e+02    0.0000000000e+00   -4.5121281157e+01    9.9207244696e-01    9.9600798403e-01
       233   -4.5192042245e+01    1.4396520764e+00    5.0233982485e+02    5.0200000000e+02    0.0000000000e+00   -4.5121624341e+01    9.9175950471e-01    9.9402390438e-01
       234   -4.5147351310e+01    1.3973869792e+00    4.9921620070e+02    4.9900000000e+02    0.0000000000e+00   -4.5123488306e+01    9.9226575471e-01    9.9398797595e-01
       235   -4.5167124370e+01    1.2908230163e+00    4.9720126280e+02    4.9700000000e+02    0.0000000000e+00   -4.5117273139e+01    9.9276509949e-01    9.9798792757e-01
       236   -4.5220503433e+01    1.4670284536e+00    4.9939687898e+02    4.9900000000e+02    0.0000000000e+00   -4.5113342500e+01    9.9211022398e-01    9.9398797595e-01
       237   -4.5287243216e+01    1.5523498479e+00    4.9970470012e+02    4.9900000000e+02    0.0000000000e+00   -4.5118107398e+01    9.9467806599e-01    9.8997995992e-01
       238   -4.5228054920e+01    1.9967779163e+00    5.0073450154e+02    5.0000000000e+02    0.0000000000e+00   -4.5119385118e+01    9.9346723090e-01    9.9800000000e-01
       239   -4.5155276645e+01    1.2781834171e+00    5.0032328050e+02    5.0000000000e+02    0.0000000000e+00   -4.5121829034e+01    9.9426060166e-01    9.9400000000e-01
       240   -4.5208753232e+01    1.3274306893e+00    5.0131804273e+02    5.0100000000e+02    0.0000000000e+00   -4.5121058366e+01    9.9430305083e-01    9.9800399202e-01
       241   -4.5222862881e+01    1.5116276501e+00    5.0244517736e+02    5.0200000000e+02    0.0000000000e+00   -4.5123337050e+01    9.9280116862e-01    9.8804780876e-01
       242   -4.5217077331e+01    1.4380741869e+00    4.9847962999e+02    4.9800000000e+02    0.0000000000e+00   -4.5125936211e+01    9.9379082606e-01    9.9598393574e-01
       243   -4.5151403638e+01    1.3880853699e+00    4.9832993541e+02    4.9800000000e+02    0.0000000000e+00   -4.5118336631e+01    9.9437347271e-01    9.9598393574e-01
       244   -4.5097323840e+01    1.7174035028e+00    4.9701084814e+02    4.9700000000e+02    0.0000000000e+00   -4.5118064432e+01    9.9303042938e-01    9.9597585513e-01
       245   -4.5085846851e+01    1.2096297256e+00    4.9787948293e+02    4.9800000000e+02    0.0000000000e+00   -4.5115201449e+01    9.9238662999e-01    9.9799196787e-01
       246   -4.5123108075e+01    1.1580204611e+00    4.9893839667e+02    4.9900000000e+02    0.0000000000e+00   -4.5116686282e+01    9.9421938284e-01    9.9799599198e-01
       247   -4.5140764029e+01    1.4094092000e+00    5.0105795823e+02    5.0100000000e+02    0.0000000000e+00   -4.5118715960e+01    9.9278080784e-01    9.9201596806e-01
       248   -4.5082954655e+01    1.3803894133e+00    4.9895954148e+02    4.9900000000e+02    0.0000000000e+00   -4.5122938465e+01    9.9252432144e-01    1.0000000000e+00
       249   -4.5162591485e+01    1.3598132887e+00    4.9899227209e+02    4.9900000000e+02    0.0000000000e+00   -4.5118472761e+01    9.9326469705e-01    9.9599198397e-01
       250   -4.5199455088e+01    1.5405183055e+00    5.0132099464e+02    5.0100000000e+02    0.0000000000e+00   -4.5118618005e+01    9.9304982236e-01    9.9401197605e-01
       251   -4.5207449703e+01    1.4723474892e+00    4.9939464874e+02    4.9900000000e+02    0.0000000000e+00   -4.5123512541e+01    9.9369442603e-01    9.9799599198e-01
       252   -4.5149219497e+01    1.4738280044e+00    4.9926958414e+02    4.9900000000e+02    0.0000000000e+00   -4.5119933545e+01    9.9310081950e-01    9.9599198397e-01
       253   -4.5155956771e+01    1.2147067891e+00    4.9915069504e+02    4.9900000000e+02    0.0000000000e+00   -4.5119701785e+01    9.9323459916e-01    9.9198396794e-01
       254   -4.5100903079e+01    1.2709903803e+00    4.9706118361e+02    4.9700000000e+02    0.0000000000e+00   -4.5119510966e+01    9.9461592169e-01    1.0000000000e+00
       255   -4.5101474972e+01    1.2127389885e+00    4.9791274349e+02    4.9800000000e+02    0.0000000000e+00   -4.5115128708e+01    9.9385368919e-01    9.9799196787e-01
       256   -4.5113456072e+01    1.3041644994e+00    4.9794368193e+02    4.9800000000e+02    0.0000000000e+00   -4.5116657104e+01    9.9306984232e-01    9.9397590361e-01
       257   -4.5127383149e+01    1.2656564350e+00    4.9701987225e+02    4.9700000000e+02    0.0000000000e+00   -4.5116588011e+01    9.9419427373e-01    9.9597585513e-01
       258   -4.5155754638e+01    1.2186580666e+00    4.9612944747e+02    4.9600000000e+02    0.0000000000e+00   -4.5114659432e+01    9.9260705856e-01    9.9798387097e-01
       259   -4.5124182225e+01    1.1147098578e+00    5.0013915555e+02    5.0000000000e+02    0.0000000000e+00   -4.5112913999e+01    9.9389155563e-01    9.9800000000e-01
       260   -4.5121005664e+01    1.2311941070e+00    5.0100941560e+02    5.0100000000e+02    0.0000000000e+00   -4.5120879246e+01    9.9244098536e-01    9.9800399202e-01
       261   -4.5102405917e+01    1.3658460803e+00    5.0093737004e+02    5.0100000000e+02    0.0000000000e+00   -4.5122521040e+01    9.9322540252e-01    1.0000000000e+00
       262   -4.5079090180e+01    1.5664179418e+00    5.0181966607e+02    5.0200000000e+02    0.0000000000e+00   -4.5122204440e+01    9.9307252752e-01    9.9402390438e-01
       263   -4.5101907651e+01    1.4892173671e+00    5.0189648751e+02    5.0200000000e+02    0.0000000000e+00   -4.5123696865e+01    9.9358079937e-01    9.9601593625e-01
       264   -4.5119374034e+01    1.3104979093e+00    5.0196145123e+02    5.0200000000e+02    0.0000000000e+00   -4.5123678329e+01    9.9291014210e-01    9.9003984064e-01
       265   -4.5097976488e+01    1.2292553547e+00    4.9893235221e+02    4.9900000000e+02    0.0000000000e+00   -4.5123708838e+01    9.9302181011e-01    9.9799599198e-01
       266   -4.4990333046e+01    2.4930212692e+00    5.0163823625e+02    5.0200000000e+02    0.0000000000e+00   -4.5117470936e+01    9.9136696386e-01    9.9601593625e-01
       267   -4.5072487735e+01    1.1657149833e+00    5.0054338253e+02    5.0100000000e+02    0.0000000000e+00   -4.5122260230e+01    9.9272584383e-01    1.0000000000e+00
       268   -4.5128865083e+01    1.3501355535e+00    5.0288752701e+02    5.0300000000e+02    0.0000000000e+00   -4.5119792152e+01    9.9391412788e-01    9.9403578529e-01
       269   -4.5021048899e+01    1.2808625252e+00    5.0073963083e+02    5.0100000000e+02    0.0000000000e+00   -4.5124409971e+01    9.9367502820e-01    9.9600798403e-01
       270   -4.5031783124e+01    1.4190205191e+00    5.0051624120e+02    5.0100000000e+02    0.0000000000e+00   -4.5119644421e+01    9.9339857475e-01    9.9001996008e-01
       271   -4.5079601889e+01    1.4748478385e+00    4.9975347567e+02    5.0000000000e+02    0.0000000000e+00   -4.5118759558e+01    9.9292345669e-01    9.9200000000e-01
       272   -4.5074649546e+01    1.2816966118e+00    4.9879411368e+02    4.9900000000e+02    0.0000000000e+00   -4.5116989032e+01    9.9387909308e-01    9.9799599198e-01
       273   -4.5043365147e+01    1.5886904107e+00    4.9972497459e+02    5.0000000000e+02    0.0000000000e+00   -4.5114804477e+01    9.9273805631e-01    9.9400000000e-01
       274   -4.5072529294e+01    1.4148165974e+00    4.9871550591e+02    4.9900000000e+02    0.0000000000e+00   -4.5116284824e+01    9.9188922602e-01    9.9799599198e-01
       275   -4.5087308575e+01    1.3494847966e+00    4.9781292893e+02    4.9800000000e+02    0.0000000000e+00   -4.5113995979e+01    9.9289496798e-01    9.9799196787e-01
       276   -4.5061707901e+01    1.6130775508e+00    4.9881292678e+02    4.9900000000e+02    0.0000000000e+00   -4.5111977597e+01    9.9168688328e-01    9.9398797595e-01
       277   -4.5050069714e+01    1.2566155973e+00    4.9873996322e+02    4.9900000000e+02    0.0000000000e+00   -4.5113679423e+01    9.9324534236e-01    9.9799599198e-01
       278   -4.5122377595e+01    1.3807472745e+00    5.0086781926e+02    5.0100000000e+02    0.0000000000e+00   -4.5113185452e+01    9.9343407917e-01    9.9600798403e-01
       279   -4.5112008335e+01    1.2577182128e+00    5.0099380495e+02    5.0100000000e+02    0.0000000000e+00   -4.5117377019e+01    9.9240601854e-01    9.9600798403e-01
       280   -4.5064346736e+01    1.1810760973e+00    5.0185671968e+02    5.0200000000e+02    0.0000000000e+00   -4.5117523326e+01    9.9305386602e-01    9.9601593625e-01
       281   -4.5142768439e+01    1.2665963436e+00    5.0091729496e+02    5.0100000000e+02    0.0000000000e+00   -4.5118957248e+01    9.9237601505e-01    1.0000000000e+00
       282   -4.5170946769e+01    1.3461624110e+00    5.0620903416e+02    5.0600000000e+02    0.0000000000e+00   -4.5117098104e+01    9.9332380496e-01    9.9604743083e-01
       283   -4.5096197158e+01    1.3093922890e+00    5.0804475981e+02    5.0800000000e+02    0.0000000000e+00   -4.5127728332e+01    9.9375339670e-01    9.9606299213e-01
       284   -4.5117640502e+01    1.3370553144e+00    5.0888859097e+02    5.0900000000e+02    0.0000000000e+00   -4.5131185667e+01    9.9330636785e-01    9.9410609037e-01
       285   -4.5169536442e+01    1.5482255741e+00    5.0906690710e+02    5.0900000000e+02    0.0000000000e+00   -4.5132764850e+01    9.9134118888e-01    9.9803536346e-01
       286   -4.5151403491e+01    1.3537834666e+00    5.1012178478e+02    5.1000000000e+02    0.0000000000e+00   -4.5133230515e+01    9.9248914490e-01    9.9607843137e-01
       287   -4.5164753362e+01    1.5915520046e+00    5.0809670550e+02    5.0800000000e+02    0.0000000000e+00   -4.5135347096e+01    9.9130011938e-01    9.9803149606e-01
       288   -4.5247046681e+01    1.3989842440e+00    5.0938307321e+02    5.0900000000e+02    0.0000000000e+00   -4.5131465411e+01    9.9375981245e-01    9.9803536346e-01
       289   -4.5163878940e+01    1.4895086311e+00    5.1034327429e+02    5.1000000000e+02    0.0000000000e+00   -4.5134395171e+01    9.9492962265e-01    9.9803921569e-01
       290   -4.5159810150e+01    1.1822553039e+00    5.1212333667e+02    5.1200000000e+02    0.0000000000e+00   -4.5136368644e+01    9.9253322299e-01    9.9414062500e-01
       291   -4.5134329827e+01    1.2377795828e+00    5.0901709417e+02    5.0900000000e+02    0.0000000000e+00   -4.5139925086e+01    9.9356596542e-01    9.9410609037e-01
       292   -4.5150521138e+01    1.3958514835e+00    5.0905587907e+02    5.0900000000e+02    0.0000000000e+00   -4.5133821513e+01    9.9411370103e-01    9.9214145383e-01
       293   -4.5173027588e+01    1.2741229493e+00    5.0918180962e+02    5.0900000000e+02    0.0000000000e+00   -4.5133937474e+01    9.9150832986e-01    9.9410609037e-01
       294   -4.5143628449e+01    1.3524229028e+00    5.0914812898e+02    5.0900000000e+02    0.0000000000e+00   -4.5134306441e+01    9.9351330955e-01    9.9803536346e-01
       295   -4.5138301396e+01    1.3942215531e+00    5.1305055363e+02    5.1300000000e+02    0.0000000000e+00   -4.5134254120e+01    9.9306093216e-01    9.9610136452e-01
       296   -4.5116907486e+01    1.2600481995e+00    5.1291461899e+02    5.1300000000e+02    0.0000000000e+00   -4.5141883938e+01    9.9353113006e-01    9.9610136452e-01
       297   -4.5190034878e+01    2.1587165980e+00    5.1099489159e+02    5.1100000000e+02    0.0000000000e+00   -4.5141536181e+01    9.9312068612e-01    9.9608610568e-01
       298   -4.5131963538e+01    1.2752783035e+00    5.1207079752e+02    5.1200000000e+02    0.0000000000e+00   -4.5137967254e+01    9.9258666759e-01    9.9609375000e-01
       299   -4.5132130663e+01    1.1622714192e+00    5.1396375982e+02    5.1400000000e+02    0.0000000000e+00   -4.5140041990e+01    9.9414751718e-01    9.9610894942e-01
