#   index    LocalEnergy         LocalEnergy_sq      LocalPotential      Kinetic             LocalECP            NonLocalECP         ElecElec            IonIon              MPC                 BlockWeight         BlockCPU            AcceptRatio         
         0   -4.5607820489e+01    2.0812679584e+03   -8.1109287963e+01    3.5501467473e+01   -2.2054760362e+01    3.1716535063e+00   -1.1123503026e+01   -5.1102678081e+01   -1.0833039536e+01    5.1201584229e+02    7.4960954400e-01    9.9621582031e-01
         1   -4.5642934863e+01    2.0845105836e+03   -8.0976807761e+01    3.5333872898e+01   -2.2025400548e+01    3.2349471583e+00   -1.1083676290e+01   -5.1102678081e+01   -1.0790635069e+01    5.1208913805e+02    7.6768594700e-01    9.9719238281e-01
         2   -4.5592568105e+01    2.0799384602e+03   -8.0911733620e+01    3.5319165515e+01   -2.2023115406e+01    3.3518849470e+00   -1.1137825080e+01   -5.1102678081e+01   -1.0846794791e+01    5.1174122123e+02    7.6125598400e-01    9.9627685547e-01
         3   -4.5661609599e+01    2.0861826051e+03   -8.1111512857e+01    3.5449903258e+01   -2.2175565607e+01    3.3613426805e+00   -1.1194611850e+01   -5.1102678081e+01   -1.0900842047e+01    5.1143752438e+02    7.1208684000e-01    9.9718688845e-01
         4   -4.5661308257e+01    2.0861694898e+03   -8.1082111252e+01    3.5420802995e+01   -2.2062535833e+01    3.3173301880e+00   -1.1234227527e+01   -5.1102678081e+01   -1.0946105452e+01    5.1155428297e+02    7.0924618800e-01    9.9724804305e-01
         5   -4.5665418439e+01    2.0867804628e+03   -8.0903815835e+01    3.5238397395e+01   -2.2062002512e+01    3.4299483982e+00   -1.1169083639e+01   -5.1102678081e+01   -1.0880654939e+01    5.1144183795e+02    7.1028530400e-01    9.9694227006e-01
         6   -4.5661454315e+01    2.0863181900e+03   -8.0949838179e+01    3.5288383864e+01   -2.2086791104e+01    3.3773398659e+00   -1.1137708860e+01   -5.1102678081e+01   -1.0850011448e+01    5.1454070435e+02    7.1805553500e-01    9.9689931907e-01
         7   -4.5707051037e+01    2.0904660156e+03   -8.1286424092e+01    3.5579373055e+01   -2.2266600757e+01    3.2111529115e+00   -1.1128298166e+01   -5.1102678081e+01   -1.0839952935e+01    5.1255766186e+02    7.1344642400e-01    9.9684466019e-01
         8   -4.5681937814e+01    2.0880954992e+03   -8.1301158693e+01    3.5619220880e+01   -2.2239372649e+01    3.0532427657e+00   -1.1012350729e+01   -5.1102678081e+01   -1.0725224193e+01    5.0738630667e+02    7.0384700500e-01    9.9624753937e-01
         9   -4.5716495779e+01    2.0913436878e+03   -8.1570183007e+01    3.5853687228e+01   -2.2140235459e+01    2.9049292194e+00   -1.1232198686e+01   -5.1102678081e+01   -1.0944557308e+01    5.1065731588e+02    7.9904182100e-01    9.9641798419e-01
        10   -4.5660598376e+01    2.0861550749e+03   -8.1817753396e+01    3.6157155020e+01   -2.2284057400e+01    2.8808872862e+00   -1.1311905201e+01   -5.1102678081e+01   -1.1027209801e+01    5.0918644371e+02    7.1923233700e-01    9.9723179134e-01
        11   -4.5631837461e+01    2.0834116957e+03   -8.1638111551e+01    3.6006274090e+01   -2.2215321270e+01    2.9884724400e+00   -1.1308584640e+01   -5.1102678081e+01   -1.1020776556e+01    5.1372802953e+02    7.2233886600e-01    9.9688111546e-01
        12   -4.5654113759e+01    2.0855106791e+03   -8.1399226927e+01    3.5745113167e+01   -2.2452874981e+01    3.3387758196e+00   -1.1182449684e+01   -5.1102678081e+01   -1.0892169086e+01    5.1134414228e+02    7.2277481400e-01    9.9622319688e-01
        13   -4.5638345442e+01    2.0841418943e+03   -8.1489355493e+01    3.5851010050e+01   -2.2522939329e+01    3.2714528967e+00   -1.1135190979e+01   -5.1102678081e+01   -1.0840229916e+01    5.1059618726e+02    7.1453728100e-01    9.9693627451e-01
        14   -4.5647702190e+01    2.0849488076e+03   -8.1630903163e+01    3.5983200973e+01   -2.2494461560e+01    3.2666183030e+00   -1.1300381825e+01   -5.1102678081e+01   -1.1008869697e+01    5.0940161025e+02    7.3747266500e-01    9.9643208661e-01
        15   -4.5646372873e+01    2.0847256064e+03   -8.1709559006e+01    3.6063186133e+01   -2.2613725730e+01    3.3591248269e+00   -1.1352280022e+01   -5.1102678081e+01   -1.1067536228e+01    5.1055526446e+02    7.4046559500e-01    9.9661663386e-01
        16   -4.5654893933e+01    2.0855515399e+03   -8.1632285491e+01    3.5977391557e+01   -2.2485982714e+01    3.2084627290e+00   -1.1252087425e+01   -5.1102678081e+01   -1.0969214334e+01    5.1244969747e+02    7.5292236300e-01    9.9614726027e-01
        17   -4.5626020734e+01    2.0828450698e+03   -8.1588065584e+01    3.5962044850e+01   -2.2328056813e+01    3.1809718864e+00   -1.1338302576e+01   -5.1102678081e+01   -1.1057967597e+01    5.1048660621e+02    7.0256639300e-01    9.9743150685e-01
        18   -4.5575126188e+01    2.0782524140e+03   -8.1697537339e+01    3.6122411150e+01   -2.2245023150e+01    2.9638125545e+00   -1.1313648662e+01   -5.1102678081e+01   -1.1030684692e+01    5.1236558120e+02    7.2198470800e-01    9.9700342466e-01
        19   -4.5646841152e+01    2.0848397544e+03   -8.1729720017e+01    3.6082878865e+01   -2.2418760236e+01    2.9800451090e+00   -1.1188326809e+01   -5.1102678081e+01   -1.0907139772e+01    5.1280309258e+02    8.2233309000e-01    9.9701510721e-01
        20   -4.5714657467e+01    2.0911802816e+03   -8.1497623007e+01    3.5782965540e+01   -2.2289368654e+01    3.0049928670e+00   -1.1110569139e+01   -5.1102678081e+01   -1.0826843428e+01    5.1236573560e+02    7.1150714000e-01    9.9731968811e-01
        21   -4.5674770755e+01    2.0873614382e+03   -8.1331726132e+01    3.5656955377e+01   -2.2172194457e+01    3.1816277743e+00   -1.1238481368e+01   -5.1102678081e+01   -1.0944840663e+01    5.1091868556e+02    7.0265166600e-01    9.9694227006e-01
        22   -4.5663117110e+01    2.0865165291e+03   -8.1201335513e+01    3.5538218402e+01   -2.2263322427e+01    3.3260424160e+00   -1.1161377420e+01   -5.1102678081e+01   -1.0861464456e+01    5.0888261855e+02    7.0200422500e-01    9.9717583497e-01
        23   -4.5655712647e+01    2.0857633983e+03   -8.1373929479e+01    3.5718216832e+01   -2.2025668633e+01    2.9484519066e+00   -1.1194034671e+01   -5.1102678081e+01   -1.0893903316e+01    5.0891900200e+02    7.0688991500e-01    9.9625491159e-01
        24   -4.5655348315e+01    2.0856762237e+03   -8.1500338266e+01    3.5844989951e+01   -2.1988689307e+01    2.8595398769e+00   -1.1268510755e+01   -5.1102678081e+01   -1.0979955166e+01    5.0791441602e+02    7.0367432400e-01    9.9673966535e-01
        25   -4.5696093407e+01    2.0895116710e+03   -8.1276961544e+01    3.5580868137e+01   -2.1988828378e+01    3.0677017168e+00   -1.1253156801e+01   -5.1102678081e+01   -1.0969218847e+01    5.0505293267e+02    6.9757803000e-01    9.9690594059e-01
        26   -4.5676760672e+01    2.0876735593e+03   -8.1206467210e+01    3.5529706538e+01   -2.1888168140e+01    3.0263954609e+00   -1.1242016450e+01   -5.1102678081e+01   -1.0959712368e+01    5.0613454491e+02    6.9409260700e-01    9.9703557312e-01
        27   -4.5653867967e+01    2.0855049515e+03   -8.1097003399e+01    3.5443135432e+01   -2.1954054740e+01    3.0961751713e+00   -1.1136445749e+01   -5.1102678081e+01   -1.0859550556e+01    5.0300638545e+02    6.9733394300e-01    9.9645874751e-01
        28   -4.5617200839e+01    2.0822459940e+03   -8.1149294583e+01    3.5532093744e+01   -2.2027504074e+01    3.1414768968e+00   -1.1160589324e+01   -5.1102678081e+01   -1.0885567635e+01    5.0187815791e+02    6.9472807100e-01    9.9589143426e-01
        29   -4.5627649703e+01    2.0831686946e+03   -8.1219358130e+01    3.5591708428e+01   -2.2160011089e+01    3.2037334774e+00   -1.1160402438e+01   -5.1102678081e+01   -1.0882632038e+01    5.0289600257e+02    7.9690360000e-01    9.9714214712e-01
        30   -4.5637650439e+01    2.0840880553e+03   -8.1153738164e+01    3.5516087725e+01   -2.1972725160e+01    3.0955683417e+00   -1.1173903265e+01   -5.1102678081e+01   -1.0900156577e+01    5.0193522642e+02    6.9476507000e-01    9.9651394422e-01
        31   -4.5654467150e+01    2.0856623667e+03   -8.1237587508e+01    3.5583120359e+01   -2.2031288954e+01    3.0647437486e+00   -1.1168364222e+01   -5.1102678081e+01   -1.0894468686e+01    5.0302281480e+02    7.0747837500e-01    9.9708001988e-01
        32   -4.5661759744e+01    2.0863156387e+03   -8.1550405882e+01    3.5888646138e+01   -2.2064729146e+01    2.9055044220e+00   -1.1288503077e+01   -5.1102678081e+01   -1.1020454615e+01    5.0313047148e+02    7.0526762500e-01    9.9664512922e-01
        33   -4.5703013185e+01    2.0899830831e+03   -8.1575231823e+01    3.5872218638e+01   -2.2157031679e+01    3.0193112790e+00   -1.1334833342e+01   -5.1102678081e+01   -1.1063156264e+01    5.0522240948e+02    7.1074453000e-01    9.9659653465e-01
        34   -4.5713435144e+01    2.0909364003e+03   -8.1335998563e+01    3.5622563419e+01   -2.1962234667e+01    3.0055147810e+00   -1.1276600596e+01   -5.1102678081e+01   -1.1001925651e+01    5.0528552394e+02    7.0791553200e-01    9.9727722772e-01
        35   -4.5714547491e+01    2.0911998047e+03   -8.1349158089e+01    3.5634610598e+01   -2.2025649311e+01    3.1042654933e+00   -1.1325096190e+01   -5.1102678081e+01   -1.1052576861e+01    5.0627655267e+02    7.0367581600e-01    9.9666501976e-01
        36   -4.5721349055e+01    2.0918464565e+03   -8.1557355168e+01    3.5836006113e+01   -2.2059837257e+01    2.8287584070e+00   -1.1223598237e+01   -5.1102678081e+01   -1.0947582578e+01    5.0628640406e+02    7.0025489700e-01    9.9691205534e-01
        37   -4.5732685646e+01    2.0926269194e+03   -8.1348113682e+01    3.5615428036e+01   -2.1977677829e+01    3.0141843947e+00   -1.1281942166e+01   -5.1102678081e+01   -1.1013930500e+01    5.0633229854e+02    6.9698900000e-01    9.9740612648e-01
        38   -4.5667966495e+01    2.0867339347e+03   -8.1265037314e+01    3.5597070820e+01   -2.2008188218e+01    3.1890766329e+00   -1.1343247649e+01   -5.1102678081e+01   -1.1080369293e+01    5.0716486045e+02    6.9729945700e-01    9.9654832347e-01
        39   -4.5741436699e+01    2.0934118194e+03   -8.1240786118e+01    3.5499349419e+01   -2.2136534002e+01    3.3261571761e+00   -1.1327731211e+01   -5.1102678081e+01   -1.1059620050e+01    5.0320429929e+02    7.8224231600e-01    9.9614811133e-01
        40   -4.5737071439e+01    2.0929342269e+03   -8.1360024400e+01    3.5622952961e+01   -2.2180244782e+01    3.3209754708e+00   -1.1398077008e+01   -5.1102678081e+01   -1.1132123001e+01    4.9940110714e+02    6.8697007600e-01    9.9630511022e-01
        41   -4.5736875827e+01    2.0930837941e+03   -8.1627473460e+01    3.5890597633e+01   -2.2441523080e+01    3.3197133227e+00   -1.1402985621e+01   -5.1102678081e+01   -1.1139183064e+01    5.0038891043e+02    6.8720867000e-01    9.9612500000e-01
        42   -4.5703989907e+01    2.0902625112e+03   -8.1826054741e+01    3.6122064835e+01   -2.2532107470e+01    3.1565833230e+00   -1.1347852514e+01   -5.1102678081e+01   -1.1076850115e+01    5.0229229391e+02    6.9068934000e-01    9.9676294821e-01
        43   -4.5667949338e+01    2.0866892466e+03   -8.1753837897e+01    3.6085888559e+01   -2.2567706436e+01    3.2811807830e+00   -1.1364634163e+01   -5.1102678081e+01   -1.1096024838e+01    5.0213054471e+02    7.0075835700e-01    9.9750996016e-01
        44   -4.5639304206e+01    2.0839514245e+03   -8.1551816389e+01    3.5912512183e+01   -2.2530394470e+01    3.4227590050e+00   -1.1341502843e+01   -5.1102678081e+01   -1.1073721286e+01    5.0193281151e+02    6.9168970400e-01    9.9589143426e-01
        45   -4.5703139547e+01    2.0899541619e+03   -8.1509856142e+01    3.5806716595e+01   -2.2518569554e+01    3.4752230827e+00   -1.1363831589e+01   -5.1102678081e+01   -1.1094445247e+01    5.0005637004e+02    6.9097222000e-01    9.9718750000e-01
        46   -4.5673532966e+01    2.0871982374e+03   -8.1679306775e+01    3.6005773809e+01   -2.2604811178e+01    3.3324146056e+00   -1.1304232122e+01   -5.1102678081e+01   -1.1039578922e+01    5.0216279861e+02    6.8957814600e-01    9.9645169323e-01
        47   -4.5677232699e+01    2.0876066816e+03   -8.1979295856e+01    3.6302063157e+01   -2.2783675191e+01    3.2361586024e+00   -1.1329101186e+01   -5.1102678081e+01   -1.1063810241e+01    5.0304780068e+02    6.9726198900e-01    9.9701789264e-01
        48   -4.5675728471e+01    2.0875354070e+03   -8.1464009622e+01    3.5788281150e+01   -2.2780562312e+01    3.6326439184e+00   -1.1213413147e+01   -5.1102678081e+01   -1.0947565446e+01    5.0606608923e+02    7.0082452300e-01    9.9740612648e-01
        49   -4.5657591024e+01    2.0857280622e+03   -8.1494284324e+01    3.5836693300e+01   -2.2554738909e+01    3.4140064034e+00   -1.1250873737e+01   -5.1102678081e+01   -1.0983141688e+01    5.0399595474e+02    7.9899585200e-01    9.9658978175e-01
        50   -4.5687301902e+01    2.0883769129e+03   -8.1860248062e+01    3.6172946160e+01   -2.2905075902e+01    3.4004997964e+00   -1.1252993876e+01   -5.1102678081e+01   -1.0983505160e+01    5.0703211492e+02    7.2141933000e-01    9.9697978304e-01
        51   -4.5682420809e+01    2.0880098061e+03   -8.1910501413e+01    3.6228080604e+01   -2.2853927110e+01    3.2813832818e+00   -1.1235279503e+01   -5.1102678081e+01   -1.0965801332e+01    5.0505779568e+02    7.1118887800e-01    9.9659653465e-01
        52   -4.5662140066e+01    2.0862893853e+03   -8.1788388842e+01    3.6126248777e+01   -2.2798515749e+01    3.3644512258e+00   -1.1251646238e+01   -5.1102678081e+01   -1.0979762201e+01    5.0300005023e+02    7.0649515500e-01    9.9720427435e-01
        53   -4.5655846403e+01    2.0855444621e+03   -8.1796476745e+01    3.6140630342e+01   -2.2675082464e+01    3.2700144644e+00   -1.1288730665e+01   -5.1102678081e+01   -1.1016427901e+01    5.0699057330e+02    7.1601134200e-01    9.9697978304e-01
        54   -4.5668119649e+01    2.0867601453e+03   -8.1491154920e+01    3.5823035272e+01   -2.2441371302e+01    3.3013602417e+00   -1.1248465779e+01   -5.1102678081e+01   -1.0978147656e+01    5.0993281885e+02    7.1672373800e-01    9.9693627451e-01
        55   -4.5698946162e+01    2.0896162041e+03   -8.1478201159e+01    3.5779254996e+01   -2.2302834150e+01    3.1873052060e+00   -1.1259994133e+01   -5.1102678081e+01   -1.0995534895e+01    5.1001206843e+02    7.2411136000e-01    9.9632352941e-01
        56   -4.5710451282e+01    2.0905358473e+03   -8.1584681256e+01    3.5874229974e+01   -2.2546659388e+01    3.3055002637e+00   -1.1240844051e+01   -5.1102678081e+01   -1.0975157494e+01    5.1315676803e+02    7.2173693800e-01    9.9677144250e-01
        57   -4.5679273630e+01    2.0876971621e+03   -8.1465861337e+01    3.5786587707e+01   -2.2370364800e+01    3.2461645736e+00   -1.1238983029e+01   -5.1102678081e+01   -1.0982513001e+01    5.1203450896e+02    7.7672497000e-01    9.9707031250e-01
        58   -4.5722928320e+01    2.0917803638e+03   -8.1383674318e+01    3.5660745998e+01   -2.2302344345e+01    3.2780752530e+00   -1.1256727145e+01   -5.1102678081e+01   -1.1005678201e+01    5.1307603189e+02    7.3548186000e-01    9.9701510721e-01
        59   -4.5734861695e+01    2.0934392782e+03   -8.1118341734e+01    3.5383480039e+01   -2.2175546363e+01    3.3917120218e+00   -1.1231829312e+01   -5.1102678081e+01   -1.0972337377e+01    5.1306764423e+02    8.1429148500e-01    9.9671052632e-01
        60   -4.5725439308e+01    2.0919650054e+03   -8.1146817328e+01    3.5421378020e+01   -2.1777802605e+01    3.1436982274e+00   -1.1410034869e+01   -5.1102678081e+01   -1.1151063154e+01    5.1114839648e+02    7.1908979700e-01    9.9626956947e-01
        61   -4.5660305253e+01    2.0858795773e+03   -8.1321509943e+01    3.5661204690e+01   -2.1844597339e+01    3.0496280498e+00   -1.1423862572e+01   -5.1102678081e+01   -1.1173352524e+01    5.1404898799e+02    7.1848870200e-01    9.9768968872e-01
        62   -4.5684186114e+01    2.0881903587e+03   -8.1204472184e+01    3.5520286070e+01   -2.1821599130e+01    3.1120767256e+00   -1.1392271698e+01   -5.1102678081e+01   -1.1138596458e+01    5.1490552856e+02    7.1814109100e-01    9.9654126214e-01
        63   -4.5669946784e+01    2.0869686195e+03   -8.1113413473e+01    3.5443466689e+01   -2.1958972600e+01    3.3180802689e+00   -1.1369843061e+01   -5.1102678081e+01   -1.1122092675e+01    5.1696000822e+02    7.2196005200e-01    9.9691731141e-01
        64   -4.5734223961e+01    2.0928770901e+03   -8.0797502375e+01    3.5063278414e+01   -2.1797689795e+01    3.4837237270e+00   -1.1380858226e+01   -5.1102678081e+01   -1.1135127424e+01    5.1701627023e+02    7.2226034000e-01    9.9721953578e-01
        65   -4.5695794502e+01    2.0894071950e+03   -8.1230614750e+01    3.5534820247e+01   -2.1843669606e+01    3.1514049127e+00   -1.1435671975e+01   -5.1102678081e+01   -1.1193430766e+01    5.1412279433e+02    7.1677725400e-01    9.9696011673e-01
        66   -4.5693613275e+01    2.0892108995e+03   -8.1005422023e+01    3.5311808748e+01   -2.1685288925e+01    3.2211871821e+00   -1.1438642199e+01   -5.1102678081e+01   -1.1197347490e+01    5.1503581831e+02    7.2086956700e-01    9.9726941748e-01
        67   -4.5695750572e+01    2.0893130939e+03   -8.0799305013e+01    3.5103554441e+01   -2.1489316424e+01    3.2311809643e+00   -1.1438491472e+01   -5.1102678081e+01   -1.1189913042e+01    5.1102817508e+02    7.1173746000e-01    9.9596379648e-01
        68   -4.5660064506e+01    2.0861162798e+03   -8.0941995963e+01    3.5281931457e+01   -2.1539590524e+01    3.1207523557e+00   -1.1420479713e+01   -5.1102678081e+01   -1.1174026637e+01    5.0999158618e+02    7.0992491200e-01    9.9650735294e-01
        69   -4.5674293005e+01    2.0874068896e+03   -8.1036581817e+01    3.5362288812e+01   -2.1350778097e+01    2.9200252705e+00   -1.1503150909e+01   -5.1102678081e+01   -1.1253237428e+01    5.1090944047e+02    8.0987978600e-01    9.9626956947e-01
        70   -4.5659138663e+01    2.0863160593e+03   -8.0894207380e+01    3.5235068717e+01   -2.1575057944e+01    3.2951407909e+00   -1.1511612146e+01   -5.1102678081e+01   -1.1249964295e+01    5.1190574492e+02    7.1366707100e-01    9.9645996094e-01
        71   -4.5644422184e+01    2.0846382592e+03   -8.1196010208e+01    3.5551588024e+01   -2.1496348727e+01    2.9314734549e+00   -1.1528456855e+01   -5.1102678081e+01   -1.1266850304e+01    5.1181056004e+02    7.3062675900e-01    9.9591064453e-01
        72   -4.5707260400e+01    2.0903942026e+03   -8.1139479262e+01    3.5432218862e+01   -2.1497705632e+01    2.9856278939e+00   -1.1524723443e+01   -5.1102678081e+01   -1.1264323225e+01    5.1097000883e+02    7.2431922800e-01    9.9712573386e-01
        73   -4.5730952489e+01    2.0925135867e+03   -8.0947065457e+01    3.5216112968e+01   -2.1373442293e+01    2.9823609582e+00   -1.1453306041e+01   -5.1102678081e+01   -1.1191925700e+01    5.1216716423e+02    7.1573063500e-01    9.9615478516e-01
        74   -4.5645982522e+01    2.0846185863e+03   -8.1303084265e+01    3.5657101744e+01   -2.1646136935e+01    2.8886921141e+00   -1.1442961363e+01   -5.1102678081e+01   -1.1182711524e+01    5.1500693121e+02    7.2071494700e-01    9.9629854369e-01
        75   -4.5693745508e+01    2.0889817060e+03   -8.1310910518e+01    3.5617165010e+01   -2.1806645217e+01    2.9565628549e+00   -1.1358150075e+01   -5.1102678081e+01   -1.1103592251e+01    5.1590530230e+02    7.1920923300e-01    9.9721414729e-01
        76   -4.5712825100e+01    2.0907393130e+03   -8.1462454332e+01    3.5749629232e+01   -2.1761910480e+01    2.7862810759e+00   -1.1384146847e+01   -5.1102678081e+01   -1.1128939233e+01    5.1406034588e+02    7.1580793700e-01    9.9702091440e-01
        77   -4.5720585271e+01    2.0917062887e+03   -8.1505809326e+01    3.5785224055e+01   -2.1759505231e+01    2.7353491006e+00   -1.1378975115e+01   -5.1102678081e+01   -1.1124152794e+01    5.1515203524e+02    7.1985194500e-01    9.9720873786e-01
        78   -4.5701579986e+01    2.0900327042e+03   -8.1265887145e+01    3.5564307159e+01   -2.1647787713e+01    2.8472037605e+00   -1.1362625112e+01   -5.1102678081e+01   -1.1103832729e+01    5.1809077921e+02    7.2713120000e-01    9.9625965251e-01
        79   -4.5690389449e+01    2.0889088293e+03   -8.1336305507e+01    3.5645916058e+01   -2.1475536859e+01    2.6223302713e+00   -1.1380420838e+01   -5.1102678081e+01   -1.1124801652e+01    5.1699177811e+02    8.4711388100e-01    9.9776353965e-01
        80   -4.5711947057e+01    2.0907504663e+03   -8.1286364302e+01    3.5574417246e+01   -2.1524137551e+01    2.7380917670e+00   -1.1397640437e+01   -5.1102678081e+01   -1.1143470465e+01    5.1600380807e+02    7.3902566800e-01    9.9697189922e-01
        81   -4.5757297209e+01    2.0949088964e+03   -8.1348980525e+01    3.5591683316e+01   -2.1677219812e+01    2.8767953565e+00   -1.1445877989e+01   -5.1102678081e+01   -1.1186574449e+01    5.2020547718e+02    7.4116100200e-01    9.9573317308e-01
        82   -4.5734278117e+01    2.0927866019e+03   -8.1197809699e+01    3.5463531582e+01   -2.1755847079e+01    2.9011287915e+00   -1.1240413330e+01   -5.1102678081e+01   -1.0978522082e+01    5.2024726611e+02    7.3632208400e-01    9.9603365385e-01
        83   -4.5678072164e+01    2.0876523506e+03   -8.1634375937e+01    3.5956303773e+01   -2.1740783935e+01    2.6843943138e+00   -1.1475308235e+01   -5.1102678081e+01   -1.1202752941e+01    5.1700782215e+02    7.2693534000e-01    9.9667553191e-01
        84   -4.5702423155e+01    2.0899769051e+03   -8.1708625254e+01    3.6006202098e+01   -2.1917378358e+01    2.8180966993e+00   -1.1506665514e+01   -5.1102678081e+01   -1.1232017456e+01    5.2097341264e+02    7.2750327800e-01    9.9646113244e-01
        85   -4.5699024110e+01    2.0895263646e+03   -8.1422454034e+01    3.5723429924e+01   -2.1854317817e+01    2.9134308379e+00   -1.1378888974e+01   -5.1102678081e+01   -1.1108064159e+01    5.2095270386e+02    7.2985982400e-01    9.9700095969e-01
        86   -4.5653234744e+01    2.0854336919e+03   -8.1328753905e+01    3.5675519161e+01   -2.1823116648e+01    2.7839558277e+00   -1.1186915004e+01   -5.1102678081e+01   -1.0908108246e+01    5.1985330812e+02    7.1606218300e-01    9.9675480769e-01
        87   -4.5720022255e+01    2.0914872693e+03   -8.1508516475e+01    3.5788494219e+01   -2.1893739374e+01    2.8246831965e+00   -1.1336782216e+01   -5.1102678081e+01   -1.1057591599e+01    5.1993492505e+02    7.1972780200e-01    9.9675480769e-01
        88   -4.5671368181e+01    2.0869777936e+03   -8.1483770982e+01    3.5812402801e+01   -2.1949830123e+01    2.8608208786e+00   -1.1292083656e+01   -5.1102678081e+01   -1.1010638446e+01    5.1794432905e+02    7.2100883200e-01    9.9698359073e-01
        89   -4.5650081297e+01    2.0850583615e+03   -8.1548317982e+01    3.5898236685e+01   -2.2047922350e+01    2.8063397235e+00   -1.1204057275e+01   -5.1102678081e+01   -1.0924472625e+01    5.1880213162e+02    8.1943881300e-01    9.9674855491e-01
        90   -4.5710563962e+01    2.0906998733e+03   -8.1553372383e+01    3.5842808422e+01   -2.2270021580e+01    3.1844868856e+00   -1.1365159608e+01   -5.1102678081e+01   -1.1089955324e+01    5.1988727589e+02    7.3928883800e-01    9.9693509615e-01
        91   -4.5746042018e+01    2.0939307966e+03   -8.1683718153e+01    3.5937676135e+01   -2.2141052939e+01    2.9546965818e+00   -1.1394683715e+01   -5.1102678081e+01   -1.1124878246e+01    5.1716613959e+02    7.4289807400e-01    9.9691731141e-01
        92   -4.5726429478e+01    2.0920382841e+03   -8.1917557157e+01    3.6191127679e+01   -2.2206189896e+01    2.8311086886e+00   -1.1439797869e+01   -5.1102678081e+01   -1.1175518403e+01    5.2220160135e+02    7.3983510100e-01    9.9628831418e-01
        93   -4.5701421706e+01    2.0899947634e+03   -8.1787912121e+01    3.6086490414e+01   -2.2442342350e+01    3.1124840670e+00   -1.1355375757e+01   -5.1102678081e+01   -1.1086541670e+01    5.2200961508e+02    7.3309003400e-01    9.9706657088e-01
        94   -4.5671716828e+01    2.0873966000e+03   -8.2065042176e+01    3.6393325348e+01   -2.2757510865e+01    3.1980832242e+00   -1.1402936454e+01   -5.1102678081e+01   -1.1136406308e+01    5.2287346521e+02    7.2191073800e-01    9.9707217973e-01
        95   -4.5670220968e+01    2.0871047959e+03   -8.1718460411e+01    3.6048239443e+01   -2.2560548804e+01    3.2556039991e+00   -1.1310837525e+01   -5.1102678081e+01   -1.1041126776e+01    5.2277849162e+02    7.3511793400e-01    9.9677342256e-01
        96   -4.5667927261e+01    2.0870002547e+03   -8.2071254551e+01    3.6403327290e+01   -2.2885983953e+01    3.2644865979e+00   -1.1347079115e+01   -5.1102678081e+01   -1.1076913024e+01    5.2177263998e+02    7.2395516300e-01    9.9712643678e-01
        97   -4.5702129531e+01    2.0900099484e+03   -8.2088621755e+01    3.6386492224e+01   -2.2791832051e+01    3.1330078229e+00   -1.1327119446e+01   -5.1102678081e+01   -1.1057374448e+01    5.2391364019e+02    7.4375395500e-01    9.9618320611e-01
        98   -4.5674963907e+01    2.0875430912e+03   -8.1939025096e+01    3.6264061189e+01   -2.2749095096e+01    3.1856242639e+00   -1.1272876183e+01   -5.1102678081e+01   -1.0995868417e+01    5.2486570096e+02    7.9362755500e-01    9.9630952381e-01
        99   -4.5725243241e+01    2.0922335419e+03   -8.1857380966e+01    3.6132137725e+01   -2.2657458359e+01    3.2249352245e+00   -1.1322179750e+01   -5.1102678081e+01   -1.1045539356e+01    5.2490574295e+02    8.4189579400e-01    9.9755952381e-01
       100   -4.5732599405e+01    2.0927840372e+03   -8.1888172600e+01    3.6155573195e+01   -2.2645929251e+01    3.1921278791e+00   -1.1331693147e+01   -5.1102678081e+01   -1.1059609694e+01    5.2610256483e+02    7.5717004300e-01    9.9685123574e-01
       101   -4.5716623060e+01    2.0911717055e+03   -8.2172459305e+01    3.6455836245e+01   -2.2767526751e+01    3.1169656662e+00   -1.1419220139e+01   -5.1102678081e+01   -1.1154817093e+01    5.2905833668e+02    7.6447069600e-01    9.9616020794e-01
       102   -4.5738327305e+01    2.0933504167e+03   -8.2196648237e+01    3.6458320932e+01   -2.2711273279e+01    2.9817312049e+00   -1.1364428082e+01   -5.1102678081e+01   -1.1100992934e+01    5.2700732468e+02    7.5614739800e-01    9.9685721063e-01
       103   -4.5675096551e+01    2.0873903798e+03   -8.1931008692e+01    3.6255912141e+01   -2.2773190954e+01    3.2818173864e+00   -1.1336957043e+01   -5.1102678081e+01   -1.1074165373e+01    5.2995218880e+02    7.5057601400e-01    9.9646226415e-01
       104   -4.5692955128e+01    2.0891292960e+03   -8.2111721072e+01    3.6418765945e+01   -2.2772416646e+01    3.2037458513e+00   -1.1440372197e+01   -5.1102678081e+01   -1.1179218183e+01    5.2877350400e+02    7.6029268700e-01    9.9574669187e-01
       105   -4.5701235462e+01    2.0898449144e+03   -8.1866176424e+01    3.6164940962e+01   -2.2468304934e+01    3.1092298550e+00   -1.1404423264e+01   -5.1102678081e+01   -1.1136050731e+01    5.2588976713e+02    7.5428976500e-01    9.9720769962e-01
       106   -4.5633861964e+01    2.0835349038e+03   -8.1874683673e+01    3.6240821709e+01   -2.2441844368e+01    3.1768859335e+00   -1.1507047158e+01   -5.1102678081e+01   -1.1242760869e+01    5.2477359134e+02    7.4587160700e-01    9.9702380952e-01
       107   -4.5709569218e+01    2.0905656713e+03   -8.2096804282e+01    3.6387235064e+01   -2.2609281491e+01    3.1202049385e+00   -1.1505049648e+01   -5.1102678081e+01   -1.1244031410e+01    5.2275626258e+02    7.3394679200e-01    9.9653441683e-01
       108   -4.5671251858e+01    2.0869218854e+03   -8.1921557729e+01    3.6250305870e+01   -2.2442800842e+01    3.1411310711e+00   -1.1517209877e+01   -5.1102678081e+01   -1.1247694582e+01    5.2288649248e+02    7.2724489100e-01    9.9784894837e-01
       109   -4.5702907373e+01    2.0899126666e+03   -8.1805251433e+01    3.6102344060e+01   -2.2425946152e+01    3.1361069332e+00   -1.1412734133e+01   -5.1102678081e+01   -1.1141949793e+01    5.2390271963e+02    8.2852791200e-01    9.9689885496e-01
       110   -4.5739872507e+01    2.0934050021e+03   -8.1860036179e+01    3.6120163672e+01   -2.2422461396e+01    3.1470835008e+00   -1.1481980203e+01   -5.1102678081e+01   -1.1210238218e+01    5.2303091463e+02    7.3373723200e-01    9.9677342256e-01
       111   -4.5703778995e+01    2.0902164817e+03   -8.1683348858e+01    3.5979569863e+01   -2.2438993619e+01    3.2985597583e+00   -1.1440236916e+01   -5.1102678081e+01   -1.1162656659e+01    5.2504250611e+02    7.5513282500e-01    9.9732142857e-01
       112   -4.5728631864e+01    2.0923941392e+03   -8.1587571296e+01    3.5858939432e+01   -2.2401115495e+01    3.3975212404e+00   -1.1481298961e+01   -5.1102678081e+01   -1.1208324147e+01    5.2703450119e+02    7.4686088500e-01    9.9650142315e-01
       113   -4.5693912143e+01    2.0890095632e+03   -8.1517497774e+01    3.5823585631e+01   -2.2353555174e+01    3.3906482379e+00   -1.1451912756e+01   -5.1102678081e+01   -1.1183011978e+01    5.2594370460e+02    7.3979793300e-01    9.9572243346e-01
       114   -4.5702833773e+01    2.0898725421e+03   -8.1791599108e+01    3.6088765335e+01   -2.2599370595e+01    3.4245550845e+00   -1.1514105516e+01   -5.1102678081e+01   -1.1248682094e+01    5.2591874550e+02    7.5714705600e-01    9.9661359316e-01
       115   -4.5629428229e+01    2.0831608262e+03   -8.2130000980e+01    3.6500572751e+01   -2.2967644660e+01    3.4280989038e+00   -1.1487777143e+01   -5.1102678081e+01   -1.1218184871e+01    5.2576425281e+02    7.5648724100e-01    9.9613830798e-01
       116   -4.5619622958e+01    2.0821668756e+03   -8.1870450732e+01    3.6250827775e+01   -2.2679294473e+01    3.3755346981e+00   -1.1464012877e+01   -5.1102678081e+01   -1.1198628765e+01    5.2549191201e+02    7.4802644500e-01    9.9702946768e-01
       117   -4.5685905331e+01    2.0882971194e+03   -8.1884705050e+01    3.6198799719e+01   -2.2441024544e+01    3.0473534461e+00   -1.1388355871e+01   -5.1102678081e+01   -1.1126968158e+01    5.2968378260e+02    7.5226327400e-01    9.9722877358e-01
       118   -4.5735320739e+01    2.0928866534e+03   -8.2079323046e+01    3.6344002308e+01   -2.2582627444e+01    3.0177014777e+00   -1.1411718998e+01   -5.1102678081e+01   -1.1150405818e+01    5.3494236896e+02    7.5625297700e-01    9.9696261682e-01
       119   -4.5766728279e+01    2.0959925731e+03   -8.2293703645e+01    3.6526975366e+01   -2.2728596061e+01    3.0054236250e+00   -1.1467853128e+01   -5.1102678081e+01   -1.1209027386e+01    5.3808381688e+02    8.4784965400e-01    9.9692146840e-01
       120   -4.5744057841e+01    2.0938226358e+03   -8.2218217725e+01    3.6474159883e+01   -2.2488458678e+01    2.8136981479e+00   -1.1440779113e+01   -5.1102678081e+01   -1.1185508744e+01    5.3608897679e+02    7.5660219100e-01    9.9650186567e-01
       121   -4.5765459673e+01    2.0957979936e+03   -8.1727695044e+01    3.5962235372e+01   -2.2324228090e+01    3.1147834454e+00   -1.1415572318e+01   -5.1102678081e+01   -1.1150042313e+01    5.3609196954e+02    7.5316882000e-01    9.9702658582e-01
       122   -4.5737097003e+01    2.0930121380e+03   -8.1731849422e+01    3.5994752419e+01   -2.2181270003e+01    2.9392221542e+00   -1.1387123493e+01   -5.1102678081e+01   -1.1117383149e+01    5.3705499046e+02    7.5910210400e-01    9.9732309125e-01
       123   -4.5709012405e+01    2.0903884197e+03   -8.1687770385e+01    3.5978757980e+01   -2.2453280499e+01    3.2665506379e+00   -1.1398362443e+01   -5.1102678081e+01   -1.1132360267e+01    5.3689522574e+02    7.6707174400e-01    9.9714851024e-01
       124   -4.5743713270e+01    2.0936098099e+03   -8.1737351070e+01    3.5993637800e+01   -2.2340338487e+01    3.0842330572e+00   -1.1378567559e+01   -5.1102678081e+01   -1.1109058332e+01    5.3590645183e+02    7.8350367800e-01    9.9632695896e-01
       125   -4.5761652901e+01    2.0952745745e+03   -8.1898036145e+01    3.6136383244e+01   -2.2397757810e+01    3.0073217678e+00   -1.1404922022e+01   -5.1102678081e+01   -1.1133667517e+01    5.3412779762e+02    7.6834086200e-01    9.9701544944e-01
       126   -4.5746866284e+01    2.0940778751e+03   -8.1583528030e+01    3.5836661745e+01   -2.2451296752e+01    3.2616077261e+00   -1.1291160922e+01   -5.1102678081e+01   -1.1018684465e+01    5.3708047161e+02    7.7480060400e-01    9.9621741155e-01
       127   -4.5729478733e+01    2.0923926029e+03   -8.1652003650e+01    3.5922524917e+01   -2.2234946889e+01    3.0262120799e+00   -1.1340590760e+01   -5.1102678081e+01   -1.1071636396e+01    5.3296834892e+02    7.5420350700e-01    9.9659943715e-01
       128   -4.5714246407e+01    2.0908798334e+03   -8.1355918092e+01    3.5641671686e+01   -2.2238146261e+01    3.2314138787e+00   -1.1246507629e+01   -5.1102678081e+01   -1.0976610511e+01    5.2599893718e+02    7.5216492100e-01    9.9655418251e-01
       129   -4.5714902375e+01    2.0910073507e+03   -8.1391210668e+01    3.5676308293e+01   -2.2013288097e+01    3.0849467644e+00   -1.1360191255e+01   -5.1102678081e+01   -1.1094891087e+01    5.2697320488e+02    8.4662028700e-01    9.9762808349e-01
       130   -4.5708088793e+01    2.0902956104e+03   -8.1260877048e+01    3.5552788255e+01   -2.1893878900e+01    3.0963105807e+00   -1.1360630647e+01   -5.1102678081e+01   -1.1093313828e+01    5.2793053216e+02    7.4245755400e-01    9.9668560606e-01
       131   -4.5694265666e+01    2.0890134084e+03   -8.1109161008e+01    3.5414895342e+01   -2.1650950646e+01    3.0047221355e+00   -1.1360254416e+01   -5.1102678081e+01   -1.1100705477e+01    5.2689003255e+02    7.4057544200e-01    9.9703510436e-01
       132   -4.5704717026e+01    2.0898971882e+03   -8.1167191387e+01    3.5462474361e+01   -2.1450595220e+01    2.7680833378e+00   -1.1382001424e+01   -5.1102678081e+01   -1.1121735980e+01    5.2987805593e+02    7.4754259700e-01    9.9687500000e-01
       133   -4.5677679695e+01    2.0874803306e+03   -8.1193910404e+01    3.5516230709e+01   -2.1491511104e+01    2.8212043555e+00   -1.1420925574e+01   -5.1102678081e+01   -1.1156245075e+01    5.3278517825e+02    7.6637460300e-01    9.9648217636e-01
       134   -4.5617955297e+01    2.0821114926e+03   -8.1537429782e+01    3.5919474484e+01   -2.1596295839e+01    2.5930171887e+00   -1.1431473050e+01   -5.1102678081e+01   -1.1167025943e+01    5.3454252291e+02    7.7660646400e-01    9.9696261682e-01
       135   -4.5608756902e+01    2.0813820383e+03   -8.1599922912e+01    3.5991166011e+01   -2.1854102133e+01    2.8798521707e+00   -1.1522994869e+01   -5.1102678081e+01   -1.1253657324e+01    5.3334427343e+02    7.5876843500e-01    9.9678136704e-01
       136   -4.5682494870e+01    2.0880921455e+03   -8.1554587328e+01    3.5872092458e+01   -2.1792055669e+01    2.8070701953e+00   -1.1466923773e+01   -5.1102678081e+01   -1.1193360823e+01    5.3252768093e+02    7.5108892500e-01    9.9689258912e-01
       137   -4.5689230403e+01    2.0885879226e+03   -8.1398731383e+01    3.5709500981e+01   -2.1818265292e+01    2.9279443478e+00   -1.1405732358e+01   -5.1102678081e+01   -1.1137949244e+01    5.3272840731e+02    8.0624273600e-01    9.9706848030e-01
       138   -4.5701354217e+01    2.0898607960e+03   -8.1580863721e+01    3.5879509504e+01   -2.1778574567e+01    2.7080207755e+00   -1.1407631849e+01   -5.1102678081e+01   -1.1139092133e+01    5.3180405797e+02    7.4938650200e-01    9.9694548872e-01
       139   -4.5660261373e+01    2.0859992758e+03   -8.1503244759e+01    3.5842983386e+01   -2.1840448401e+01    2.8338841013e+00   -1.1394002379e+01   -5.1102678081e+01   -1.1122915513e+01    5.3176837366e+02    8.3231689000e-01    9.9688674812e-01
       140   -4.5640649297e+01    2.0841729066e+03   -8.1241404037e+01    3.5600754739e+01   -2.1580856188e+01    2.8850546091e+00   -1.1442924376e+01   -5.1102678081e+01   -1.1172894059e+01    5.3158487128e+02    7.4695048000e-01    9.9682800752e-01
       141   -4.5582291241e+01    2.0790515554e+03   -8.1390093418e+01    3.5807802176e+01   -2.1603734483e+01    2.6946347094e+00   -1.1378315563e+01   -5.1102678081e+01   -1.1110066277e+01    5.3234834152e+02    7.4303923600e-01    9.9665806754e-01
       142   -4.5652544265e+01    2.0853071492e+03   -8.1808017230e+01    3.6155472966e+01   -2.1787697603e+01    2.6685089464e+00   -1.1586150492e+01   -5.1102678081e+01   -1.1321021492e+01    5.3039116353e+02    7.4104739900e-01    9.9611581921e-01
       143   -4.5645124693e+01    2.0846830539e+03   -8.1667933571e+01    3.6022808877e+01   -2.1835221335e+01    2.8429704331e+00   -1.1573004588e+01   -5.1102678081e+01   -1.1309676617e+01    5.2759530837e+02    7.3717693900e-01    9.9615293561e-01
       144   -4.5692910513e+01    2.0890345394e+03   -8.1415587685e+01    3.5722677172e+01   -2.1634441014e+01    2.8707374090e+00   -1.1549205999e+01   -5.1102678081e+01   -1.1287080159e+01    5.2771246673e+02    7.3913467100e-01    9.9668560606e-01
       145   -4.5725963028e+01    2.0921589449e+03   -8.1403173467e+01    3.5677210439e+01   -2.1645595909e+01    2.8422916669e+00   -1.1497191144e+01   -5.1102678081e+01   -1.1238683372e+01    5.2593642427e+02    7.4129857500e-01    9.9643536122e-01
       146   -4.5662894646e+01    2.0865289739e+03   -8.1615556238e+01    3.5952661592e+01   -2.1596564853e+01    2.5424402085e+00   -1.1458753512e+01   -5.1102678081e+01   -1.1202061394e+01    5.2490763513e+02    7.4459629700e-01    9.9642857143e-01
       147   -4.5651919863e+01    2.0852030582e+03   -8.1434036519e+01    3.5782116656e+01   -2.1441410071e+01    2.6105735324e+00   -1.1500521899e+01   -5.1102678081e+01   -1.1238413279e+01    5.2167236881e+02    7.4829931900e-01    9.9658764368e-01
       148   -4.5648849069e+01    2.0848377825e+03   -8.1232026361e+01    3.5583177292e+01   -2.1349139290e+01    2.7182538698e+00   -1.1498462859e+01   -5.1102678081e+01   -1.1231666699e+01    5.2268314054e+02    7.5574654300e-01    9.9743068834e-01
       149   -4.5654047019e+01    2.0854803242e+03   -8.0838560392e+01    3.5184513374e+01   -2.1468192753e+01    3.2185613296e+00   -1.1486250888e+01   -5.1102678081e+01   -1.1222741991e+01    5.2469810451e+02    8.4939491600e-01    9.9666666667e-01
       150   -4.5676869069e+01    2.0874834039e+03   -8.0725700574e+01    3.5048831505e+01   -2.1491558078e+01    3.3399702180e+00   -1.1471434633e+01   -5.1102678081e+01   -1.1207002142e+01    5.2472370482e+02    7.5403738600e-01    9.9696428571e-01
       151   -4.5715551404e+01    2.0910478511e+03   -8.0668119858e+01    3.4952568453e+01   -2.1433000074e+01    3.2406766364e+00   -1.1373118339e+01   -5.1102678081e+01   -1.1111353875e+01    5.2188540007e+02    7.4806911500e-01    9.9718630268e-01
       152   -4.5680123634e+01    2.0878457393e+03   -8.0790217700e+01    3.5110094066e+01   -2.1654870708e+01    3.2893533612e+00   -1.1322022272e+01   -5.1102678081e+01   -1.1064189126e+01    5.1992089576e+02    7.3483473000e-01    9.9699519231e-01
       153   -4.5717509643e+01    2.0914965531e+03   -8.0665516136e+01    3.4948006493e+01   -2.1519252754e+01    3.2548010855e+00   -1.1298386386e+01   -5.1102678081e+01   -1.1031038918e+01    5.1895778036e+02    7.2537515100e-01    9.9692919075e-01
       154   -4.5735793642e+01    2.0930109435e+03   -8.0753927607e+01    3.5018133965e+01   -2.1570017290e+01    3.2676695228e+00   -1.1348901758e+01   -5.1102678081e+01   -1.1082949680e+01    5.2011993959e+02    7.3145427300e-01    9.9669471154e-01
       155   -4.5735976469e+01    2.0931198405e+03   -8.0985472913e+01    3.5249496444e+01   -2.1725349082e+01    3.2109404560e+00   -1.1368386205e+01   -5.1102678081e+01   -1.1099676254e+01    5.1918167020e+02    7.2097956800e-01    9.9584537572e-01
       156   -4.5679736826e+01    2.0881092800e+03   -8.0898871264e+01    3.5219134438e+01   -2.1832660550e+01    3.3681397787e+00   -1.1331672411e+01   -5.1102678081e+01   -1.1059523143e+01    5.2001025701e+02    7.2539371300e-01    9.9651442308e-01
       157   -4.5691748343e+01    2.0889480296e+03   -8.0935605490e+01    3.5243857148e+01   -2.1912572928e+01    3.4082117577e+00   -1.1328566239e+01   -5.1102678081e+01   -1.1054664763e+01    5.1890337809e+02    7.4511644900e-01    9.9735067437e-01
       158   -4.5688407481e+01    2.0886082031e+03   -8.0842686557e+01    3.5154279075e+01   -2.1721369786e+01    3.3303543676e+00   -1.1348993058e+01   -5.1102678081e+01   -1.1075806878e+01    5.1990349934e+02    7.2057002200e-01    9.9717548077e-01
       159   -4.5703189577e+01    2.0900232707e+03   -8.1042670523e+01    3.5339480947e+01   -2.2049901363e+01    3.4652496124e+00   -1.1355340692e+01   -5.1102678081e+01   -1.1081975146e+01    5.1794353765e+02    8.1945537000e-01    9.9662162162e-01
       160   -4.5786830662e+01    2.0977012266e+03   -8.0972521065e+01    3.5185690403e+01   -2.2057679932e+01    3.5286070428e+00   -1.1340770095e+01   -5.1102678081e+01   -1.1075598421e+01    5.1626769860e+02    7.2411991500e-01    9.9624515504e-01
       161   -4.5771948715e+01    2.0962705001e+03   -8.1029054192e+01    3.5257105476e+01   -2.1959411077e+01    3.4305327647e+00   -1.1397497798e+01   -5.1102678081e+01   -1.1138648189e+01    5.1543057823e+02    7.3376314700e-01    9.9617718447e-01
       162   -4.5777922073e+01    2.0968086434e+03   -8.0720220416e+01    3.4942298343e+01   -2.1683136222e+01    3.5103231410e+00   -1.1444729254e+01   -5.1102678081e+01   -1.1183628396e+01    5.1638724478e+02    7.3588918200e-01    9.9691133721e-01
       163   -4.5763518227e+01    2.0956926839e+03   -8.0995501412e+01    3.5231983185e+01   -2.1648378873e+01    3.1656361448e+00   -1.1410080603e+01   -5.1102678081e+01   -1.1147066443e+01    5.1735275796e+02    7.2732899600e-01    9.9679642166e-01
       164   -4.5729392272e+01    2.0929457659e+03   -8.0749203149e+01    3.5019810877e+01   -2.1667666724e+01    3.4818185065e+00   -1.1460676850e+01   -5.1102678081e+01   -1.1197462692e+01    5.1720715823e+02    7.2766776100e-01    9.9715909091e-01
       165   -4.5706841515e+01    2.0905389925e+03   -8.0650990121e+01    3.4944148606e+01   -2.1644021114e+01    3.4728707909e+00   -1.1377161716e+01   -5.1102678081e+01   -1.1118611533e+01    5.1805764329e+02    7.2808873300e-01    9.9638030888e-01
       166   -4.5719588397e+01    2.0916520199e+03   -8.0748141363e+01    3.5028552966e+01   -2.1848484596e+01    3.4777223265e+00   -1.1274701013e+01   -5.1102678081e+01   -1.1013260527e+01    5.2003925884e+02    7.3145152100e-01    9.9603365385e-01
       167   -4.5716235027e+01    2.0911129211e+03   -8.0976215886e+01    3.5259980859e+01   -2.1958711201e+01    3.3780052520e+00   -1.1292831856e+01   -5.1102678081e+01   -1.1030922707e+01    5.2201652404e+02    7.3097360600e-01    9.9742576628e-01
       168   -4.5717514084e+01    2.0912234981e+03   -8.0986789834e+01    3.5269275750e+01   -2.1746385500e+01    3.1572061037e+00   -1.1294932357e+01   -5.1102678081e+01   -1.1029345904e+01    5.2100212332e+02    7.2109355700e-01    9.9712092131e-01
       169   -4.5704650628e+01    2.0900676914e+03   -8.1095324006e+01    3.5390673377e+01   -2.1743597452e+01    3.0134726570e+00   -1.1262521129e+01   -5.1102678081e+01   -1.0996599737e+01    5.1998340187e+02    8.1902762400e-01    9.9627403846e-01
       170   -4.5679190978e+01    2.0877061781e+03   -8.0923781923e+01    3.5244590945e+01   -2.1698476144e+01    3.1574492403e+00   -1.1280076938e+01   -5.1102678081e+01   -1.1010847219e+01    5.1888976087e+02    7.2232923200e-01    9.9717003854e-01
       171   -4.5742536960e+01    2.0935005376e+03   -8.1080054037e+01    3.5337517078e+01   -2.1907665889e+01    3.2123020917e+00   -1.1282012159e+01   -5.1102678081e+01   -1.1020202979e+01    5.1900077731e+02    7.2412231700e-01    9.9662813102e-01
       172   -4.5709920667e+01    2.0906501547e+03   -8.1079335448e+01    3.5369414781e+01   -2.2034730168e+01    3.2600703691e+00   -1.1201997568e+01   -5.1102678081e+01   -1.0935030004e+01    5.1510528233e+02    7.3180379900e-01    9.9726941748e-01
       173   -4.5631896647e+01    2.0833265013e+03   -8.1264718402e+01    3.5632821754e+01   -2.2231196249e+01    3.3001375259e+00   -1.1230981598e+01   -5.1102678081e+01   -1.0963563846e+01    5.1583703783e+02    7.2753735400e-01    9.9697189922e-01
       174   -4.5643714612e+01    2.0844610533e+03   -8.1101175094e+01    3.5457460482e+01   -2.2196076596e+01    3.5039638475e+00   -1.1306384265e+01   -5.1102678081e+01   -1.1042738630e+01    5.1765911901e+02    7.3024167600e-01    9.9638030888e-01
       175   -4.5638192159e+01    2.0840494796e+03   -8.0944801684e+01    3.5306609525e+01   -2.1832157159e+01    3.3248841438e+00   -1.1334850588e+01   -5.1102678081e+01   -1.1074130081e+01    5.1568919037e+02    7.2915924400e-01    9.9636627907e-01
       176   -4.5660750452e+01    2.0861271118e+03   -8.0983737276e+01    3.5322986824e+01   -2.1617013780e+01    3.0002672025e+00   -1.1264312617e+01   -5.1102678081e+01   -1.1000215449e+01    5.1771370290e+02    7.3730618400e-01    9.9698359073e-01
       177   -4.5681882394e+01    2.0882177831e+03   -8.1272794090e+01    3.5590911696e+01   -2.1720457055e+01    2.8530499731e+00   -1.1302708927e+01   -5.1102678081e+01   -1.1037455367e+01    5.1780775590e+02    7.7622480400e-01    9.9662162162e-01
       178   -4.5625639903e+01    2.0830067593e+03   -8.0954286252e+01    3.5328646349e+01   -2.1725437336e+01    3.1101677050e+00   -1.1236338540e+01   -5.1102678081e+01   -1.0971080525e+01    5.1673996468e+02    7.5908237900e-01    9.9709864603e-01
       179   -4.5643583204e+01    2.0845506662e+03   -8.1240008254e+01    3.5596425050e+01   -2.1743103504e+01    2.9098038612e+00   -1.1304030530e+01   -5.1102678081e+01   -1.1044579561e+01    5.1863305928e+02    8.3425885000e-01    9.9692919075e-01
       180   -4.5670953398e+01    2.0870510159e+03   -8.1743862322e+01    3.6072908924e+01   -2.2043428353e+01    2.8025208519e+00   -1.1400276740e+01   -5.1102678081e+01   -1.1149135664e+01    5.2073939809e+02    7.4551624100e-01    9.9640115163e-01
       181   -4.5671936267e+01    2.0870739660e+03   -8.1519132913e+01    3.5847196646e+01   -2.1885889449e+01    2.7807997033e+00   -1.1311365087e+01   -5.1102678081e+01   -1.1058400938e+01    5.1883272385e+02    7.3531025000e-01    9.9710982659e-01
       182   -4.5722863076e+01    2.0917542223e+03   -8.1435081022e+01    3.5712217946e+01   -2.1848249460e+01    2.9164300486e+00   -1.1400583529e+01   -5.1102678081e+01   -1.1149645258e+01    5.1497962222e+02    7.2270349400e-01    9.9696601942e-01
       183   -4.5753521101e+01    2.0945350212e+03   -8.1222590246e+01    3.5469069145e+01   -2.1724662055e+01    2.8469375315e+00   -1.1242187642e+01   -5.1102678081e+01   -1.0991872696e+01    5.1720604628e+02    7.2476873500e-01    9.9649419729e-01
       184   -4.5709155189e+01    2.0905320774e+03   -8.0792513353e+01    3.5083358164e+01   -2.1421224703e+01    2.7937449433e+00   -1.1062355512e+01   -5.1102678081e+01   -1.0813475594e+01    5.1815246358e+02    7.2729377700e-01    9.9698359073e-01
       185   -4.5741715547e+01    2.0936083916e+03   -8.1198582424e+01    3.5456866877e+01   -2.1469362993e+01    2.6362861822e+00   -1.1262827532e+01   -5.1102678081e+01   -1.1020760861e+01    5.1814688817e+02    7.2524727500e-01    9.9644063707e-01
       186   -4.5718073158e+01    2.0913587802e+03   -8.1299186858e+01    3.5581113699e+01   -2.1603458217e+01    2.6690833962e+00   -1.1262133956e+01   -5.1102678081e+01   -1.1018362292e+01    5.2012055562e+02    7.2172175300e-01    9.9717548077e-01
       187   -4.5717131237e+01    2.0910931819e+03   -8.1429260742e+01    3.5712129506e+01   -2.1880102898e+01    2.8664468168e+00   -1.1312926580e+01   -5.1102678081e+01   -1.1071772358e+01    5.2304362601e+02    7.3571038700e-01    9.9617590822e-01
       188   -4.5770875009e+01    2.0962729659e+03   -8.1501957966e+01    3.5731082957e+01   -2.2049298453e+01    2.9631602656e+00   -1.1313141697e+01   -5.1102678081e+01   -1.1071897245e+01    5.2014238462e+02    7.2082232500e-01    9.9699519231e-01
       189   -4.5692885900e+01    2.0888458109e+03   -8.1343476704e+01    3.5650590804e+01   -2.1803112117e+01    2.9669631970e+00   -1.1404649703e+01   -5.1102678081e+01   -1.1163496048e+01    5.1910048253e+02    8.1739880600e-01    9.9686897881e-01
       190   -4.5677681228e+01    2.0876732045e+03   -8.1327536774e+01    3.5649855546e+01   -2.1868049665e+01    2.9875908066e+00   -1.1344399835e+01   -5.1102678081e+01   -1.1102485680e+01    5.1687151848e+02    7.1843028500e-01    9.9734042553e-01
       191   -4.5676925918e+01    2.0876516926e+03   -8.1543766028e+01    3.5866840110e+01   -2.2051789424e+01    3.0223820901e+00   -1.1411680613e+01   -5.1102678081e+01   -1.1169194163e+01    5.1887093234e+02    7.3885833900e-01    9.9680876686e-01
       192   -4.5706741415e+01    2.0901978523e+03   -8.1443977220e+01    3.5737235805e+01   -2.2047552428e+01    3.2424733332e+00   -1.1536220044e+01   -5.1102678081e+01   -1.1290689161e+01    5.2091844005e+02    7.2795418400e-01    9.9700095969e-01
       193   -4.5687101384e+01    2.0884067181e+03   -8.1739107042e+01    3.6052005658e+01   -2.1984083275e+01    2.8942755413e+00   -1.1546621227e+01   -5.1102678081e+01   -1.1301685488e+01    5.2092653235e+02    7.2857860400e-01    9.9670105566e-01
       194   -4.5705556991e+01    2.0909128028e+03   -8.1576629091e+01    3.5871072100e+01   -2.1882710175e+01    2.9077024207e+00   -1.1498943256e+01   -5.1102678081e+01   -1.1250960281e+01    5.2184507258e+02    7.3114075400e-01    9.9676724138e-01
       195   -4.5751275275e+01    2.0944727749e+03   -8.1729426279e+01    3.5978151004e+01   -2.1950187933e+01    2.7973951302e+00   -1.1473955395e+01   -5.1102678081e+01   -1.1228092267e+01    5.1796861147e+02    7.3365213300e-01    9.9650096525e-01
       196   -4.5750533086e+01    2.0944615478e+03   -8.1232203945e+01    3.5481670859e+01   -2.1714279838e+01    2.9220588018e+00   -1.1337304827e+01   -5.1102678081e+01   -1.1098388229e+01    5.2022869940e+02    7.5879241700e-01    9.9717548077e-01
       197   -4.5699542051e+01    2.0896619875e+03   -8.0890352809e+01    3.5190810758e+01   -2.1378470155e+01    2.9399557917e+00   -1.1349160364e+01   -5.1102678081e+01   -1.1102812164e+01    5.2105425558e+02    7.4152593200e-01    9.9712092131e-01
       198   -4.5689389791e+01    2.0886605288e+03   -8.1065929010e+01    3.5376539219e+01   -2.1611032232e+01    2.9975529882e+00   -1.1349771685e+01   -5.1102678081e+01   -1.1098433901e+01    5.2191328883e+02    7.5297639700e-01    9.9676724138e-01
       199   -4.5677902142e+01    2.0878085403e+03   -8.1078561785e+01    3.5400659643e+01   -2.1680445231e+01    3.1137365801e+00   -1.1409175053e+01   -5.1102678081e+01   -1.1154787488e+01    5.2181548363e+02    8.6055364900e-01    9.9706657088e-01
       200   -4.5672477637e+01    2.0872148724e+03   -8.1070894436e+01    3.5398416798e+01   -2.1843927036e+01    3.2308679206e+00   -1.1355157239e+01   -5.1102678081e+01   -1.1096079271e+01    5.2179656407e+02    7.3567533000e-01    9.9604885057e-01
       201   -4.5733629141e+01    2.0927164189e+03   -8.1270697037e+01    3.5537067896e+01   -2.1958883255e+01    3.2656784927e+00   -1.1474814194e+01   -5.1102678081e+01   -1.1214745344e+01    5.2193037468e+02    7.3240911800e-01    9.9706657088e-01
       202   -4.5751274514e+01    2.0943824157e+03   -8.1249528225e+01    3.5498253711e+01   -2.2085540421e+01    3.3108000116e+00   -1.1372109734e+01   -5.1102678081e+01   -1.1112598799e+01    5.2116668099e+02    7.2581253300e-01    9.9640115163e-01
       203   -4.5704744253e+01    2.0901030146e+03   -8.1604079036e+01    3.5899334782e+01   -2.2126067941e+01    2.9497912059e+00   -1.1325124220e+01   -5.1102678081e+01   -1.1068208216e+01    5.2410209689e+02    7.3331615000e-01    9.9666030534e-01
       204   -4.5745944351e+01    2.0941196560e+03   -8.1511874808e+01    3.5765930457e+01   -2.2228271937e+01    3.1782480268e+00   -1.1359172816e+01   -5.1102678081e+01   -1.1102084786e+01    5.2402096364e+02    7.4210266400e-01    9.9677958015e-01
       205   -4.5742966605e+01    2.0936603925e+03   -8.1416623321e+01    3.5673656716e+01   -2.2255758030e+01    3.2614340862e+00   -1.1319621296e+01   -5.1102678081e+01   -1.1069619483e+01    5.2312319130e+02    7.3455604400e-01    9.9671367113e-01
       206   -4.5747330697e+01    2.0940607967e+03   -8.1216365774e+01    3.5469035078e+01   -2.2503494900e+01    3.6192420268e+00   -1.1229434820e+01   -5.1102678081e+01   -1.0978590470e+01    5.2919089213e+02    7.3641232900e-01    9.9645557656e-01
       207   -4.5755379005e+01    2.0945764522e+03   -8.1391074121e+01    3.5635695116e+01   -2.2363728015e+01    3.3365541169e+00   -1.1261222142e+01   -5.1102678081e+01   -1.1005989241e+01    5.2814271028e+02    7.4635895100e-01    9.9757339015e-01
       208   -4.5655944748e+01    2.0856762616e+03   -8.1147462181e+01    3.5491517432e+01   -2.2255362445e+01    3.5150067708e+00   -1.1304428425e+01   -5.1102678081e+01   -1.1046363272e+01    5.3189937168e+02    7.5222465800e-01    9.9706296992e-01
       209   -4.5711548285e+01    2.0906412796e+03   -8.1344218080e+01    3.5632669795e+01   -2.2179479538e+01    3.2995307249e+00   -1.1361591185e+01   -5.1102678081e+01   -1.1098642596e+01    5.3471782193e+02    8.4802188900e-01    9.9737149533e-01
       210   -4.5656953363e+01    2.0856087814e+03   -8.1277070631e+01    3.5620117268e+01   -2.2093689072e+01    3.3152013362e+00   -1.1395904814e+01   -5.1102678081e+01   -1.1130820902e+01    5.3269095697e+02    7.4843286000e-01    9.9706848030e-01
       211   -4.5748767219e+01    2.0940657227e+03   -8.1330279772e+01    3.5581512553e+01   -2.2250337739e+01    3.3589940161e+00   -1.1336257968e+01   -5.1102678081e+01   -1.1069953935e+01    5.3082187288e+02    7.4612258400e-01    9.9705743879e-01
       212   -4.5713391490e+01    2.0908762344e+03   -8.1479666511e+01    3.5766275021e+01   -2.2423311591e+01    3.3444249034e+00   -1.1298101742e+01   -5.1102678081e+01   -1.1025537243e+01    5.3198280002e+02    7.4932239700e-01    9.9682800752e-01
       213   -4.5693544041e+01    2.0889645767e+03   -8.1327116229e+01    3.5633572188e+01   -2.2282912840e+01    3.5252682984e+00   -1.1466793606e+01   -5.1102678081e+01   -1.1199933835e+01    5.2982253121e+02    7.4550020400e-01    9.9610849057e-01
       214   -4.5665098327e+01    2.0863783930e+03   -8.1207879955e+01    3.5542781628e+01   -2.2093407766e+01    3.4661320914e+00   -1.1477926199e+01   -5.1102678081e+01   -1.1218800861e+01    5.2972950359e+02    7.4806011000e-01    9.9722877358e-01
       215   -4.5727325454e+01    2.0920343971e+03   -8.1625651847e+01    3.5898326393e+01   -2.2239514785e+01    3.2519751983e+00   -1.1535434179e+01   -5.1102678081e+01   -1.1274908756e+01    5.2783309358e+02    7.3778471000e-01    9.9644886364e-01
       216   -4.5665096099e+01    2.0863496114e+03   -8.1396358475e+01    3.5731262376e+01   -2.2311072465e+01    3.4638155247e+00   -1.1446423454e+01   -5.1102678081e+01   -1.1188203525e+01    5.2583137062e+02    7.4435894200e-01    9.9714828897e-01
       217   -4.5704804236e+01    2.0899522847e+03   -8.1382635843e+01    3.5677831607e+01   -2.2178774660e+01    3.3699416420e+00   -1.1471124745e+01   -5.1102678081e+01   -1.1210754623e+01    5.2579280706e+02    7.7607737900e-01    9.9631653992e-01
       218   -4.5706708041e+01    2.0904204793e+03   -8.1270645997e+01    3.5563937956e+01   -2.2110800804e+01    3.4575063884e+00   -1.1514673501e+01   -5.1102678081e+01   -1.1254706795e+01    5.2489165083e+02    7.5230783200e-01    9.9678571429e-01
       219   -4.5701202897e+01    2.0897055372e+03   -8.1679531214e+01    3.5978328317e+01   -2.2400695721e+01    3.2633932080e+00   -1.1439550619e+01   -5.1102678081e+01   -1.1171081889e+01    5.2488455253e+02    8.6367622900e-01    9.9684523810e-01
       220   -4.5702237439e+01    2.0897150129e+03   -8.1412694706e+01    3.5710457267e+01   -2.2247220842e+01    3.3120160648e+00   -1.1374811848e+01   -5.1102678081e+01   -1.1103793604e+01    5.2690997262e+02    7.6889106800e-01    9.9685721063e-01
       221   -4.5673315582e+01    2.0871997160e+03   -8.1358809442e+01    3.5685493860e+01   -2.2089710020e+01    3.1900147539e+00   -1.1356436095e+01   -5.1102678081e+01   -1.1082043532e+01    5.2979848399e+02    7.6999625700e-01    9.9610849057e-01
       222   -4.5723773294e+01    2.0919225145e+03   -8.1543780397e+01    3.5820007102e+01   -2.2087288225e+01    3.0889334537e+00   -1.1442747544e+01   -5.1102678081e+01   -1.1168678563e+01    5.2881894084e+02    7.6264051000e-01    9.9645557656e-01
       223   -4.5629005127e+01    2.0831952397e+03   -8.1526723789e+01    3.5897718662e+01   -2.2005887829e+01    3.0420465223e+00   -1.1460204401e+01   -5.1102678081e+01   -1.1182421204e+01    5.2976825066e+02    7.5675105800e-01    9.9658018868e-01
       224   -4.5634469130e+01    2.0836566755e+03   -8.1522146892e+01    3.5887677761e+01   -2.1921188014e+01    2.9886935815e+00   -1.1486974378e+01   -5.1102678081e+01   -1.1212756047e+01    5.2847383033e+02    7.5087731100e-01    9.9604206049e-01
       225   -4.5673291368e+01    2.0871714786e+03   -8.1671505620e+01    3.5998214252e+01   -2.2023156734e+01    2.7918349104e+00   -1.1337505715e+01   -5.1102678081e+01   -1.1066006194e+01    5.2763221675e+02    7.3905693300e-01    9.9668560606e-01
       226   -4.5631289784e+01    2.0833650852e+03   -8.1374296949e+01    3.5743007165e+01   -2.2054890940e+01    3.1359224602e+00   -1.1352650389e+01   -5.1102678081e+01   -1.1078018287e+01    5.2560622142e+02    7.4579604200e-01    9.9768298479e-01
       227   -4.5688705613e+01    2.0888362983e+03   -8.1337443504e+01    3.5648737892e+01   -2.1877850785e+01    3.0815300955e+00   -1.1438444733e+01   -5.1102678081e+01   -1.1173981252e+01    5.2569249521e+02    7.4526554700e-01    9.9661359316e-01
       228   -4.5695489026e+01    2.0893478454e+03   -8.1431106305e+01    3.5735617279e+01   -2.1989401675e+01    3.0558101985e+00   -1.1394836747e+01   -5.1102678081e+01   -1.1127384772e+01    5.2784020730e+02    7.5536609800e-01    9.9709990530e-01
       229   -4.5690046489e+01    2.0888009924e+03   -8.1386312560e+01    3.5696266071e+01   -2.2096942762e+01    3.2133582736e+00   -1.1400049991e+01   -5.1102678081e+01   -1.1133802017e+01    5.2781324851e+02    8.5638723900e-01    9.9709990530e-01
       230   -4.5675278022e+01    2.0873386232e+03   -8.1200697979e+01    3.5525419957e+01   -2.1903811270e+01    3.2762635517e+00   -1.1470472180e+01   -5.1102678081e+01   -1.1206181714e+01    5.2674974107e+02    7.4552206500e-01    9.9620493359e-01
       231   -4.5683764938e+01    2.0880747979e+03   -8.1333625870e+01    3.5649860932e+01   -2.1838669475e+01    3.0727970243e+00   -1.1465075339e+01   -5.1102678081e+01   -1.1199311694e+01    5.2674438753e+02    7.4218432200e-01    9.9650142315e-01
       232   -4.5690483469e+01    2.0888730705e+03   -8.1149002454e+01    3.5458518985e+01   -2.1761030665e+01    3.2399798349e+00   -1.1525273543e+01   -5.1102678081e+01   -1.1260439772e+01    5.2780793968e+02    7.4063844600e-01    9.9721827652e-01
       233   -4.5728582183e+01    2.0923086249e+03   -8.1287023109e+01    3.5558440926e+01   -2.1545739492e+01    2.9691654329e+00   -1.1607770969e+01   -5.1102678081e+01   -1.1340830817e+01    5.2991794263e+02    7.4525002500e-01    9.9693396226e-01
       234   -4.5756965077e+01    2.0949110709e+03   -8.0826085219e+01    3.5069120143e+01   -2.1452618329e+01    3.3485253763e+00   -1.1619314185e+01   -5.1102678081e+01   -1.1351528211e+01    5.3206890575e+02    7.4292758400e-01    9.9723919173e-01
       235   -4.5735891006e+01    2.0930391423e+03   -8.0815244512e+01    3.5079353505e+01   -2.1476820846e+01    3.4148215652e+00   -1.1650567150e+01   -5.1102678081e+01   -1.1380409059e+01    5.3105095405e+02    7.4425946500e-01    9.9711629002e-01
       236   -4.5659811367e+01    2.0860983083e+03   -8.0840000754e+01    3.5180189387e+01   -2.1509065019e+01    3.3615895704e+00   -1.1589847225e+01   -5.1102678081e+01   -1.1317370885e+01    5.3081368956e+02    7.4262302400e-01    9.9599811676e-01
       237   -4.5623773433e+01    2.0826106597e+03   -8.1030013869e+01    3.5406240436e+01   -2.1407600162e+01    3.0952315771e+00   -1.1614967203e+01   -5.1102678081e+01   -1.1334249988e+01    5.2950700290e+02    7.4560705600e-01    9.9705188679e-01
       238   -4.5656093789e+01    2.0856361277e+03   -8.0936798819e+01    3.5280705030e+01   -2.1634815124e+01    3.4195465765e+00   -1.1618852190e+01   -5.1102678081e+01   -1.1340688281e+01    5.2556047140e+02    7.3824530400e-01    9.9619771863e-01
       239   -4.5641477756e+01    2.0843078603e+03   -8.0715217044e+01    3.5073739288e+01   -2.1508202545e+01    3.5039041413e+00   -1.1608240559e+01   -5.1102678081e+01   -1.1328429121e+01    5.2661880363e+02    8.4966336300e-01    9.9644212524e-01
       240   -4.5618888698e+01    2.0822908790e+03   -8.0910881287e+01    3.5291992588e+01   -2.1595061710e+01    3.4020298722e+00   -1.1615171368e+01   -5.1102678081e+01   -1.1334363120e+01    5.2652823891e+02    7.6219658400e-01    9.9703510436e-01
       241   -4.5625018877e+01    2.0828097790e+03   -8.1026027610e+01    3.5401008733e+01   -2.1626226722e+01    3.2710795238e+00   -1.1568202330e+01   -5.1102678081e+01   -1.1282802867e+01    5.2445892302e+02    7.4538836300e-01    9.9720238095e-01
       242   -4.5685329020e+01    2.0883672263e+03   -8.0837805036e+01    3.5152476016e+01   -2.1281652538e+01    3.0791593668e+00   -1.1532633784e+01   -5.1102678081e+01   -1.1246230697e+01    5.2469793805e+02    7.7612876500e-01    9.9625000000e-01
       243   -4.5694412462e+01    2.0892427453e+03   -8.0783809536e+01    3.5089397074e+01   -2.1466795933e+01    3.2804497938e+00   -1.1494785316e+01   -5.1102678081e+01   -1.1216876931e+01    5.2886292679e+02    7.6121587800e-01    9.9751890359e-01
       244   -4.5684512000e+01    2.0883636918e+03   -8.0606369217e+01    3.4921857217e+01   -2.1369357645e+01    3.3212417852e+00   -1.1455575276e+01   -5.1102678081e+01   -1.1178181117e+01    5.3282931653e+02    7.5923313700e-01    9.9689258912e-01
       245   -4.5741571394e+01    2.0935182525e+03   -8.0844658086e+01    3.5103086691e+01   -2.1608593420e+01    3.3070441262e+00   -1.1440430711e+01   -5.1102678081e+01   -1.1167148071e+01    5.3287555324e+02    7.6725124500e-01    9.9718574109e-01
       246   -4.5712186896e+01    2.0908976092e+03   -8.1091498710e+01    3.5379311814e+01   -2.1711316371e+01    3.1555715804e+00   -1.1433075838e+01   -5.1102678081e+01   -1.1163899897e+01    5.2894557832e+02    7.5475397600e-01    9.9728260870e-01
       247   -4.5803277610e+01    2.0992645941e+03   -8.1344253860e+01    3.5540976250e+01   -2.2043098647e+01    3.2593086775e+00   -1.1457785810e+01   -5.1102678081e+01   -1.1189956260e+01    5.2919338607e+02    7.6051357100e-01    9.9704631380e-01
       248   -4.5767680560e+01    2.0959611132e+03   -8.1112877925e+01    3.5345197365e+01   -2.1850619322e+01    3.2421851796e+00   -1.1401765702e+01   -5.1102678081e+01   -1.1129800386e+01    5.3029302567e+02    7.4228288400e-01    9.9728773585e-01
       249   -4.5750358284e+01    2.0944132880e+03   -8.0869971538e+01    3.5119613255e+01   -2.1747100982e+01    3.3445658521e+00   -1.1364758327e+01   -5.1102678081e+01   -1.1091300347e+01    5.3014064468e+02    8.4154536200e-01    9.9646226415e-01
       250   -4.5706517650e+01    2.0902295864e+03   -8.0900056388e+01    3.5193538738e+01   -2.1747979228e+01    3.3559576334e+00   -1.1405356712e+01   -5.1102678081e+01   -1.1133008203e+01    5.3302072385e+02    7.5022741300e-01    9.9642354597e-01
       251   -4.5677685887e+01    2.0874278213e+03   -8.0810431862e+01    3.5132745974e+01   -2.1661124837e+01    3.3691946209e+00   -1.1415823564e+01   -5.1102678081e+01   -1.1144027177e+01    5.3376308175e+02    7.5419451700e-01    9.9566947566e-01
       252   -4.5741473346e+01    2.0934241646e+03   -8.0658365837e+01    3.4916892491e+01   -2.1592053442e+01    3.4304377015e+00   -1.1394072015e+01   -5.1102678081e+01   -1.1122042181e+01    5.3186558591e+02    7.4897202000e-01    9.9794407895e-01
       253   -4.5723809012e+01    2.0917563055e+03   -8.0823646065e+01    3.5099837053e+01   -2.1521907177e+01    3.2160875459e+00   -1.1415148353e+01   -5.1102678081e+01   -1.1145609098e+01    5.3098635395e+02    7.4335064000e-01    9.9705743879e-01
       254   -4.5706433675e+01    2.0901361153e+03   -8.0631657743e+01    3.4925224068e+01   -2.1422692270e+01    3.3508537201e+00   -1.1457141111e+01   -5.1102678081e+01   -1.1193703497e+01    5.2789965695e+02    7.4361413500e-01    9.9668560606e-01
       255   -4.5708271894e+01    2.0902309308e+03   -8.0885850374e+01    3.5177578480e+01   -2.1399253471e+01    3.1555934457e+00   -1.1539512267e+01   -5.1102678081e+01   -1.1285792391e+01    5.2394276459e+02    7.3881347900e-01    9.9582538168e-01
       256   -4.5675786395e+01    2.0872395954e+03   -8.0640053448e+01    3.4964267053e+01   -2.1317783977e+01    3.2451740168e+00   -1.1464765407e+01   -5.1102678081e+01   -1.1210521173e+01    5.2185030818e+02    7.3385817600e-01    9.9646791188e-01
       257   -4.5715206249e+01    2.0909469336e+03   -8.0859483113e+01    3.5144276864e+01   -2.1513558854e+01    3.1839068542e+00   -1.1427153031e+01   -5.1102678081e+01   -1.1174974641e+01    5.2189094358e+02    8.1528418600e-01    9.9760536398e-01
       258   -4.5697524170e+01    2.0893901250e+03   -8.0926350341e+01    3.5228826171e+01   -2.1486480500e+01    3.1020554583e+00   -1.1439247218e+01   -5.1102678081e+01   -1.1190960364e+01    5.2395649213e+02    7.5524113800e-01    9.9618320611e-01
       259   -4.5739320823e+01    2.0933668456e+03   -8.0937700570e+01    3.5198379746e+01   -2.1361823156e+01    2.9385535710e+00   -1.1411752903e+01   -5.1102678081e+01   -1.1177251257e+01    5.2499295696e+02    8.6581653400e-01    9.9690476190e-01
       260   -4.5695184824e+01    2.0890494858e+03   -8.0695388147e+01    3.5000203323e+01   -2.1504816742e+01    3.1565407983e+00   -1.1244434123e+01   -5.1102678081e+01   -1.1005692448e+01    5.2595339892e+02    7.4367464100e-01    9.9596007605e-01
       261   -4.5675721731e+01    2.0873316355e+03   -8.0533534258e+01    3.4857812527e+01   -2.1501726959e+01    3.3134228674e+00   -1.1242552085e+01   -5.1102678081e+01   -1.1006011629e+01    5.2680277580e+02    7.4738864800e-01    9.9685721063e-01
       262   -4.5681820545e+01    2.0879054124e+03   -8.0574736963e+01    3.4892916418e+01   -2.1104093807e+01    3.0767838978e+00   -1.1444748973e+01   -5.1102678081e+01   -1.1204797648e+01    5.2277811228e+02    7.3549127000e-01    9.9689292543e-01
       263   -4.5730842081e+01    2.0926164064e+03   -8.0614449962e+01    3.4883607880e+01   -2.0898934202e+01    2.8961365844e+00   -1.1508974263e+01   -5.1102678081e+01   -1.1269074756e+01    5.2293051474e+02    7.2213827700e-01    9.9683317400e-01
       264   -4.5750946182e+01    2.0943055865e+03   -8.0678578350e+01    3.4927632168e+01   -2.0970645120e+01    2.8963323732e+00   -1.1501587522e+01   -5.1102678081e+01   -1.1264801167e+01    5.2210142876e+02    7.3713124300e-01    9.9742576628e-01
       265   -4.5711872682e+01    2.0907504357e+03   -8.0984434439e+01    3.5272561757e+01   -2.1202906693e+01    2.8027981815e+00   -1.1481647847e+01   -5.1102678081e+01   -1.1238315922e+01    5.2207767726e+02    7.4396523200e-01    9.9748563218e-01
       266   -4.5739247701e+01    2.0931958606e+03   -8.0872663436e+01    3.5133415735e+01   -2.1423580334e+01    3.0176396059e+00   -1.1364044628e+01   -5.1102678081e+01   -1.1121392108e+01    5.2006793932e+02    7.3953499400e-01    9.9663461538e-01
       267   -4.5696397878e+01    2.0894002591e+03   -8.0982676952e+01    3.5286279074e+01   -2.1524236131e+01    2.9940946115e+00   -1.1349857352e+01   -5.1102678081e+01   -1.1106318283e+01    5.2201494283e+02    7.3862228000e-01    9.9568965517e-01
       268   -4.5729315349e+01    2.0924033533e+03   -8.1095678303e+01    3.5366362954e+01   -2.1813979242e+01    3.1478345874e+00   -1.1326855567e+01   -5.1102678081e+01   -1.1072524105e+01    5.2295911921e+02    7.4349624100e-01    9.9683317400e-01
       269   -4.5727682949e+01    2.0922556047e+03   -8.1006736930e+01    3.5279053981e+01   -2.1625183489e+01    3.0287138770e+00   -1.1307589237e+01   -5.1102678081e+01   -1.1049954518e+01    5.2304824710e+02    8.3507281400e-01    9.9647466539e-01
       270   -4.5741666027e+01    2.0934601615e+03   -8.1165062409e+01    3.5423396382e+01   -2.1756419768e+01    3.0640601312e+00   -1.1370024692e+01   -5.1102678081e+01   -1.1118067082e+01    5.2206577379e+02    7.4574366300e-01    9.9694683908e-01
       271   -4.5751422629e+01    2.0942949206e+03   -8.1069826431e+01    3.5318403803e+01   -2.1809671254e+01    3.3367703915e+00   -1.1494247488e+01   -5.1102678081e+01   -1.1245534125e+01    5.2115073385e+02    7.3241624400e-01    9.9700095969e-01
       272   -4.5715178809e+01    2.0909751126e+03   -8.0953615469e+01    3.5238436660e+01   -2.1529838428e+01    3.1608957854e+00   -1.1481994745e+01   -5.1102678081e+01   -1.1239129695e+01    5.2109556596e+02    7.3133638200e-01    9.9682101727e-01
       273   -4.5703165505e+01    2.0900531550e+03   -8.1035466378e+01    3.5332300874e+01   -2.1488977874e+01    3.0068152369e+00   -1.1450625660e+01   -5.1102678081e+01   -1.1202661409e+01    5.1996453665e+02    7.2632822900e-01    9.9735576923e-01
       274   -4.5599935837e+01    2.0806464011e+03   -8.0851669507e+01    3.5251733670e+01   -2.1338982812e+01    3.0736740206e+00   -1.1483682634e+01   -5.1102678081e+01   -1.1227853145e+01    5.2269910575e+02    7.3600499100e-01    9.9671367113e-01
       275   -4.5675855275e+01    2.0875725979e+03   -8.0619330376e+01    3.4943475101e+01   -2.1188906715e+01    3.0457223717e+00   -1.1373467952e+01   -5.1102678081e+01   -1.1117292944e+01    5.2457096525e+02    7.4016184100e-01    9.9660714286e-01
       276   -4.5693732464e+01    2.0890209670e+03   -8.0362441247e+01    3.4668708784e+01   -2.0870443061e+01    3.1092757227e+00   -1.1498595828e+01   -5.1102678081e+01   -1.1247341870e+01    5.2381434393e+02    7.3525384700e-01    9.9683921756e-01
       277   -4.5703458439e+01    2.0902962594e+03   -8.0130761957e+01    3.4427303518e+01   -2.0930153636e+01    3.3704300739e+00   -1.1468360314e+01   -5.1102678081e+01   -1.1220736843e+01    5.2483899954e+02    7.4426433600e-01    9.9690476190e-01
       278   -4.5685154174e+01    2.0882107277e+03   -8.0079080488e+01    3.4393926314e+01   -2.0830508851e+01    3.3070259897e+00   -1.1452919545e+01   -5.1102678081e+01   -1.1201975218e+01    5.2386168930e+02    7.4980642100e-01    9.9701812977e-01
       279   -4.5761514751e+01    2.0954378734e+03   -8.0239138239e+01    3.4477623489e+01   -2.1096619635e+01    3.4175096188e+00   -1.1457350142e+01   -5.1102678081e+01   -1.1211291421e+01    5.2402573458e+02    8.4686473400e-01    9.9695849237e-01
       280   -4.5768391283e+01    2.0958508585e+03   -8.0141151632e+01    3.4372760349e+01   -2.0808985317e+01    3.1590560106e+00   -1.1388544245e+01   -5.1102678081e+01   -1.1138885758e+01    5.2222920978e+02    7.3202252400e-01    9.9754549808e-01
       281   -4.5713219064e+01    2.0908285057e+03   -8.0305484677e+01    3.4592265613e+01   -2.0777645418e+01    3.0214099178e+00   -1.1446571096e+01   -5.1102678081e+01   -1.1192429827e+01    5.2211489647e+02    7.2569227300e-01    9.9766522989e-01
       282   -4.5737809154e+01    2.0931313013e+03   -8.0355727412e+01    3.4617918258e+01   -2.0753439582e+01    2.9263785033e+00   -1.1425988252e+01   -5.1102678081e+01   -1.1171219801e+01    5.2004844747e+02    6.9081856300e-01    9.9705528846e-01
       283   -4.5663001368e+01    2.0861946439e+03   -8.0717899873e+01    3.5054898505e+01   -2.1148908592e+01    2.9835296972e+00   -1.1449842897e+01   -5.1102678081e+01   -1.1195665008e+01    5.2394733635e+02    5.9637593000e-01    9.9660066794e-01
       284   -4.5706397823e+01    2.0903674988e+03   -8.0616160609e+01    3.4909762786e+01   -2.1134965465e+01    3.0935603533e+00   -1.1472077416e+01   -5.1102678081e+01   -1.1218900702e+01    5.2281929431e+02    5.7624594900e-01    9.9635516252e-01
       285   -4.5690120860e+01    2.0888113774e+03   -8.0888745306e+01    3.5198624446e+01   -2.1238706797e+01    2.9910293420e+00   -1.1538389769e+01   -5.1102678081e+01   -1.1287582143e+01    5.2188732324e+02    5.8009400900e-01    9.9658764368e-01
       286   -4.5708832664e+01    2.0903358839e+03   -8.0899705721e+01    3.5190873057e+01   -2.1048669520e+01    2.7771500951e+00   -1.1525508215e+01   -5.1102678081e+01   -1.1275885149e+01    5.2290303617e+02    5.7474811500e-01    9.9605640535e-01
       287   -4.5695712781e+01    2.0891150462e+03   -8.0974160346e+01    3.5278447566e+01   -2.1138555695e+01    2.8439426667e+00   -1.1576869237e+01   -5.1102678081e+01   -1.1322906991e+01    5.2389736572e+02    5.8438287000e-01    9.9749522901e-01
       288   -4.5655660396e+01    2.0853971035e+03   -8.0816890961e+01    3.5161230565e+01   -2.1213519291e+01    3.0840039002e+00   -1.1584697490e+01   -5.1102678081e+01   -1.1327630755e+01    5.2175485425e+02    5.7765543000e-01    9.9694683908e-01
       289   -4.5683445874e+01    2.0880255786e+03   -8.1022473818e+01    3.5339027944e+01   -2.1381928201e+01    2.9966615410e+00   -1.1534529077e+01   -5.1102678081e+01   -1.1288806689e+01    5.2277518165e+02    6.8094114900e-01    9.9677342256e-01
       290   -4.5665288050e+01    2.0864791111e+03   -8.0685745445e+01    3.5020457395e+01   -2.1120908871e+01    3.0114935210e+00   -1.1473652014e+01   -5.1102678081e+01   -1.1219312544e+01    5.2476270273e+02    5.9527642000e-01    9.9654761905e-01
       291   -4.5714043845e+01    2.0908922603e+03   -8.0725870522e+01    3.5011826677e+01   -2.1204142267e+01    3.1517900017e+00   -1.1570840175e+01   -5.1102678081e+01   -1.1317781419e+01    5.2482647049e+02    5.8806308800e-01    9.9559523810e-01
       292   -4.5735228495e+01    2.0927904565e+03   -8.0520794757e+01    3.4785566262e+01   -2.1308698499e+01    3.2365934185e+00   -1.1346011596e+01   -5.1102678081e+01   -1.1086288360e+01    5.2703035612e+02    6.0058889900e-01    9.9632352941e-01
       293   -4.5708730406e+01    2.0904615661e+03   -8.0753010251e+01    3.5044279844e+01   -2.1335280528e+01    3.0895001046e+00   -1.1404551747e+01   -5.1102678081e+01   -1.1146706742e+01    5.2798467391e+02    6.0081013900e-01    9.9727746212e-01
       294   -4.5767827396e+01    2.0957907473e+03   -8.0490625331e+01    3.4722797936e+01   -2.1137571491e+01    3.1194779825e+00   -1.1369853742e+01   -5.1102678081e+01   -1.1118678398e+01    5.2904835140e+02    5.9739599800e-01    9.9716446125e-01
       295   -4.5748372711e+01    2.0940194565e+03   -8.0612325500e+01    3.4863952789e+01   -2.1205534938e+01    3.0738260395e+00   -1.1377938520e+01   -5.1102678081e+01   -1.1127485997e+01    5.3115880281e+02    6.0629505000e-01    9.9699858757e-01
       296   -4.5753647361e+01    2.0944454643e+03   -8.0833613503e+01    3.5079966141e+01   -2.1249293554e+01    2.9342978218e+00   -1.1415939689e+01   -5.1102678081e+01   -1.1166623439e+01    5.3209514579e+02    5.9577622800e-01    9.9694548872e-01
       297   -4.5738682979e+01    2.0932100501e+03   -8.0839214826e+01    3.5100531846e+01   -2.1334916581e+01    3.0543733203e+00   -1.1455993484e+01   -5.1102678081e+01   -1.1206720295e+01    5.3304546838e+02    5.9324230200e-01    9.9636491557e-01
       298   -4.5741344907e+01    2.0933187114e+03   -8.0784137846e+01    3.5042792938e+01   -2.1312995445e+01    3.0725455966e+00   -1.1441009916e+01   -5.1102678081e+01   -1.1196376848e+01    5.3298861635e+02    5.9217689000e-01    9.9683395872e-01
       299   -4.5732342116e+01    2.0925433695e+03   -8.0849159492e+01    3.5116817376e+01   -2.1638262676e+01    3.2846900883e+00   -1.1392908824e+01   -5.1102678081e+01   -1.1144614189e+01    5.3098736876e+02    6.8313003100e-01    9.9664548023e-01
