#   index    LocalEnergy         LocalEnergy_sq      LocalPotential      Kinetic             LocalECP            NonLocalECP         ElecElec            IonIon              MPC                 BlockWeight         BlockCPU            AcceptRatio         
         0   -4.5747290450e+01    2.0941798476e+03   -8.0530577545e+01    3.4783287095e+01   -2.1334612480e+01    3.3875750893e+00   -1.1480862074e+01   -5.1102678081e+01   -1.1204687851e+01    5.1218123078e+02    7.1931520000e-01    9.9670410156e-01
         1   -4.5713049984e+01    2.0912763455e+03   -8.0567189955e+01    3.4854139970e+01   -2.1214515744e+01    3.2560013198e+00   -1.1505997450e+01   -5.1102678081e+01   -1.1231733514e+01    5.1191256091e+02    7.6513926100e-01    9.9633789062e-01
         2   -4.5693090303e+01    2.0896261729e+03   -8.0699237189e+01    3.5006146886e+01   -2.1272220166e+01    3.0734408799e+00   -1.1397779822e+01   -5.1102678081e+01   -1.1124799975e+01    5.1004931395e+02    7.3342996600e-01    9.9699754902e-01
         3   -4.5691742217e+01    2.0891530139e+03   -8.0916721118e+01    3.5224978901e+01   -2.1232335203e+01    2.8988056385e+00   -1.1480513472e+01   -5.1102678081e+01   -1.1210781381e+01    5.0791401226e+02    7.4099807000e-01    9.9672677866e-01
         4   -4.5711265961e+01    2.0909064890e+03   -8.0735322294e+01    3.5024056333e+01   -2.1373516603e+01    3.2603090672e+00   -1.1519436677e+01   -5.1102678081e+01   -1.1258220627e+01    5.1717581611e+02    7.2346518200e-01    9.9713693957e-01
         5   -4.5766965184e+01    2.0958082082e+03   -8.0849059610e+01    3.5082094426e+01   -2.1356316656e+01    3.1162736522e+00   -1.1506338525e+01   -5.1102678081e+01   -1.1244948012e+01    5.1002757358e+02    6.7948169400e-01    9.9605582524e-01
         6   -4.5761947392e+01    2.0952857456e+03   -8.0703168100e+01    3.4941220707e+01   -2.1073293980e+01    3.0635389824e+00   -1.1590735021e+01   -5.1102678081e+01   -1.1328946503e+01    5.1493510561e+02    6.7942874200e-01    9.9628411306e-01
         7   -4.5700942062e+01    2.0896010378e+03   -8.0344186509e+01    3.4643244446e+01   -2.0567585479e+01    2.8847531279e+00   -1.1558676077e+01   -5.1102678081e+01   -1.1298824049e+01    5.1094771637e+02    6.8666784900e-01    9.9647373541e-01
         8   -4.5730348062e+01    2.0924576254e+03   -8.0435676841e+01    3.4705328779e+01   -2.0582547446e+01    2.8727776289e+00   -1.1623228943e+01   -5.1102678081e+01   -1.1364010176e+01    5.1514950402e+02    6.8613685700e-01    9.9653453307e-01
         9   -4.5626198841e+01    2.0828691790e+03   -8.0360027495e+01    3.4733828654e+01   -2.0573375213e+01    2.9254302486e+00   -1.1609404450e+01   -5.1102678081e+01   -1.1347461826e+01    5.1659587949e+02    7.9964860300e-01    9.9603365385e-01
        10   -4.5676599887e+01    2.0875187004e+03   -8.0931028366e+01    3.5254428478e+01   -2.0732786478e+01    2.5784810414e+00   -1.1674044848e+01   -5.1102678081e+01   -1.1409712124e+01    5.1352922322e+02    6.9004068100e-01    9.9686293436e-01
        11   -4.5696699224e+01    2.0892697628e+03   -8.0472473761e+01    3.4775774537e+01   -2.0721957025e+01    2.9736679649e+00   -1.1621506620e+01   -5.1102678081e+01   -1.1353331784e+01    5.0856574682e+02    6.6545116900e-01    9.9699754902e-01
        12   -4.5705725750e+01    2.0901400817e+03   -8.0317388724e+01    3.4611662973e+01   -2.0513434561e+01    2.8942650460e+00   -1.1595541127e+01   -5.1102678081e+01   -1.1330084935e+01    5.1344530886e+02    6.9084973700e-01    9.9724264706e-01
        13   -4.5753916777e+01    2.0944969320e+03   -8.0327302862e+01    3.4573386085e+01   -2.0671203243e+01    3.1016971060e+00   -1.1655118644e+01   -5.1102678081e+01   -1.1390842744e+01    5.0868497806e+02    7.0512680900e-01    9.9736519608e-01
        14   -4.5686620401e+01    2.0885673517e+03   -8.0425425448e+01    3.4738805047e+01   -2.0645451514e+01    2.9589932970e+00   -1.1636289150e+01   -5.1102678081e+01   -1.1366631895e+01    5.1111242591e+02    6.9611282500e-01    9.9686269685e-01
        15   -4.5777852149e+01    2.0967074201e+03   -8.0302845253e+01    3.4524993104e+01   -2.0491314027e+01    2.9197795860e+00   -1.1628632730e+01   -5.1102678081e+01   -1.1367102554e+01    5.1212101363e+02    6.9353948100e-01    9.9633072407e-01
        16   -4.5702876410e+01    2.0897675872e+03   -8.0283364195e+01    3.4580487784e+01   -2.0499812722e+01    2.9663871687e+00   -1.1647260560e+01   -5.1102678081e+01   -1.1384717319e+01    5.1367590203e+02    6.9444728100e-01    9.9562256809e-01
        17   -4.5735941869e+01    2.0927841198e+03   -8.0130964100e+01    3.4395022232e+01   -2.0402593660e+01    2.9471336693e+00   -1.1572826029e+01   -5.1102678081e+01   -1.1305466977e+01    5.1440367796e+02    7.3955203700e-01    9.9709302326e-01
        18   -4.5750593328e+01    2.0941418177e+03   -8.0173553472e+01    3.4422960145e+01   -2.0569127624e+01    3.0301068005e+00   -1.1531854568e+01   -5.1102678081e+01   -1.1264262901e+01    5.1262883809e+02    7.3313596700e-01    9.9629854369e-01
        19   -4.5721040897e+01    2.0914790079e+03   -7.9998659271e+01    3.4277618374e+01   -2.0437874753e+01    3.1369867110e+00   -1.1595093148e+01   -5.1102678081e+01   -1.1322533540e+01    5.1228930392e+02    7.7889048900e-01    9.9634502924e-01
        20   -4.5709865094e+01    2.0904395359e+03   -7.9929122191e+01    3.4219257097e+01   -2.0656090297e+01    3.4126449172e+00   -1.1582998730e+01   -5.1102678081e+01   -1.1316324699e+01    5.1166457950e+02    6.8692046700e-01    9.9707031250e-01
        21   -4.5688204912e+01    2.0884186018e+03   -8.0222729789e+01    3.4534524878e+01   -2.0732869530e+01    3.2850506704e+00   -1.1672232849e+01   -5.1102678081e+01   -1.1399411658e+01    5.1193223590e+02    6.7185990100e-01    9.9664306641e-01
        22   -4.5749126683e+01    2.0939822206e+03   -8.0218163805e+01    3.4469037123e+01   -2.0598877634e+01    3.1539084145e+00   -1.1670516505e+01   -5.1102678081e+01   -1.1405111452e+01    5.0712641580e+02    6.6902476600e-01    9.9722633136e-01
        23   -4.5736386257e+01    2.0928511230e+03   -7.9974637952e+01    3.4238251695e+01   -2.0457519944e+01    3.2322671625e+00   -1.1646707090e+01   -5.1102678081e+01   -1.1375632103e+01    5.0819721639e+02    6.7008976000e-01    9.9704724409e-01
        24   -4.5704063168e+01    2.0899776187e+03   -8.0292981823e+01    3.4588918655e+01   -2.0350717223e+01    2.8999255751e+00   -1.1739512094e+01   -5.1102678081e+01   -1.1475200974e+01    5.1204189091e+02    6.7647793500e-01    9.9725341797e-01
        25   -4.5705823271e+01    2.0900451693e+03   -8.0299996147e+01    3.4594172876e+01   -2.0510168281e+01    2.9725056156e+00   -1.1659655401e+01   -5.1102678081e+01   -1.1394711322e+01    5.1094887217e+02    6.7458250500e-01    9.9681996086e-01
        26   -4.5726247950e+01    2.0920105348e+03   -8.0425053226e+01    3.4698805276e+01   -2.0712036341e+01    2.8991083421e+00   -1.1509447146e+01   -5.1102678081e+01   -1.1246181870e+01    5.1099495302e+02    6.8512164400e-01    9.9663649706e-01
        27   -4.5686416409e+01    2.0883883481e+03   -8.0403903786e+01    3.4717487377e+01   -2.0906232499e+01    3.1194629659e+00   -1.1514456172e+01   -5.1102678081e+01   -1.1248188810e+01    5.0994539366e+02    6.7793604900e-01    9.9644607843e-01
        28   -4.5714299440e+01    2.0910856433e+03   -8.0579724155e+01    3.4865424715e+01   -2.1054877344e+01    3.2083282483e+00   -1.1630496979e+01   -5.1102678081e+01   -1.1364649403e+01    5.0993969234e+02    6.6980575800e-01    9.9675245098e-01
        29   -4.5717892559e+01    2.0912551412e+03   -8.0727704010e+01    3.5009811451e+01   -2.1262220226e+01    3.2814926219e+00   -1.1644298325e+01   -5.1102678081e+01   -1.1377482673e+01    5.0702232398e+02    7.5550550100e-01    9.9673323471e-01
        30   -4.5759364435e+01    2.0951893425e+03   -8.0824418297e+01    3.5065053862e+01   -2.1313357084e+01    3.2074879827e+00   -1.1615871115e+01   -5.1102678081e+01   -1.1347313604e+01    5.0615702500e+02    6.7567725300e-01    9.9617094862e-01
        31   -4.5721841695e+01    2.0920955603e+03   -8.0936558108e+01    3.5214716413e+01   -2.1327760079e+01    3.0975684444e+00   -1.1603688392e+01   -5.1102678081e+01   -1.1330234773e+01    5.0818799245e+02    6.7728070200e-01    9.9698572835e-01
        32   -4.5817160032e+01    2.1004210481e+03   -8.1301615205e+01    3.5484455173e+01   -2.1678036774e+01    3.0103615721e+00   -1.1531261922e+01   -5.1102678081e+01   -1.1263196448e+01    5.0731659785e+02    6.7395121000e-01    9.9697978304e-01
        33   -4.5773604563e+01    2.0964615852e+03   -8.1303555185e+01    3.5529950623e+01   -2.1772319215e+01    3.1861019853e+00   -1.1614659874e+01   -5.1102678081e+01   -1.1348315503e+01    5.0738190800e+02    6.8689867300e-01    9.9654832347e-01
        34   -4.5799316598e+01    2.0988431532e+03   -8.1333725953e+01    3.5534409354e+01   -2.1731468419e+01    3.1356607107e+00   -1.1635240163e+01   -5.1102678081e+01   -1.1369864881e+01    5.0934006251e+02    6.9236606100e-01    9.9600933202e-01
        35   -4.5822190182e+01    2.1010338044e+03   -8.0828827849e+01    3.5006637667e+01   -2.1524552330e+01    3.4314239971e+00   -1.1633021435e+01   -5.1102678081e+01   -1.1375937655e+01    5.1140514042e+02    6.9131464900e-01    9.9626956947e-01
        36   -4.5830665298e+01    2.1018098158e+03   -8.0988396799e+01    3.5157731500e+01   -2.1453789022e+01    3.2641865792e+00   -1.1696116275e+01   -5.1102678081e+01   -1.1443773486e+01    5.1243303363e+02    6.9683467000e-01    9.9633789062e-01
        37   -4.5791112004e+01    2.0979858923e+03   -8.1035988254e+01    3.5244876250e+01   -2.1451534171e+01    3.2349942793e+00   -1.1716770281e+01   -5.1102678081e+01   -1.1462612913e+01    5.1231831486e+02    6.9717499500e-01    9.9639892578e-01
        38   -4.5847841295e+01    2.1032076950e+03   -8.0689591434e+01    3.4841750139e+01   -2.1310463609e+01    3.3925791545e+00   -1.1669028898e+01   -5.1102678081e+01   -1.1416921448e+01    5.1439285986e+02    6.9367042800e-01    9.9665612840e-01
        39   -4.5793828668e+01    2.0983017216e+03   -8.0585889900e+01    3.4792061231e+01   -2.1261944786e+01    3.4721113861e+00   -1.1693378419e+01   -5.1102678081e+01   -1.1442592590e+01    5.1534025783e+02    7.9283888100e-01    9.9605582524e-01
        40   -4.5782960780e+01    2.0971979931e+03   -8.0812214739e+01    3.5029253959e+01   -2.1170611002e+01    3.1450476532e+00   -1.1683973309e+01   -5.1102678081e+01   -1.1440225302e+01    5.1412390369e+02    6.8273051900e-01    9.9696011673e-01
        41   -4.5821327427e+01    2.1007101070e+03   -8.0756658865e+01    3.4935331438e+01   -2.1216974847e+01    3.2342924845e+00   -1.1671298421e+01   -5.1102678081e+01   -1.1422647776e+01    5.1620424974e+02    6.8662955300e-01    9.9691133721e-01
        42   -4.5774864515e+01    2.0966808187e+03   -8.0865777774e+01    3.5090913259e+01   -2.1265698837e+01    3.0981893440e+00   -1.1595590200e+01   -5.1102678081e+01   -1.1340814245e+01    5.1816762680e+02    6.8275991600e-01    9.9619932432e-01
        43   -4.5802363826e+01    2.0990952316e+03   -8.0749149146e+01    3.4946785321e+01   -2.1356506206e+01    3.3396187750e+00   -1.1629583635e+01   -5.1102678081e+01   -1.1371588358e+01    5.1707545552e+02    6.9734189500e-01    9.9649419729e-01
        44   -4.5789541973e+01    2.0978944984e+03   -8.1032904249e+01    3.5243362276e+01   -2.1567066785e+01    3.2394877618e+00   -1.1602647145e+01   -5.1102678081e+01   -1.1343659831e+01    5.1611283573e+02    6.9331192300e-01    9.9630571705e-01
        45   -4.5809010655e+01    2.0996161591e+03   -8.0912036560e+01    3.5103025904e+01   -2.1223857427e+01    3.0740876180e+00   -1.1659588670e+01   -5.1102678081e+01   -1.1400265889e+01    5.1814286368e+02    6.9754071100e-01    9.9613899614e-01
        46   -4.5818804359e+01    2.1005152976e+03   -8.1305964451e+01    3.5487160093e+01   -2.0964865705e+01    2.5260666301e+00   -1.1764487295e+01   -5.1102678081e+01   -1.1506291044e+01    5.1818537166e+02    7.0573416000e-01    9.9668194981e-01
        47   -4.5776827460e+01    2.0966171263e+03   -8.1047370923e+01    3.5270543464e+01   -2.1196305414e+01    3.0024725296e+00   -1.1750859957e+01   -5.1102678081e+01   -1.1488435315e+01    5.1509589053e+02    6.9428824100e-01    9.9660194175e-01
        48   -4.5794500179e+01    2.0982744541e+03   -8.0973552033e+01    3.5179051854e+01   -2.0884272961e+01    2.7364631619e+00   -1.1723064153e+01   -5.1102678081e+01   -1.1465244933e+01    5.1407742544e+02    6.8876443200e-01    9.9653453307e-01
        49   -4.5826754090e+01    2.1013592458e+03   -8.1133902147e+01    3.5307148057e+01   -2.1179452122e+01    2.8750620827e+00   -1.1726834026e+01   -5.1102678081e+01   -1.1470235243e+01    5.1020339247e+02    7.7838350300e-01    9.9656862745e-01
        50   -4.5831711667e+01    2.1016559398e+03   -8.1227676347e+01    3.5395964680e+01   -2.1189661821e+01    2.7743163034e+00   -1.1709652748e+01   -5.1102678081e+01   -1.1459309589e+01    5.0932619350e+02    6.7519244500e-01    9.9693025540e-01
        51   -4.5860665742e+01    2.1044800265e+03   -8.0984707358e+01    3.5124041616e+01   -2.1160803959e+01    3.0061592562e+00   -1.1727384574e+01   -5.1102678081e+01   -1.1482315068e+01    5.0941802366e+02    6.7602487000e-01    9.9619351670e-01
        52   -4.5779880356e+01    2.0969302150e+03   -8.0730441905e+01    3.4950561548e+01   -2.1229144383e+01    3.1241737992e+00   -1.1522793239e+01   -5.1102678081e+01   -1.1278987469e+01    5.0825334629e+02    6.6723601400e-01    9.9661663386e-01
        53   -4.5743249265e+01    2.0936026961e+03   -8.1005408196e+01    3.5262158932e+01   -2.1441270291e+01    3.1943882643e+00   -1.1655848088e+01   -5.1102678081e+01   -1.1412898957e+01    5.0796643023e+02    6.9021080400e-01    9.9643208661e-01
        54   -4.5783206527e+01    2.0973222453e+03   -8.1059805814e+01    3.5276599287e+01   -2.1525448527e+01    3.1755946737e+00   -1.1607273880e+01   -5.1102678081e+01   -1.1368785238e+01    5.0899391757e+02    6.9303252100e-01    9.9680746562e-01
        55   -4.5757576478e+01    2.0948799694e+03   -8.1134552752e+01    3.5376976274e+01   -2.1562795589e+01    3.2622825626e+00   -1.1731361644e+01   -5.1102678081e+01   -1.1489831315e+01    5.0600340899e+02    6.7712897500e-01    9.9586215415e-01
        56   -4.5732641174e+01    2.0928303611e+03   -8.0675367945e+01    3.4942726771e+01   -2.1262616119e+01    3.3600196166e+00   -1.1670093361e+01   -5.1102678081e+01   -1.1426379868e+01    5.0489274331e+02    6.7354089700e-01    9.9659653465e-01
        57   -4.5721136455e+01    2.0916346042e+03   -8.0702306848e+01    3.4981170393e+01   -2.1305876774e+01    3.3992845917e+00   -1.1693036584e+01   -5.1102678081e+01   -1.1452604030e+01    5.0783459085e+02    6.7817369300e-01    9.9704724409e-01
        58   -4.5692084553e+01    2.0888884515e+03   -8.1260688891e+01    3.5568604338e+01   -2.1323284079e+01    2.9138396334e+00   -1.1748566364e+01   -5.1102678081e+01   -1.1502693485e+01    5.0770926290e+02    6.8248767000e-01    9.9624753937e-01
        59   -4.5753841866e+01    2.0947212922e+03   -8.0855847315e+01    3.5102005449e+01   -2.1208869144e+01    3.2000188789e+00   -1.1744318969e+01   -5.1102678081e+01   -1.1494636195e+01    5.0681907914e+02    7.7696859500e-01    9.9697978304e-01
        60   -4.5747279787e+01    2.0940258159e+03   -8.1103448211e+01    3.5356168424e+01   -2.1134052450e+01    2.8603345843e+00   -1.1727052265e+01   -5.1102678081e+01   -1.1471781638e+01    5.0996868846e+02    7.2909251500e-01    9.9699754902e-01
        61   -4.5811107043e+01    2.1002932901e+03   -8.1105228731e+01    3.5294121687e+01   -2.1155318553e+01    2.8613044491e+00   -1.1708536545e+01   -5.1102678081e+01   -1.1451680019e+01    5.1205740381e+02    6.9030332500e-01    9.9652099609e-01
        62   -4.5790496879e+01    2.0986661111e+03   -8.0953052836e+01    3.5162555957e+01   -2.1146853898e+01    2.9778750988e+00   -1.1681395955e+01   -5.1102678081e+01   -1.1417676270e+01    5.1098636641e+02    6.8394324500e-01    9.9602495108e-01
        63   -4.5749807074e+01    2.0945245858e+03   -8.0925376001e+01    3.5175568927e+01   -2.1446060476e+01    3.2795006420e+00   -1.1656138086e+01   -5.1102678081e+01   -1.1389851979e+01    5.1492819932e+02    6.9846978200e-01    9.9520631068e-01
        64   -4.5750513053e+01    2.0942962283e+03   -8.0865902761e+01    3.5115389708e+01   -2.1571386147e+01    3.3900013081e+00   -1.1581839840e+01   -5.1102678081e+01   -1.1320068427e+01    5.1789113467e+02    7.0605129400e-01    9.9631998069e-01
        65   -4.5789347265e+01    2.0979623253e+03   -8.0999365990e+01    3.5210018725e+01   -2.1797147957e+01    3.4670953972e+00   -1.1566635350e+01   -5.1102678081e+01   -1.1303240298e+01    5.2100488044e+02    7.0053179100e-01    9.9634117083e-01
        66   -4.5734736464e+01    2.0929350050e+03   -8.0996664562e+01    3.5261928098e+01   -2.1777413406e+01    3.4602591406e+00   -1.1576832216e+01   -5.1102678081e+01   -1.1310385570e+01    5.2086666450e+02    6.9587824500e-01    9.9682101727e-01
        67   -4.5739119581e+01    2.0933415391e+03   -8.1034105887e+01    3.5294986306e+01   -2.1916834426e+01    3.4653582330e+00   -1.1479951612e+01   -5.1102678081e+01   -1.1211527715e+01    5.2273211454e+02    6.9649010100e-01    9.9629541109e-01
        68   -4.5779308252e+01    2.0970592191e+03   -8.1126961826e+01    3.5347653575e+01   -2.2023821942e+01    3.4401456466e+00   -1.1440607449e+01   -5.1102678081e+01   -1.1177919156e+01    5.2183087730e+02    6.9780367900e-01    9.9580938697e-01
        69   -4.5791700573e+01    2.0984298296e+03   -8.1108872301e+01    3.5317171728e+01   -2.2150384370e+01    3.5743432327e+00   -1.1430153083e+01   -5.1102678081e+01   -1.1171319902e+01    5.2296430704e+02    7.9678133800e-01    9.9587715105e-01
        70   -4.5780445770e+01    2.0971893294e+03   -8.1155528346e+01    3.5375082577e+01   -2.1990184704e+01    3.3598137454e+00   -1.1422479306e+01   -5.1102678081e+01   -1.1163459315e+01    5.2598290319e+02    7.1542696300e-01    9.9601948669e-01
        71   -4.5763037658e+01    2.0956756946e+03   -8.0847735828e+01    3.5084698170e+01   -2.1588701868e+01    3.3025396563e+00   -1.1458895535e+01   -5.1102678081e+01   -1.1203641666e+01    5.2585935071e+02    7.1213900800e-01    9.9673241445e-01
        72   -4.5749519876e+01    2.0942857513e+03   -8.0938832022e+01    3.5189312146e+01   -2.1646356647e+01    3.2228466973e+00   -1.1412643991e+01   -5.1102678081e+01   -1.1149863154e+01    5.2677376670e+02    7.1320675800e-01    9.9673861480e-01
        73   -4.5778045318e+01    2.0967727010e+03   -8.0631137663e+01    3.4853092345e+01   -2.1586758045e+01    3.4772025300e+00   -1.1418904067e+01   -5.1102678081e+01   -1.1151693458e+01    5.2482675834e+02    6.9625036300e-01    9.9708333333e-01
        74   -4.5788955281e+01    2.0977608678e+03   -8.0844893360e+01    3.5055938079e+01   -2.1499384491e+01    3.1440873347e+00   -1.1386918123e+01   -5.1102678081e+01   -1.1118172778e+01    5.2598815232e+02    7.1190775600e-01    9.9637595057e-01
        75   -4.5714561452e+01    2.0910154040e+03   -8.0887507494e+01    3.5172946042e+01   -2.1606135721e+01    3.2719655554e+00   -1.1450659248e+01   -5.1102678081e+01   -1.1183181176e+01    5.2477846921e+02    7.2998209100e-01    9.9720238095e-01
        76   -4.5749045572e+01    2.0941809422e+03   -8.0933415212e+01    3.5184369640e+01   -2.1862729378e+01    3.4643357638e+00   -1.1432343517e+01   -5.1102678081e+01   -1.1167010489e+01    5.2366111451e+02    7.0692610900e-01    9.9660066794e-01
        77   -4.5735133640e+01    2.0928295138e+03   -8.1074228828e+01    3.5339095189e+01   -2.2004908432e+01    3.3336077573e+00   -1.1300250073e+01   -5.1102678081e+01   -1.1032597311e+01    5.2374556830e+02    7.0321472300e-01    9.9755486641e-01
        78   -4.5726766788e+01    2.0923473105e+03   -8.1244972827e+01    3.5518206039e+01   -2.2091141068e+01    3.3658571818e+00   -1.1417010860e+01   -5.1102678081e+01   -1.1161474121e+01    5.1671482215e+02    6.8970325200e-01    9.9625241779e-01
        79   -4.5744731416e+01    2.0937731117e+03   -8.0928366523e+01    3.5183635106e+01   -2.2029252554e+01    3.5237874432e+00   -1.1320223331e+01   -5.1102678081e+01   -1.1064968084e+01    5.1181130424e+02    7.8284928400e-01    9.9645996094e-01
        80   -4.5759843506e+01    2.0950401550e+03   -8.1103905773e+01    3.5344062267e+01   -2.1898285980e+01    3.3513682734e+00   -1.1454309985e+01   -5.1102678081e+01   -1.1193971664e+01    5.1292387823e+02    6.8461586100e-01    9.9713693957e-01
        81   -4.5736384074e+01    2.0929999181e+03   -8.1098114391e+01    3.5361730317e+01   -2.1626534949e+01    3.0809684008e+00   -1.1449869762e+01   -5.1102678081e+01   -1.1193388850e+01    5.1189887088e+02    6.8261382500e-01    9.9621582031e-01
        82   -4.5777961755e+01    2.0968127174e+03   -8.1000143397e+01    3.5222181643e+01   -2.1640141759e+01    3.1906017648e+00   -1.1447925322e+01   -5.1102678081e+01   -1.1192110864e+01    5.0698349975e+02    6.7213397000e-01    9.9617850099e-01
        83   -4.5750260261e+01    2.0944061459e+03   -8.1208206807e+01    3.5457946546e+01   -2.1746763110e+01    3.2195661315e+00   -1.1578331747e+01   -5.1102678081e+01   -1.1323792520e+01    5.0502812716e+02    6.8893427000e-01    9.9665841584e-01
        84   -4.5787637820e+01    2.0978139699e+03   -8.1070235017e+01    3.5282597197e+01   -2.1810463977e+01    3.3155360724e+00   -1.1472629032e+01   -5.1102678081e+01   -1.1220236133e+01    5.0608268306e+02    6.8358187400e-01    9.9752964427e-01
        85   -4.5770464513e+01    2.0962356349e+03   -8.0829054413e+01    3.5058589900e+01   -2.1806420270e+01    3.5979183035e+00   -1.1517874366e+01   -5.1102678081e+01   -1.1263686332e+01    5.0912590456e+02    6.8480171300e-01    9.9637770138e-01
        86   -4.5736362318e+01    2.0931920223e+03   -8.0874245715e+01    3.5137883398e+01   -2.1773137380e+01    3.5017420754e+00   -1.1500172329e+01   -5.1102678081e+01   -1.1242784101e+01    5.0797109159e+02    6.8771174400e-01    9.9569389764e-01
        87   -4.5741854079e+01    2.0937861201e+03   -8.1114175915e+01    3.5372321836e+01   -2.1774137608e+01    3.2619732140e+00   -1.1499333440e+01   -5.1102678081e+01   -1.1232559787e+01    5.0887877040e+02    6.8353132900e-01    9.9650049116e-01
        88   -4.5758656441e+01    2.0950338182e+03   -8.1438591016e+01    3.5679934575e+01   -2.1824714433e+01    3.1148941431e+00   -1.1626092645e+01   -5.1102678081e+01   -1.1356228053e+01    5.0793199625e+02    6.7566616200e-01    9.9661663386e-01
        89   -4.5738081843e+01    2.0930484671e+03   -8.1358518064e+01    3.5620436220e+01   -2.1576299515e+01    2.9161164842e+00   -1.1595656951e+01   -5.1102678081e+01   -1.1314568595e+01    5.0699101631e+02    7.7548439300e-01    9.9679487179e-01
        90   -4.5762471535e+01    2.0954270555e+03   -8.1271370063e+01    3.5508898527e+01   -2.1613372304e+01    3.0930416498e+00   -1.1648361328e+01   -5.1102678081e+01   -1.1364691549e+01    5.0697862899e+02    6.7075781800e-01    9.9673323471e-01
        91   -4.5803508084e+01    2.0992228347e+03   -8.0986635609e+01    3.5183127525e+01   -2.1545432788e+01    3.3184519286e+00   -1.1656976668e+01   -5.1102678081e+01   -1.1375855044e+01    5.0514583162e+02    6.7395177900e-01    9.9684405941e-01
        92   -4.5768037769e+01    2.0957995414e+03   -8.1264718817e+01    3.5496681048e+01   -2.1567788198e+01    3.1302208803e+00   -1.1724473419e+01   -5.1102678081e+01   -1.1445227063e+01    5.0417169172e+02    6.7693898200e-01    9.9665178571e-01
        93   -4.5777725242e+01    2.0967197151e+03   -8.1402071772e+01    3.5624346530e+01   -2.1914828600e+01    3.2580675989e+00   -1.1642632690e+01   -5.1102678081e+01   -1.1362905015e+01    5.0811891566e+02    6.7712908500e-01    9.9741633858e-01
        94   -4.5766798462e+01    2.0959667846e+03   -8.1308047051e+01    3.5541248589e+01   -2.1624701471e+01    3.0784144449e+00   -1.1659081944e+01   -5.1102678081e+01   -1.1378885874e+01    5.0308541269e+02    6.5500697500e-01    9.9658300199e-01
        95   -4.5681846204e+01    2.0880636171e+03   -8.1340923947e+01    3.5659077743e+01   -2.1423895884e+01    2.9098706004e+00   -1.1724220582e+01   -5.1102678081e+01   -1.1433666745e+01    5.0386866796e+02    6.6886651500e-01    9.9640376984e-01
        96   -4.5743814508e+01    2.0939740518e+03   -8.1164824241e+01    3.5421009734e+01   -2.1096373583e+01    2.8206082639e+00   -1.1786380841e+01   -5.1102678081e+01   -1.1495958771e+01    4.9982092940e+02    6.7236424900e-01    9.9625000000e-01
        97   -4.5761062412e+01    2.0956531053e+03   -8.0964736796e+01    3.5203674384e+01   -2.0948797258e+01    2.8432101710e+00   -1.1756471628e+01   -5.1102678081e+01   -1.1473970417e+01    5.0007672360e+02    6.6126861100e-01    9.9700000000e-01
        98   -4.5679969438e+01    2.0880428935e+03   -8.0688723010e+01    3.5008753572e+01   -2.0993849640e+01    3.0706211922e+00   -1.1662816481e+01   -5.1102678081e+01   -1.1379755585e+01    5.0190872749e+02    6.6509456000e-01    9.9688745020e-01
        99   -4.5738767152e+01    2.0935064585e+03   -8.0702775960e+01    3.4964008808e+01   -2.0877135413e+01    2.8693953583e+00   -1.1592357824e+01   -5.1102678081e+01   -1.1310390835e+01    5.0183735836e+02    7.5524368100e-01    9.9632719124e-01
       100   -4.5663902958e+01    2.0865813876e+03   -8.0695230233e+01    3.5031327275e+01   -2.0986601637e+01    3.0619277710e+00   -1.1667878286e+01   -5.1102678081e+01   -1.1381199390e+01    5.0276349447e+02    6.6257170800e-01    9.9614811133e-01
       101   -4.5701317370e+01    2.0897360263e+03   -8.0603182218e+01    3.4901864848e+01   -2.0996368922e+01    3.1448309729e+00   -1.1648966188e+01   -5.1102678081e+01   -1.1362345091e+01    5.0268353928e+02    6.6508575300e-01    9.9683151093e-01
       102   -4.5718803778e+01    2.0915362317e+03   -8.0491227833e+01    3.4772424056e+01   -2.0889677553e+01    3.1038987708e+00   -1.1602770970e+01   -5.1102678081e+01   -1.1319639017e+01    5.0682635045e+02    6.7436473200e-01    9.9685650888e-01
       103   -4.5722733510e+01    2.0920711048e+03   -8.0473940320e+01    3.4751206809e+01   -2.0929703763e+01    3.3012240736e+00   -1.1742782549e+01   -5.1102678081e+01   -1.1458725388e+01    5.0582896459e+02    7.1840593100e-01    9.9678853755e-01
       104   -4.5728383991e+01    2.0922701968e+03   -8.0679996378e+01    3.4951612386e+01   -2.1001744876e+01    3.2130228607e+00   -1.1788596281e+01   -5.1102678081e+01   -1.1508695660e+01    5.0989401229e+02    7.0788243900e-01    9.9705882353e-01
       105   -4.5783376319e+01    2.0977602485e+03   -8.0594976425e+01    3.4811600106e+01   -2.0930508596e+01    3.1417739551e+00   -1.1703563703e+01   -5.1102678081e+01   -1.1423121024e+01    5.1098264101e+02    6.6738610700e-01    9.9602495108e-01
       106   -4.5808137279e+01    2.0994813019e+03   -8.0627742841e+01    3.4819605562e+01   -2.0865265656e+01    3.0945136112e+00   -1.1754312715e+01   -5.1102678081e+01   -1.1478002592e+01    5.1318270898e+02    6.8791926900e-01    9.9701510721e-01
       107   -4.5770331290e+01    2.0963098663e+03   -8.0586757883e+01    3.4816426594e+01   -2.0811935841e+01    3.1262695115e+00   -1.1798413472e+01   -5.1102678081e+01   -1.1516688770e+01    5.1412074890e+02    6.9553440600e-01    9.9653453307e-01
       108   -4.5789805114e+01    2.0978176551e+03   -8.0645467867e+01    3.4855662752e+01   -2.0700352444e+01    2.9015372913e+00   -1.1743974633e+01   -5.1102678081e+01   -1.1461482845e+01    5.1308661183e+02    6.8754750100e-01    9.9652777778e-01
       109   -4.5834276746e+01    2.1019596485e+03   -8.0613196514e+01    3.4778919768e+01   -2.0643831480e+01    2.8739886089e+00   -1.1740675562e+01   -5.1102678081e+01   -1.1457770375e+01    5.1323907947e+02    7.9383586400e-01    9.9664961014e-01
       110   -4.5805585664e+01    2.0993755335e+03   -8.0628903482e+01    3.4823317817e+01   -2.0576228221e+01    2.7638284551e+00   -1.1713825635e+01   -5.1102678081e+01   -1.1434001647e+01    5.1534383362e+02    6.9351645500e-01    9.9672330097e-01
       111   -4.5704729913e+01    2.0903003341e+03   -8.0719921324e+01    3.5015191411e+01   -2.0445882754e+01    2.5619079111e+00   -1.1733268401e+01   -5.1102678081e+01   -1.1452618764e+01    5.1591089234e+02    6.9603372200e-01    9.9648740310e-01
       112   -4.5731979035e+01    2.0926269905e+03   -8.0466094077e+01    3.4734115042e+01   -2.0265060714e+01    2.5947983074e+00   -1.1693153590e+01   -5.1102678081e+01   -1.1417728569e+01    5.1380219985e+02    6.9222339400e-01    9.9653453307e-01
       113   -4.5801156830e+01    2.0989459264e+03   -8.0326692887e+01    3.4525536057e+01   -2.0305072285e+01    2.6891218147e+00   -1.1608064336e+01   -5.1102678081e+01   -1.1337669094e+01    5.1400809659e+02    6.8457799200e-01    9.9708171206e-01
       114   -4.5791125376e+01    2.0979821519e+03   -8.0433893730e+01    3.4642768354e+01   -2.0157622342e+01    2.5115701979e+00   -1.1685163504e+01   -5.1102678081e+01   -1.1409842059e+01    5.1417792831e+02    6.8260320900e-01    9.9683852140e-01
       115   -4.5750136494e+01    2.0941277077e+03   -8.0734879398e+01    3.4984742904e+01   -2.0367003868e+01    2.4761898797e+00   -1.1741387329e+01   -5.1102678081e+01   -1.1473748380e+01    5.1403995718e+02    6.8754071200e-01    9.9671692607e-01
       116   -4.5716497907e+01    2.0911015665e+03   -8.0619851047e+01    3.4903353140e+01   -2.0587090940e+01    2.8002152786e+00   -1.1730297304e+01   -5.1102678081e+01   -1.1459664874e+01    5.1584432051e+02    6.7957731700e-01    9.9612403101e-01
       117   -4.5675866246e+01    2.0874038408e+03   -8.0524525301e+01    3.4848659055e+01   -2.0685871158e+01    3.0792703485e+00   -1.1815246410e+01   -5.1102678081e+01   -1.1543113383e+01    5.1564097092e+02    6.8506175100e-01    9.9703246124e-01
       118   -4.5724727116e+01    2.0919466833e+03   -8.0695115196e+01    3.4970388081e+01   -2.0782466538e+01    2.9997483454e+00   -1.1809718922e+01   -5.1102678081e+01   -1.1530218573e+01    5.1566866388e+02    7.0611492100e-01    9.9672965116e-01
       119   -4.5670368313e+01    2.0869916293e+03   -8.0374743788e+01    3.4704375475e+01   -2.0829456929e+01    3.3251154656e+00   -1.1767724244e+01   -5.1102678081e+01   -1.1482744821e+01    5.1463236909e+02    7.8202174400e-01    9.9629854369e-01
       120   -4.5663493933e+01    2.0865270504e+03   -8.0532701553e+01    3.4869207621e+01   -2.1104245352e+01    3.3701460791e+00   -1.1695924199e+01   -5.1102678081e+01   -1.1407098207e+01    5.1249638525e+02    6.8039486200e-01    9.9646686160e-01
       121   -4.5679527439e+01    2.0876741640e+03   -8.0512851469e+01    3.4833324030e+01   -2.0843939238e+01    3.1557279851e+00   -1.1721962135e+01   -5.1102678081e+01   -1.1428197530e+01    5.1253499898e+02    6.8956572500e-01    9.9610136452e-01
       122   -4.5637920638e+01    2.0839252084e+03   -8.0430053548e+01    3.4792132910e+01   -2.0588084086e+01    2.9823865368e+00   -1.1721677918e+01   -5.1102678081e+01   -1.1422883141e+01    5.1247404025e+02    6.9565490500e-01    9.9640594542e-01
       123   -4.5665427359e+01    2.0863108369e+03   -8.0163714703e+01    3.4498287344e+01   -2.0621658961e+01    3.1546556201e+00   -1.1594033280e+01   -5.1102678081e+01   -1.1294987954e+01    5.1048652614e+02    6.8262283000e-01    9.9651418787e-01
       124   -4.5657719442e+01    2.0857606962e+03   -8.0472250891e+01    3.4814531449e+01   -2.0797631116e+01    3.0889585155e+00   -1.1660900209e+01   -5.1102678081e+01   -1.1367659362e+01    5.1055558699e+02    6.7781264100e-01    9.9651418787e-01
       125   -4.5643157959e+01    2.0845163672e+03   -8.0414012003e+01    3.4770854044e+01   -2.0922310074e+01    3.2412677354e+00   -1.1630291583e+01   -5.1102678081e+01   -1.1340544699e+01    5.1247526614e+02    6.8139167300e-01    9.9731968811e-01
       126   -4.5683438983e+01    2.0882133104e+03   -8.0517270010e+01    3.4833831027e+01   -2.1046123239e+01    3.3060694463e+00   -1.1674538136e+01   -5.1102678081e+01   -1.1379235816e+01    5.0952893789e+02    6.7577762000e-01    9.9693627451e-01
       127   -4.5669669108e+01    2.0870356104e+03   -8.0483702866e+01    3.4814033758e+01   -2.1000400667e+01    3.2984776040e+00   -1.1679101722e+01   -5.1102678081e+01   -1.1381759858e+01    5.1161992656e+02    6.8733071600e-01    9.9627685547e-01
       128   -4.5662439943e+01    2.0863734647e+03   -8.0490408662e+01    3.4827968719e+01   -2.1002152483e+01    3.3015210270e+00   -1.1687099125e+01   -5.1102678081e+01   -1.1393922371e+01    5.1056150997e+02    6.7936372500e-01    9.9730919765e-01
       129   -4.5704823841e+01    2.0909926731e+03   -8.0441453234e+01    3.4736629393e+01   -2.1116503110e+01    3.4886557429e+00   -1.1710927786e+01   -5.1102678081e+01   -1.1423793991e+01    5.1051559863e+02    7.7868928200e-01    9.9681996086e-01
       130   -4.5693233032e+01    2.0896463324e+03   -8.0892809375e+01    3.5199576343e+01   -2.1400465890e+01    3.3196266770e+00   -1.1709292081e+01   -5.1102678081e+01   -1.1430754374e+01    5.1254523531e+02    6.8108518900e-01    9.9664961014e-01
       131   -4.5658436232e+01    2.0858874012e+03   -8.0761907962e+01    3.5103471730e+01   -2.1213504167e+01    3.2620407141e+00   -1.1707766428e+01   -5.1102678081e+01   -1.1424801598e+01    5.1051914477e+02    6.7587856700e-01    9.9651418787e-01
       132   -4.5659106072e+01    2.0858984985e+03   -8.0540709544e+01    3.4881603472e+01   -2.1315892693e+01    3.5642347966e+00   -1.1686373567e+01   -5.1102678081e+01   -1.1405459559e+01    5.0955356341e+02    7.0071707500e-01    9.9613970588e-01
       133   -4.5667722542e+01    2.0866073534e+03   -8.0777114780e+01    3.5109392238e+01   -2.1427830758e+01    3.4345933911e+00   -1.1681199333e+01   -5.1102678081e+01   -1.1398431377e+01    5.0763094934e+02    6.8096502900e-01    9.9600147638e-01
       134   -4.5690282211e+01    2.0887855460e+03   -8.0886158400e+01    3.5195876189e+01   -2.1278118242e+01    3.1700190344e+00   -1.1675381111e+01   -5.1102678081e+01   -1.1394211857e+01    5.0870206085e+02    6.8449671500e-01    9.9674607073e-01
       135   -4.5638933583e+01    2.0840046481e+03   -8.0741165467e+01    3.5102231884e+01   -2.1412567697e+01    3.4490306971e+00   -1.1674950386e+01   -5.1102678081e+01   -1.1398858253e+01    5.0659914321e+02    6.7787281200e-01    9.9636341223e-01
       136   -4.5711028826e+01    2.0907449919e+03   -8.0818515977e+01    3.5107487151e+01   -2.1406953155e+01    3.2910702931e+00   -1.1599955034e+01   -5.1102678081e+01   -1.1327530636e+01    5.0468611858e+02    6.8031273200e-01    9.9622524752e-01
       137   -4.5700215866e+01    2.0897693896e+03   -8.0681168047e+01    3.4980952182e+01   -2.1345625375e+01    3.3667224022e+00   -1.1599586994e+01   -5.1102678081e+01   -1.1327040432e+01    5.0988878463e+02    7.0196061600e-01    9.9687500000e-01
       138   -4.5752069038e+01    2.0945703292e+03   -8.0500215984e+01    3.4748146946e+01   -2.1358597690e+01    3.5559129981e+00   -1.1594853211e+01   -5.1102678081e+01   -1.1330085885e+01    5.0891200003e+02    6.7285510900e-01    9.9686886051e-01
       139   -4.5748054153e+01    2.0941926624e+03   -8.0783291559e+01    3.5035237406e+01   -2.1356906500e+01    3.4066319424e+00   -1.1730338920e+01   -5.1102678081e+01   -1.1468509365e+01    5.1104152323e+02    7.8177070200e-01    9.9700342466e-01
       140   -4.5721148951e+01    2.0916682354e+03   -8.0839065635e+01    3.5117916684e+01   -2.1366046349e+01    3.3045847275e+00   -1.1674925933e+01   -5.1102678081e+01   -1.1418377568e+01    5.1195332271e+02    6.8611588700e-01    9.9615478516e-01
       141   -4.5702592462e+01    2.0899732947e+03   -8.0946399438e+01    3.5243806977e+01   -2.1395648748e+01    3.2983275685e+00   -1.1746400178e+01   -5.1102678081e+01   -1.1488156858e+01    5.1685363897e+02    6.9338285600e-01    9.9601063830e-01
       142   -4.5738134283e+01    2.0931749897e+03   -8.0776873665e+01    3.5038739382e+01   -2.1123175586e+01    3.2545966857e+00   -1.1805616683e+01   -5.1102678081e+01   -1.1543077208e+01    5.1680572786e+02    6.9698076700e-01    9.9685686654e-01
       143   -4.5754457255e+01    2.0946262228e+03   -8.0654949617e+01    3.4900492362e+01   -2.1055125410e+01    3.2896558034e+00   -1.1786801929e+01   -5.1102678081e+01   -1.1523803902e+01    5.1995897952e+02    7.1093286300e-01    9.9651442308e-01
       144   -4.5713322783e+01    2.0907792675e+03   -8.0469889666e+01    3.4756566882e+01   -2.0984449606e+01    3.3504522217e+00   -1.1733214200e+01   -5.1102678081e+01   -1.1475428379e+01    5.1784622051e+02    6.9173311200e-01    9.9674227799e-01
       145   -4.5728450337e+01    2.0923041217e+03   -8.0386262312e+01    3.4657811975e+01   -2.0972250450e+01    3.4498994548e+00   -1.1761233236e+01   -5.1102678081e+01   -1.1512848723e+01    5.1982854749e+02    6.9516348200e-01    9.9693509615e-01
       146   -4.5750982880e+01    2.0944102049e+03   -8.0509419845e+01    3.4758436965e+01   -2.1100907131e+01    3.4730763004e+00   -1.1778910933e+01   -5.1102678081e+01   -1.1534879278e+01    5.2188845409e+02    7.3696711600e-01    9.9640804598e-01
       147   -4.5750084000e+01    2.0943622906e+03   -8.0238812955e+01    3.4488728954e+01   -2.0761559571e+01    3.3859445328e+00   -1.1760519836e+01   -5.1102678081e+01   -1.1518446518e+01    5.2096366096e+02    7.1258649900e-01    9.9682101727e-01
       148   -4.5707702422e+01    2.0904813723e+03   -8.0312795030e+01    3.4605092608e+01   -2.0703431091e+01    3.2332754101e+00   -1.1739961268e+01   -5.1102678081e+01   -1.1493757531e+01    5.2181651047e+02    6.9233373100e-01    9.9604885057e-01
       149   -4.5751411370e+01    2.0944278831e+03   -8.0489513362e+01    3.4738101991e+01   -2.0778611365e+01    3.2377222235e+00   -1.1845946139e+01   -5.1102678081e+01   -1.1594781597e+01    5.2183673728e+02    7.9471610400e-01    9.9682710728e-01
       150   -4.5822298369e+01    2.1008008594e+03   -8.0633855230e+01    3.4811556860e+01   -2.0643047019e+01    2.9589460044e+00   -1.1847076134e+01   -5.1102678081e+01   -1.1597221699e+01    5.2514861888e+02    7.1203546300e-01    9.9613095238e-01
       151   -4.5789634017e+01    2.0979190533e+03   -8.0732954572e+01    3.4943320555e+01   -2.0791962689e+01    2.9538058871e+00   -1.1792119689e+01   -5.1102678081e+01   -1.1543827207e+01    5.2317014636e+02    6.9764232800e-01    9.9677342256e-01
       152   -4.5759103919e+01    2.0950461653e+03   -8.0735645494e+01    3.4976541574e+01   -2.0884278221e+01    2.9627704808e+00   -1.1711459673e+01   -5.1102678081e+01   -1.1458919660e+01    5.2302735906e+02    6.9628710300e-01    9.9521988528e-01
       153   -4.5719915573e+01    2.0915793280e+03   -8.0437952757e+01    3.4718037184e+01   -2.0785138904e+01    3.1665329340e+00   -1.1716668706e+01   -5.1102678081e+01   -1.1460139238e+01    5.2287131018e+02    6.9185246800e-01    9.9695267686e-01
       154   -4.5713543435e+01    2.0909037312e+03   -8.0261183618e+01    3.4547640183e+01   -2.0614411830e+01    3.2038491139e+00   -1.1747942820e+01   -5.1102678081e+01   -1.1489451793e+01    5.2171654956e+02    6.9553734900e-01    9.9616858238e-01
       155   -4.5726902478e+01    2.0923847147e+03   -8.0113078832e+01    3.4386176355e+01   -2.0693254330e+01    3.3924283417e+00   -1.1709574763e+01   -5.1102678081e+01   -1.1449074883e+01    5.2176794589e+02    6.9640614800e-01    9.9676724138e-01
       156   -4.5682766532e+01    2.0881689111e+03   -8.0599293659e+01    3.4916527127e+01   -2.1044844271e+01    3.2209819909e+00   -1.1672753297e+01   -5.1102678081e+01   -1.1403451844e+01    5.1770870439e+02    6.9375485600e-01    9.9613899614e-01
       157   -4.5759203905e+01    2.0951476365e+03   -8.0679926870e+01    3.4920722966e+01   -2.1205209121e+01    3.2786653000e+00   -1.1650704968e+01   -5.1102678081e+01   -1.1377352004e+01    5.1483416943e+02    6.9405885900e-01    9.9599514563e-01
       158   -4.5758154358e+01    2.0950478913e+03   -8.0716751184e+01    3.4958596826e+01   -2.1218321056e+01    3.1458459712e+00   -1.1541598018e+01   -5.1102678081e+01   -1.1273157012e+01    5.1106085121e+02    6.9850172100e-01    9.9639187867e-01
       159   -4.5742601977e+01    2.0935698218e+03   -8.0801200564e+01    3.5058598587e+01   -2.1369019236e+01    3.2744161405e+00   -1.1603919387e+01   -5.1102678081e+01   -1.1336251765e+01    5.1303266506e+02    7.9029697700e-01    9.9683235867e-01
       160   -4.5786777542e+01    2.0978544069e+03   -8.0913037992e+01    3.5126260449e+01   -2.1615676970e+01    3.4498910704e+00   -1.1644574011e+01   -5.1102678081e+01   -1.1378812337e+01    5.1207036005e+02    6.9147778000e-01    9.9639892578e-01
       161   -4.5719290948e+01    2.0916097885e+03   -8.0712165317e+01    3.4992874370e+01   -2.1534378551e+01    3.6259159178e+00   -1.1701024603e+01   -5.1102678081e+01   -1.1437699295e+01    5.1402414506e+02    6.9117871100e-01    9.9592655642e-01
       162   -4.5743875503e+01    2.0938576971e+03   -8.0682816867e+01    3.4938941364e+01   -2.1534510641e+01    3.6156607700e+00   -1.1661288915e+01   -5.1102678081e+01   -1.1399887393e+01    5.1289233261e+02    6.8750508000e-01    9.9585769981e-01
       163   -4.5764305860e+01    2.0959300577e+03   -8.0610962573e+01    3.4846656714e+01   -2.1415273600e+01    3.5593558704e+00   -1.1652366762e+01   -5.1102678081e+01   -1.1395816753e+01    5.1202916823e+02    6.7995636400e-01    9.9694824219e-01
       164   -4.5758750636e+01    2.0953302802e+03   -8.0645463796e+01    3.4886713160e+01   -2.1383290795e+01    3.5200709324e+00   -1.1679565852e+01   -5.1102678081e+01   -1.1422735266e+01    5.1209137539e+02    6.8789973900e-01    9.9670410156e-01
       165   -4.5763712202e+01    2.0956639828e+03   -8.0603699805e+01    3.4839987603e+01   -2.1314612910e+01    3.5496542879e+00   -1.1736063103e+01   -5.1102678081e+01   -1.1478741428e+01    5.1108435230e+02    6.8636189900e-01    9.9584148728e-01
       166   -4.5761579456e+01    2.0956542500e+03   -8.0229698202e+01    3.4468118746e+01   -2.1015152440e+01    3.6057396999e+00   -1.1717607381e+01   -5.1102678081e+01   -1.1455539878e+01    5.1310486136e+02    6.7971799100e-01    9.9604044834e-01
       167   -4.5755584694e+01    2.0947933135e+03   -8.0236012729e+01    3.4480428036e+01   -2.0867508202e+01    3.4491689892e+00   -1.1714995435e+01   -5.1102678081e+01   -1.1449759740e+01    5.1505673817e+02    6.9525101800e-01    9.9678398058e-01
       168   -4.5691244846e+01    2.0890262614e+03   -8.0252733481e+01    3.4561488634e+01   -2.0906768305e+01    3.5137729975e+00   -1.1757060092e+01   -5.1102678081e+01   -1.1491865254e+01    5.1283989736e+02    6.9096296600e-01    9.9683235867e-01
       169   -4.5696126491e+01    2.0894014528e+03   -8.0179319857e+01    3.4483193366e+01   -2.0722485742e+01    3.3975326254e+00   -1.1751688659e+01   -5.1102678081e+01   -1.1485436320e+01    5.1173900502e+02    7.7769841300e-01    9.9676513672e-01
       170   -4.5720935697e+01    2.0914588816e+03   -7.9990933486e+01    3.4269997790e+01   -2.0497376136e+01    3.3607797974e+00   -1.1751659067e+01   -5.1102678081e+01   -1.1483262134e+01    5.0984344464e+02    6.6619210800e-01    9.9669117647e-01
       171   -4.5803263322e+01    2.0992522671e+03   -8.0074132313e+01    3.4270868991e+01   -2.0424514089e+01    3.2567406420e+00   -1.1803680784e+01   -5.1102678081e+01   -1.1530234254e+01    5.0909036149e+02    6.7668111900e-01    9.9705304519e-01
       172   -4.5742122019e+01    2.0936357288e+03   -8.0021287755e+01    3.4279165736e+01   -2.0576333936e+01    3.4271650797e+00   -1.1769440817e+01   -5.1102678081e+01   -1.1499147831e+01    5.0915948867e+02    6.8896109800e-01    9.9742141454e-01
       173   -4.5747488755e+01    2.0941075538e+03   -8.0082147754e+01    3.4334659000e+01   -2.0565479276e+01    3.3628316540e+00   -1.1776822051e+01   -5.1102678081e+01   -1.1499227821e+01    5.1203733209e+02    6.9698844500e-01    9.9639892578e-01
       174   -4.5771279446e+01    2.0963042534e+03   -8.0167476719e+01    3.4396197273e+01   -2.0817739556e+01    3.5655314704e+00   -1.1812590553e+01   -5.1102678081e+01   -1.1542424699e+01    5.1007756350e+02    6.8174066300e-01    9.9736519608e-01
       175   -4.5736660373e+01    2.0930679647e+03   -8.0293706805e+01    3.4557046431e+01   -2.1007435862e+01    3.5319377909e+00   -1.1715530653e+01   -5.1102678081e+01   -1.1446280054e+01    5.1206512750e+02    6.9153818600e-01    9.9743652344e-01
       176   -4.5730370856e+01    2.0926086593e+03   -8.0580868578e+01    3.4850497722e+01   -2.1147867012e+01    3.4007320451e+00   -1.1731055530e+01   -5.1102678081e+01   -1.1462803708e+01    5.1192353586e+02    6.8397455800e-01    9.9652099609e-01
       177   -4.5713015583e+01    2.0908820197e+03   -8.0571711113e+01    3.4858695530e+01   -2.1022762020e+01    3.2933352382e+00   -1.1739606250e+01   -5.1102678081e+01   -1.1465474128e+01    5.1185635809e+02    6.7320532700e-01    9.9627685547e-01
       178   -4.5732884143e+01    2.0925770136e+03   -8.0257074131e+01    3.4524189988e+01   -2.1002681956e+01    3.5726828134e+00   -1.1724396907e+01   -5.1102678081e+01   -1.1452632422e+01    5.1188085628e+02    6.7566598200e-01    9.9658203125e-01
       179   -4.5806463555e+01    2.0993720679e+03   -8.0275904820e+01    3.4469441264e+01   -2.1186455439e+01    3.7232531198e+00   -1.1710024420e+01   -5.1102678081e+01   -1.1441109373e+01    5.1313161778e+02    7.6987842500e-01    9.9628411306e-01
       180   -4.5759473996e+01    2.0951758717e+03   -8.0557348738e+01    3.4797874741e+01   -2.1322105865e+01    3.5531041564e+00   -1.1685668947e+01   -5.1102678081e+01   -1.1416239382e+01    5.1518706299e+02    6.8139769300e-01    9.9617718447e-01
       181   -4.5742979425e+01    2.0936609180e+03   -8.0517926334e+01    3.4774946910e+01   -2.1231818185e+01    3.4823607991e+00   -1.1665790868e+01   -5.1102678081e+01   -1.1410660865e+01    5.1298374661e+02    6.9540172300e-01    9.9591861598e-01
       182   -4.5789500014e+01    2.0978442325e+03   -8.0653599643e+01    3.4864099629e+01   -2.1117221960e+01    3.2167334759e+00   -1.1650433077e+01   -5.1102678081e+01   -1.1398038119e+01    5.1409383468e+02    6.8669464100e-01    9.9641293774e-01
       183   -4.5725468631e+01    2.0921386352e+03   -8.0236656976e+01    3.4511188345e+01   -2.0947391989e+01    3.4634711978e+00   -1.1650058104e+01   -5.1102678081e+01   -1.1397412700e+01    5.1703146566e+02    6.8856225900e-01    9.9679642166e-01
       184   -4.5752578019e+01    2.0945199043e+03   -8.0479076829e+01    3.4726498810e+01   -2.0891626833e+01    3.1353152159e+00   -1.1620087132e+01   -5.1102678081e+01   -1.1369312322e+01    5.1893147105e+02    7.0222836500e-01    9.9723025048e-01
       185   -4.5769651368e+01    2.0960680135e+03   -8.0462602151e+01    3.4692950783e+01   -2.1027506211e+01    3.2663992547e+00   -1.1598817113e+01   -5.1102678081e+01   -1.1346834502e+01    5.1702141299e+02    6.9450373200e-01    9.9764264990e-01
       186   -4.5739091841e+01    2.0932229995e+03   -8.0607917067e+01    3.4868825227e+01   -2.1003412029e+01    3.1548641681e+00   -1.1656691125e+01   -5.1102678081e+01   -1.1403498188e+01    5.1798036172e+02    6.9826869300e-01    9.9607866795e-01
       187   -4.5783669907e+01    2.0972489039e+03   -8.0312636958e+01    3.4528967052e+01   -2.1077700057e+01    3.4841816943e+00   -1.1616440515e+01   -5.1102678081e+01   -1.1365143787e+01    5.2203630889e+02    7.0827462400e-01    9.9610871648e-01
       188   -4.5764031814e+01    2.0955434053e+03   -8.0177003150e+01    3.4412971336e+01   -2.0989857711e+01    3.5819151600e+00   -1.1666382518e+01   -5.1102678081e+01   -1.1415476778e+01    5.2003719973e+02    6.9899110400e-01    9.9699519231e-01
       189   -4.5753159287e+01    2.0948390223e+03   -8.0299898505e+01    3.4546739217e+01   -2.1042679377e+01    3.4233489255e+00   -1.1577889972e+01   -5.1102678081e+01   -1.1325712479e+01    5.1897847638e+02    8.4732995100e-01    9.9674855491e-01
       190   -4.5776008802e+01    2.0969368161e+03   -8.0256018757e+01    3.4480009955e+01   -2.1112424351e+01    3.5329096542e+00   -1.1573825979e+01   -5.1102678081e+01   -1.1326767549e+01    5.2001152035e+02    7.2573755900e-01    9.9717548077e-01
       191   -4.5789448013e+01    2.0980036612e+03   -8.0534796920e+01    3.4745348907e+01   -2.1256064078e+01    3.3566663281e+00   -1.1532721090e+01   -5.1102678081e+01   -1.1282052013e+01    5.1613262613e+02    6.8140996600e-01    9.9636627907e-01
       192   -4.5846439328e+01    2.1033966820e+03   -8.0541991182e+01    3.4695551853e+01   -2.1370624204e+01    3.4428548266e+00   -1.1511543723e+01   -5.1102678081e+01   -1.1261848753e+01    5.1433915321e+02    6.9587698600e-01    9.9647373541e-01
       193   -4.5834214963e+01    2.1020502718e+03   -8.0624814376e+01    3.4790599412e+01   -2.1350325011e+01    3.3023424561e+00   -1.1474153740e+01   -5.1102678081e+01   -1.1221966906e+01    5.1344693337e+02    6.8038459200e-01    9.9658869396e-01
       194   -4.5861377776e+01    2.1045157958e+03   -8.0700456980e+01    3.4839079204e+01   -2.1388785244e+01    3.3158734249e+00   -1.1524867079e+01   -5.1102678081e+01   -1.1281244443e+01    5.1349243610e+02    6.7774845600e-01    9.9671052632e-01
       195   -4.5833462855e+01    2.1020083309e+03   -8.0603739592e+01    3.4770276737e+01   -2.1319205510e+01    3.3799265757e+00   -1.1561782577e+01   -5.1102678081e+01   -1.1319218357e+01    5.1550276932e+02    6.8166144200e-01    9.9654126214e-01
       196   -4.5794532398e+01    2.0982183615e+03   -8.0788158166e+01    3.4993625767e+01   -2.1229653386e+01    3.1293326054e+00   -1.1585159304e+01   -5.1102678081e+01   -1.1342694458e+01    5.1630361166e+02    6.8551374100e-01    9.9636627907e-01
       197   -4.5765927399e+01    2.0956126062e+03   -8.0944472130e+01    3.5178544731e+01   -2.1428461675e+01    3.1293932058e+00   -1.1542725580e+01   -5.1102678081e+01   -1.1301649982e+01    5.1611610827e+02    6.8759314500e-01    9.9624515504e-01
       198   -4.5808525100e+01    2.0995782005e+03   -8.1218512616e+01    3.5409987516e+01   -2.1715254836e+01    3.1603910522e+00   -1.1560970751e+01   -5.1102678081e+01   -1.1316259486e+01    5.1615611084e+02    6.8471516600e-01    9.9630571705e-01
       199   -4.5792818384e+01    2.0981331351e+03   -8.0835426638e+01    3.5042608254e+01   -2.1573495088e+01    3.3087140973e+00   -1.1467967566e+01   -5.1102678081e+01   -1.1211954876e+01    5.1521810989e+02    7.7617509600e-01    9.9617718447e-01
       200   -4.5802103622e+01    2.0990244175e+03   -8.0617201692e+01    3.4815098070e+01   -2.1407549069e+01    3.4713082984e+00   -1.1578282840e+01   -5.1102678081e+01   -1.1334886905e+01    5.1721624769e+02    6.8362728700e-01    9.9643375242e-01
       201   -4.5845277192e+01    2.1031368522e+03   -8.0859693861e+01    3.5014416669e+01   -2.1450586894e+01    3.4058781973e+00   -1.1712307083e+01   -5.1102678081e+01   -1.1470487599e+01    5.1732332636e+02    6.8587969100e-01    9.9679642166e-01
       202   -4.5822482471e+01    2.1008337277e+03   -8.0798576862e+01    3.4976094391e+01   -2.1359162564e+01    3.3317678692e+00   -1.1668504086e+01   -5.1102678081e+01   -1.1428617352e+01    5.1840713519e+02    6.9358890500e-01    9.9662162162e-01
       203   -4.5857015432e+01    2.1040303850e+03   -8.0831161687e+01    3.4974146255e+01   -2.1513830440e+01    3.4195499103e+00   -1.1634203076e+01   -5.1102678081e+01   -1.1387085727e+01    5.2040357504e+02    7.0003313600e-01    9.9699519231e-01
       204   -4.5852041947e+01    2.1036399760e+03   -8.0726328456e+01    3.4874286508e+01   -2.1205892074e+01    3.2541460124e+00   -1.1671904313e+01   -5.1102678081e+01   -1.1427238641e+01    5.1843418216e+02    7.0013795100e-01    9.9680260618e-01
       205   -4.5853826930e+01    2.1039053905e+03   -8.0773100890e+01    3.4919273960e+01   -2.1203555299e+01    3.2220827763e+00   -1.1688950286e+01   -5.1102678081e+01   -1.1443945258e+01    5.1842897371e+02    6.8930747200e-01    9.9631998069e-01
       206   -4.5828044223e+01    2.1014584992e+03   -8.0836716146e+01    3.5008671923e+01   -2.1307064757e+01    3.3087158998e+00   -1.1735689208e+01   -5.1102678081e+01   -1.1491059464e+01    5.1839844719e+02    6.8712833200e-01    9.9625965251e-01
       207   -4.5817032455e+01    2.1004031930e+03   -8.0680974822e+01    3.4863942367e+01   -2.1271442544e+01    3.5048842690e+00   -1.1811738465e+01   -5.1102678081e+01   -1.1571468039e+01    5.2332011680e+02    7.0020345900e-01    9.9766969407e-01
       208   -4.5832493810e+01    2.1018272248e+03   -8.0735013653e+01    3.4902519844e+01   -2.1170771407e+01    3.3367042094e+00   -1.1798268374e+01   -5.1102678081e+01   -1.1545520691e+01    5.2224669712e+02    7.0467841300e-01    9.9688697318e-01
       209   -4.5803061502e+01    2.0992509247e+03   -8.0608510957e+01    3.4805449454e+01   -2.1022679474e+01    3.2538935587e+00   -1.1737046960e+01   -5.1102678081e+01   -1.1487814918e+01    5.2321682111e+02    8.1856871600e-01    9.9683317400e-01
       210   -4.5782088524e+01    2.0971991797e+03   -8.0530666894e+01    3.4748578371e+01   -2.0720930425e+01    3.1669746698e+00   -1.1874033057e+01   -5.1102678081e+01   -1.1626621166e+01    5.2406575300e+02    7.1033153600e-01    9.9660066794e-01
       211   -4.5725633034e+01    2.0920852360e+03   -8.0709363945e+01    3.4983730911e+01   -2.0851749566e+01    3.1098213220e+00   -1.1864757620e+01   -5.1102678081e+01   -1.1622158721e+01    5.2487668279e+02    7.1672775300e-01    9.9672619048e-01
       212   -4.5814770964e+01    2.1002852341e+03   -8.0820967831e+01    3.5006196867e+01   -2.0972020832e+01    3.1524689753e+00   -1.1898737893e+01   -5.1102678081e+01   -1.1659252327e+01    5.2994271435e+02    7.4023333700e-01    9.9652122642e-01
       213   -4.5753609571e+01    2.0945949007e+03   -8.0504069109e+01    3.4750459539e+01   -2.0910960065e+01    3.3149039319e+00   -1.1805334895e+01   -5.1102678081e+01   -1.1559927535e+01    5.2898205884e+02    7.2402253300e-01    9.9681001890e-01
       214   -4.5768794198e+01    2.0960694716e+03   -8.0305420307e+01    3.4536626109e+01   -2.0647105483e+01    3.3437490225e+00   -1.1899385765e+01   -5.1102678081e+01   -1.1654144557e+01    5.2686701451e+02    7.1242821400e-01    9.9703510436e-01
       215   -4.5785527456e+01    2.0975262604e+03   -8.0258120092e+01    3.4472592636e+01   -2.0569530878e+01    3.2555253098e+00   -1.1841436443e+01   -5.1102678081e+01   -1.1590937439e+01    5.2596405247e+02    7.0772838300e-01    9.9714828897e-01
       216   -4.5730006635e+01    2.0925021171e+03   -8.0570372235e+01    3.4840365600e+01   -2.1060184811e+01    3.4820448959e+00   -1.1889554238e+01   -5.1102678081e+01   -1.1639552337e+01    5.2888941193e+02    7.1387668200e-01    9.9710538752e-01
       217   -4.5754419040e+01    2.0947698970e+03   -8.0717930319e+01    3.4963511279e+01   -2.1054937089e+01    3.3083973245e+00   -1.1868712473e+01   -5.1102678081e+01   -1.1620037108e+01    5.3174630181e+02    7.2297880400e-01    9.9741541353e-01
       218   -4.5760075598e+01    2.0951577008e+03   -8.0500259978e+01    3.4740184380e+01   -2.1113911866e+01    3.5881859874e+00   -1.1871856019e+01   -5.1102678081e+01   -1.1623987437e+01    5.2980196350e+02    7.0912611500e-01    9.9687500000e-01
       219   -4.5721079093e+01    2.0916144874e+03   -8.0336959504e+01    3.4615880411e+01   -2.0952114709e+01    3.5609615638e+00   -1.1843128278e+01   -5.1102678081e+01   -1.1588932764e+01    5.2674685755e+02    7.9448434800e-01    9.9667931689e-01
       220   -4.5724523617e+01    2.0921085210e+03   -8.0565602024e+01    3.4841078407e+01   -2.1115074833e+01    3.4550791826e+00   -1.1802928292e+01   -5.1102678081e+01   -1.1544078749e+01    5.2467101493e+02    6.9948770300e-01    9.9654761905e-01
       221   -4.5759608259e+01    2.0952050848e+03   -8.0662744124e+01    3.4903135865e+01   -2.1301063625e+01    3.6076465048e+00   -1.1866648923e+01   -5.1102678081e+01   -1.1611569510e+01    5.2479177287e+02    6.9862744000e-01    9.9726190476e-01
       222   -4.5748774718e+01    2.0941874082e+03   -8.0445392526e+01    3.4696617807e+01   -2.1251183757e+01    3.6169140164e+00   -1.1708444704e+01   -5.1102678081e+01   -1.1452559015e+01    5.2887046382e+02    7.0153171200e-01    9.9627835539e-01
       223   -4.5727068244e+01    2.0923051601e+03   -8.0722201351e+01    3.4995133107e+01   -2.1139769499e+01    3.2627073525e+00   -1.1742461123e+01   -5.1102678081e+01   -1.1479117011e+01    5.2873201025e+02    7.1637380500e-01    9.9710538752e-01
       224   -4.5793937811e+01    2.0985167603e+03   -8.0724533677e+01    3.4930595866e+01   -2.1090566414e+01    3.2128499105e+00   -1.1744139093e+01   -5.1102678081e+01   -1.1489582303e+01    5.2988267421e+02    7.1461532900e-01    9.9675707547e-01
       225   -4.5786493720e+01    2.0975997545e+03   -8.0365220482e+01    3.4578726762e+01   -2.0923905227e+01    3.3218515264e+00   -1.1660488701e+01   -5.1102678081e+01   -1.1406030578e+01    5.2999571890e+02    7.0384551800e-01    9.9699292453e-01
       226   -4.5797547805e+01    2.0986297350e+03   -8.0236454526e+01    3.4438906721e+01   -2.0731014788e+01    3.3951513458e+00   -1.1797913002e+01   -5.1102678081e+01   -1.1540289435e+01    5.3202276890e+02    7.0852493500e-01    9.9665178571e-01
       227   -4.5797264786e+01    2.0986831188e+03   -8.0363943993e+01    3.4566679207e+01   -2.0588893330e+01    3.1332231362e+00   -1.1805595719e+01   -5.1102678081e+01   -1.1543414490e+01    5.3402969710e+02    7.1586952600e-01    9.9695692884e-01
       228   -4.5853972412e+01    2.1038504684e+03   -8.0457176140e+01    3.4603203728e+01   -2.0740059491e+01    3.1519687223e+00   -1.1766407291e+01   -5.1102678081e+01   -1.1507506140e+01    5.3114728258e+02    7.0975730300e-01    9.9629237288e-01
       229   -4.5867045309e+01    2.1051066578e+03   -8.0472469304e+01    3.4605423994e+01   -2.0835475908e+01    3.2253240938e+00   -1.1759639408e+01   -5.1102678081e+01   -1.1500507332e+01    5.3134555320e+02    8.1098257200e-01    9.9682203390e-01
       230   -4.5874433884e+01    2.1056824878e+03   -8.0337189427e+01    3.4462755543e+01   -2.0685416906e+01    3.2866701128e+00   -1.1835764553e+01   -5.1102678081e+01   -1.1572048931e+01    5.3140279044e+02    7.1440520100e-01    9.9688088512e-01
       231   -4.5833901220e+01    2.1018305010e+03   -8.0633299541e+01    3.4799398321e+01   -2.0974867930e+01    3.2496107371e+00   -1.1805364267e+01   -5.1102678081e+01   -1.1549601895e+01    5.3330663378e+02    7.5122179500e-01    9.9747889306e-01
       232   -4.5791048575e+01    2.0980518272e+03   -8.0675113270e+01    3.4884064696e+01   -2.1041379325e+01    3.2014445662e+00   -1.1732500431e+01   -5.1102678081e+01   -1.1480961917e+01    5.3606811126e+02    7.4280852900e-01    9.9720149254e-01
       233   -4.5823480859e+01    2.1009970692e+03   -8.0821675718e+01    3.4998194859e+01   -2.1217335062e+01    3.2519107853e+00   -1.1753573360e+01   -5.1102678081e+01   -1.1498105502e+01    5.3603331369e+02    7.2166761900e-01    9.9702658582e-01
       234   -4.5843998293e+01    2.1029193182e+03   -8.0980599126e+01    3.5136600833e+01   -2.1243698779e+01    3.1187379545e+00   -1.1752960220e+01   -5.1102678081e+01   -1.1495388400e+01    5.3616023810e+02    7.3783551500e-01    9.9656016791e-01
       235   -4.5832612803e+01    2.1021176719e+03   -8.0504124797e+01    3.4671511994e+01   -2.1103892770e+01    3.3822297131e+00   -1.1679783659e+01   -5.1102678081e+01   -1.1423382801e+01    5.3418537605e+02    7.3402970900e-01    9.9724953184e-01
       236   -4.5836025558e+01    2.1023798563e+03   -8.0545894478e+01    3.4709868920e+01   -2.1213123758e+01    3.4341081461e+00   -1.1664200785e+01   -5.1102678081e+01   -1.1411060123e+01    5.3620835856e+02    7.3260630900e-01    9.9702658582e-01
       237   -4.5795505418e+01    2.0985616654e+03   -8.0879008901e+01    3.5083503484e+01   -2.1395761792e+01    3.3547082873e+00   -1.1735277315e+01   -5.1102678081e+01   -1.1483396604e+01    5.3806142403e+02    7.2585986500e-01    9.9692146840e-01
       238   -4.5726151813e+01    2.0919777439e+03   -8.0854240788e+01    3.5128088976e+01   -2.1334787022e+01    3.3567732046e+00   -1.1773548890e+01   -5.1102678081e+01   -1.1512901023e+01    5.3675128607e+02    7.2535882000e-01    9.9668296089e-01
       239   -4.5784651358e+01    2.0975030416e+03   -8.0745696558e+01    3.4961045200e+01   -2.1291809421e+01    3.3792923927e+00   -1.1730501449e+01   -5.1102678081e+01   -1.1469801662e+01    5.3773068165e+02    8.2088664900e-01    9.9616635688e-01
       240   -4.5797789027e+01    2.0988627087e+03   -8.0426588726e+01    3.4628799699e+01   -2.1138682312e+01    3.6007974198e+00   -1.1786025754e+01   -5.1102678081e+01   -1.1524968468e+01    5.3590245585e+02    7.2101510900e-01    9.9626865672e-01
       241   -4.5830598804e+01    2.1017318696e+03   -8.0085993365e+01    3.4255394561e+01   -2.0973185784e+01    3.7392076558e+00   -1.1749337156e+01   -5.1102678081e+01   -1.1483032597e+01    5.3405888414e+02    7.1303722800e-01    9.9631320225e-01
       242   -4.5795739782e+01    2.0984783460e+03   -8.0141201992e+01    3.4345462210e+01   -2.0763130513e+01    3.4622897734e+00   -1.1737683171e+01   -5.1102678081e+01   -1.1462546966e+01    5.3105192603e+02    7.0882591300e-01    9.9670433145e-01
       243   -4.5780128927e+01    2.0970834420e+03   -8.0428624865e+01    3.4648495937e+01   -2.0762304722e+01    3.1978001635e+00   -1.1761442225e+01   -5.1102678081e+01   -1.1489087818e+01    5.3094737009e+02    7.0401429600e-01    9.9723399247e-01
       244   -4.5805434448e+01    2.0995219382e+03   -8.0585464910e+01    3.4780030461e+01   -2.0717713908e+01    3.0694436093e+00   -1.1834516530e+01   -5.1102678081e+01   -1.1567517977e+01    5.3202137624e+02    7.0738166600e-01    9.9629934211e-01
       245   -4.5784801001e+01    2.0976500440e+03   -8.0693659496e+01    3.4908858495e+01   -2.0709731857e+01    2.9939504049e+00   -1.1875199963e+01   -5.1102678081e+01   -1.1609536136e+01    5.2898321426e+02    7.1505795700e-01    9.9681001890e-01
       246   -4.5760664898e+01    2.0952384051e+03   -8.0780019309e+01    3.5019354411e+01   -2.0898420933e+01    3.0474950954e+00   -1.1826415390e+01   -5.1102678081e+01   -1.1555588192e+01    5.2688475840e+02    7.1381638300e-01    9.9703510436e-01
       247   -4.5821752150e+01    2.1009080761e+03   -8.0821393222e+01    3.4999641072e+01   -2.1068576876e+01    3.1561454371e+00   -1.1806283702e+01   -5.1102678081e+01   -1.1539504825e+01    5.2600029639e+02    7.0824207800e-01    9.9661359316e-01
       248   -4.5764333824e+01    2.0955984445e+03   -8.0725749856e+01    3.4961416032e+01   -2.1276256594e+01    3.3809459711e+00   -1.1727761152e+01   -5.1102678081e+01   -1.1459117765e+01    5.2601557311e+02    7.0401291300e-01    9.9655418251e-01
       249   -4.5744903146e+01    2.0938304081e+03   -8.0530922922e+01    3.4786019775e+01   -2.1031561077e+01    3.3327351534e+00   -1.1729418916e+01   -5.1102678081e+01   -1.1461066452e+01    5.2582840123e+02    8.0566514400e-01    9.9673241445e-01
       250   -4.5732840688e+01    2.0927515185e+03   -8.0441799811e+01    3.4708959123e+01   -2.0899287103e+01    3.3269861347e+00   -1.1766820762e+01   -5.1102678081e+01   -1.1503529810e+01    5.2676389147e+02    7.0787378300e-01    9.9638282732e-01
       251   -4.5715769295e+01    2.0912639877e+03   -8.0654818106e+01    3.4939048811e+01   -2.0916275739e+01    3.1331231298e+00   -1.1768987416e+01   -5.1102678081e+01   -1.1508328819e+01    5.2666419410e+02    7.0490599000e-01    9.9656072106e-01
       252   -4.5776821091e+01    2.0969987427e+03   -8.0750824845e+01    3.4974003754e+01   -2.1194248060e+01    3.2386034564e+00   -1.1692502160e+01   -5.1102678081e+01   -1.1424422536e+01    5.2477469194e+02    6.9813444900e-01    9.9625000000e-01
       253   -4.5810555089e+01    2.1000952961e+03   -8.0663430928e+01    3.4852875839e+01   -2.1281396286e+01    3.4610284984e+00   -1.1740385060e+01   -5.1102678081e+01   -1.1479235392e+01    5.2702492389e+02    7.0038394300e-01    9.9667931689e-01
       254   -4.5726569735e+01    2.0921657640e+03   -8.0687177251e+01    3.4960607516e+01   -2.1174803241e+01    3.3574712045e+00   -1.1767167133e+01   -5.1102678081e+01   -1.1499186802e+01    5.2591106302e+02    6.9059865400e-01    9.9679182510e-01
       255   -4.5767333587e+01    2.0961068441e+03   -8.0889074121e+01    3.5121740535e+01   -2.1443496741e+01    3.4042083383e+00   -1.1747107637e+01   -5.1102678081e+01   -1.1474360853e+01    5.2677636838e+02    7.2099020100e-01    9.9638282732e-01
       256   -4.5789738561e+01    2.0982079557e+03   -8.0742750237e+01    3.4953011676e+01   -2.1263093781e+01    3.3339103604e+00   -1.1710888734e+01   -5.1102678081e+01   -1.1435995817e+01    5.2295396462e+02    7.0503107500e-01    9.9755019120e-01
       257   -4.5832379523e+01    2.1019311760e+03   -8.0621916674e+01    3.4789537150e+01   -2.1179258608e+01    3.3275855549e+00   -1.1667565540e+01   -5.1102678081e+01   -1.1382326771e+01    5.2115269979e+02    7.3291733700e-01    9.9610124760e-01
       258   -4.5783199192e+01    2.0973618490e+03   -8.0511046729e+01    3.4727847537e+01   -2.1266158264e+01    3.4551438993e+00   -1.1597354283e+01   -5.1102678081e+01   -1.1319830418e+01    5.2213477301e+02    7.0616816400e-01    9.9610871648e-01
       259   -4.5799384334e+01    2.0989122356e+03   -8.0360552063e+01    3.4561167729e+01   -2.1250309842e+01    3.5672974195e+00   -1.1574861560e+01   -5.1102678081e+01   -1.1304772274e+01    5.2605368456e+02    8.1634802600e-01    9.9584125475e-01
       260   -4.5759301475e+01    2.0950313860e+03   -8.0396365092e+01    3.4637063617e+01   -2.0982403884e+01    3.2857354906e+00   -1.1597018617e+01   -5.1102678081e+01   -1.1324324914e+01    5.2594602108e+02    7.1155347500e-01    9.9661359316e-01
       261   -4.5762184153e+01    2.0952619469e+03   -8.0654231006e+01    3.4892046853e+01   -2.1102091751e+01    3.2439186365e+00   -1.1693379810e+01   -5.1102678081e+01   -1.1426386646e+01    5.2187571690e+02    6.9998525900e-01    9.9706657088e-01
       262   -4.5739518275e+01    2.0934119963e+03   -8.0622240690e+01    3.4882722415e+01   -2.0874621577e+01    3.1539937072e+00   -1.1798934739e+01   -5.1102678081e+01   -1.1530132417e+01    5.2484727628e+02    7.0919157500e-01    9.9666666667e-01
       263   -4.5703948024e+01    2.0900692556e+03   -8.0597299524e+01    3.4893351501e+01   -2.1037181801e+01    3.3694459651e+00   -1.1826885607e+01   -5.1102678081e+01   -1.1553543808e+01    5.2566450613e+02    7.0147826000e-01    9.9655418251e-01
       264   -4.5777043780e+01    2.0971558523e+03   -8.0741072892e+01    3.4964029112e+01   -2.1061840159e+01    3.2066574461e+00   -1.1783212098e+01   -5.1102678081e+01   -1.1512598390e+01    5.2575362747e+02    7.0448719300e-01    9.9619771863e-01
       265   -4.5765579637e+01    2.0960168292e+03   -8.0727065343e+01    3.4961485706e+01   -2.1040262880e+01    3.2123814105e+00   -1.1796505793e+01   -5.1102678081e+01   -1.1517918062e+01    5.3093300886e+02    7.1730042700e-01    9.9705743879e-01
       266   -4.5779757740e+01    2.0969592458e+03   -8.0890958079e+01    3.5111200339e+01   -2.1138535307e+01    3.1069454887e+00   -1.1756690180e+01   -5.1102678081e+01   -1.1479018939e+01    5.2985714969e+02    7.0684630300e-01    9.9681603774e-01
       267   -4.5776056434e+01    2.0966720660e+03   -8.0997733228e+01    3.5221676794e+01   -2.1309463594e+01    3.1889687498e+00   -1.1774560302e+01   -5.1102678081e+01   -1.1502664125e+01    5.2791122882e+02    7.0718629200e-01    9.9692234848e-01
       268   -4.5758109927e+01    2.0951551015e+03   -8.1052695692e+01    3.5294585765e+01   -2.1346686819e+01    3.1235060579e+00   -1.1726836849e+01   -5.1102678081e+01   -1.1458351251e+01    5.2885367548e+02    7.0785502800e-01    9.9710538752e-01
       269   -4.5743466515e+01    2.0937149592e+03   -8.0965544461e+01    3.5222077946e+01   -2.1154722169e+01    3.0785514633e+00   -1.1786695674e+01   -5.1102678081e+01   -1.1518362592e+01    5.2779469889e+02    8.0583269200e-01    9.9633049242e-01
       270   -4.5766344206e+01    2.0960818555e+03   -8.1274436121e+01    3.5508091915e+01   -2.1509385370e+01    3.0304951998e+00   -1.1692867870e+01   -5.1102678081e+01   -1.1421193389e+01    5.2678555913e+02    7.0551291100e-01    9.9584914611e-01
       271   -4.5694219802e+01    2.0893015110e+03   -8.1423833467e+01    3.5729613665e+01   -2.1376152662e+01    2.9153734303e+00   -1.1860376154e+01   -5.1102678081e+01   -1.1591397261e+01    5.2766422170e+02    7.0855852300e-01    9.9721827652e-01
       272   -4.5615320533e+01    2.0826416813e+03   -8.1466818158e+01    3.5851497625e+01   -2.1242232879e+01    2.6740898010e+00   -1.1795996998e+01   -5.1102678081e+01   -1.1531593662e+01    5.2630116999e+02    7.0629278300e-01    9.9691650854e-01
       273   -4.5727642603e+01    2.0929992756e+03   -8.0911853638e+01    3.5184211035e+01   -2.1061796771e+01    3.0721535094e+00   -1.1819532296e+01   -5.1102678081e+01   -1.1559543743e+01    5.2638664006e+02    7.7249377700e-01    9.9567125237e-01
       274   -4.5693099454e+01    2.0889051724e+03   -8.0630589680e+01    3.4937490227e+01   -2.0824713091e+01    3.1232069423e+00   -1.1826405451e+01   -5.1102678081e+01   -1.1569134846e+01    5.2648707240e+02    7.1370939000e-01    9.9650142315e-01
       275   -4.5713869473e+01    2.0909965406e+03   -8.0714453486e+01    3.5000584013e+01   -2.1013829006e+01    3.2739027131e+00   -1.1871849111e+01   -5.1102678081e+01   -1.1618124790e+01    5.2655250058e+02    7.2143262700e-01    9.9608633776e-01
       276   -4.5714658740e+01    2.0909500777e+03   -8.1138013106e+01    3.5423354365e+01   -2.1228685154e+01    3.0299418335e+00   -1.1836591705e+01   -5.1102678081e+01   -1.1579704833e+01    5.2463550637e+02    6.9736900100e-01    9.9666666667e-01
       277   -4.5729473960e+01    2.0924005863e+03   -8.0893297510e+01    3.5163823549e+01   -2.1139194585e+01    3.1684820068e+00   -1.1819906850e+01   -5.1102678081e+01   -1.1560775217e+01    5.2368081660e+02    6.9825723400e-01    9.9618320611e-01
       278   -4.5760863498e+01    2.0955165193e+03   -8.0754221949e+01    3.4993358451e+01   -2.1056064193e+01    3.1656717559e+00   -1.1761151431e+01   -5.1102678081e+01   -1.1501878324e+01    5.2279781640e+02    6.9598769100e-01    9.9689292543e-01
       279   -4.5753247230e+01    2.0946380495e+03   -8.0848742789e+01    3.5095495559e+01   -2.1327124040e+01    3.2574502941e+00   -1.1676390963e+01   -5.1102678081e+01   -1.1421253250e+01    5.2388527292e+02    7.9143751800e-01    9.9683921756e-01
       280   -4.5787945982e+01    2.0978218951e+03   -8.0821971484e+01    3.5034025502e+01   -2.1310927799e+01    3.2751763741e+00   -1.1683541978e+01   -5.1102678081e+01   -1.1431073136e+01    5.2291494133e+02    6.9725783900e-01    9.9683317400e-01
       281   -4.5770186371e+01    2.0961265041e+03   -8.1019895827e+01    3.5249709457e+01   -2.1374142786e+01    3.1470799889e+00   -1.1690154949e+01   -5.1102678081e+01   -1.1438377696e+01    5.2097077345e+02    7.0661594900e-01    9.9682101727e-01
       282   -4.5782029763e+01    2.0971073139e+03   -8.0535561930e+01    3.4753532167e+01   -2.1134462056e+01    3.2850648013e+00   -1.1583486595e+01   -5.1102678081e+01   -1.1331635172e+01    5.2297739953e+02    7.0890216800e-01    9.9665391969e-01
       283   -4.5784986266e+01    2.0975250427e+03   -8.0872500896e+01    3.5087514630e+01   -2.1414775816e+01    3.2116590179e+00   -1.1566706017e+01   -5.1102678081e+01   -1.1318552683e+01    5.2399898149e+02    7.0447852800e-01    9.9689885496e-01
       284   -4.5796625538e+01    2.0990246082e+03   -8.0610447376e+01    3.4813821838e+01   -2.1446792278e+01    3.5149141209e+00   -1.1575891138e+01   -5.1102678081e+01   -1.1323469213e+01    5.2299258014e+02    7.1358471000e-01    9.9683317400e-01
       285   -4.5767879782e+01    2.0960899344e+03   -8.1063950599e+01    3.5296070817e+01   -2.1381230345e+01    3.0793597954e+00   -1.1659401969e+01   -5.1102678081e+01   -1.1397655504e+01    5.2492297662e+02    7.1478949000e-01    9.9654761905e-01
       286   -4.5788019271e+01    2.0978765351e+03   -8.1016952199e+01    3.5228932928e+01   -2.1463530346e+01    3.2207773530e+00   -1.1671521125e+01   -5.1102678081e+01   -1.1406275449e+01    5.2494124757e+02    7.1052187900e-01    9.9589285714e-01
       287   -4.5807525684e+01    2.0995967842e+03   -8.0905458847e+01    3.5097933163e+01   -2.1502436572e+01    3.3550754250e+00   -1.1655419618e+01   -5.1102678081e+01   -1.1391952431e+01    5.2208056682e+02    7.0316337900e-01    9.9604885057e-01
       288   -4.5792695738e+01    2.0984879932e+03   -8.0599022574e+01    3.4806326836e+01   -2.1352014625e+01    3.4913481403e+00   -1.1635678008e+01   -5.1102678081e+01   -1.1369789573e+01    5.2209787358e+02    6.9946411500e-01    9.9640804598e-01
       289   -4.5775196097e+01    2.0966821770e+03   -8.0485834195e+01    3.4710638098e+01   -2.1141613502e+01    3.3384463777e+00   -1.1579988989e+01   -5.1102678081e+01   -1.1312399061e+01    5.2203448258e+02    7.9690785700e-01    9.9700670498e-01
       290   -4.5769155812e+01    2.0962993541e+03   -8.0282305835e+01    3.4513150023e+01   -2.1079061479e+01    3.4466387881e+00   -1.1547205063e+01   -5.1102678081e+01   -1.1270872416e+01    5.2196955416e+02    6.9561564200e-01    9.9730603448e-01
       291   -4.5729180552e+01    2.0923065731e+03   -8.0317735733e+01    3.4588555182e+01   -2.1001216253e+01    3.4335827126e+00   -1.1647424112e+01   -5.1102678081e+01   -1.1372702424e+01    5.2087372504e+02    6.9444585400e-01    9.9628119002e-01
       292   -4.5783401823e+01    2.0972706575e+03   -8.0396229743e+01    3.4612827920e+01   -2.1017403004e+01    3.3427574028e+00   -1.1618906061e+01   -5.1102678081e+01   -1.1348126857e+01    5.2391295493e+02    7.0599414200e-01    9.9749522901e-01
       293   -4.5741536512e+01    2.0934748596e+03   -8.0218756039e+01    3.4477219527e+01   -2.0984399015e+01    3.4467624333e+00   -1.1578441376e+01   -5.1102678081e+01   -1.1307748533e+01    5.2290958160e+02    7.0050342700e-01    9.9665391969e-01
       294   -4.5725639481e+01    2.0919198790e+03   -8.0114337494e+01    3.4388698013e+01   -2.0822248692e+01    3.4137638388e+00   -1.1603174559e+01   -5.1102678081e+01   -1.1331795321e+01    5.2176127985e+02    7.0160026400e-01    9.9634818008e-01
       295   -4.5740614935e+01    2.0934498665e+03   -8.0162637917e+01    3.4422022982e+01   -2.0964219042e+01    3.4090276081e+00   -1.1504768403e+01   -5.1102678081e+01   -1.1235520934e+01    5.1977585114e+02    7.1131349700e-01    9.9675480769e-01
       296   -4.5742052514e+01    2.0935981632e+03   -8.0378748981e+01    3.4636696467e+01   -2.0992973282e+01    3.2900003677e+00   -1.1573097986e+01   -5.1102678081e+01   -1.1301329275e+01    5.1981110329e+02    7.0384710500e-01    9.9663461538e-01
       297   -4.5646547217e+01    2.0848633144e+03   -8.0197440814e+01    3.4550893597e+01   -2.0910955361e+01    3.4206637713e+00   -1.1604471144e+01   -5.1102678081e+01   -1.1330156937e+01    5.1756903321e+02    6.8759833300e-01    9.9692326255e-01
       298   -4.5706664328e+01    2.0903674135e+03   -8.0078822219e+01    3.4372157891e+01   -2.0869010343e+01    3.4764426046e+00   -1.1583576400e+01   -5.1102678081e+01   -1.1316641650e+01    5.1553015263e+02    6.9154637200e-01    9.9679021318e-01
       299   -4.5682054764e+01    2.0879331679e+03   -8.0473327385e+01    3.4791272621e+01   -2.0948417125e+01    3.2468344506e+00   -1.1669066629e+01   -5.1102678081e+01   -1.1403073630e+01    5.1662494494e+02    7.7803493500e-01    9.9631286267e-01
