# Index          LocalEnergy            Variance              Weight        NumOfWalkers      AvgSentWalkers         TrialEnergy             DiffEff      LivingFraction
         0   -4.5607820489e+01    1.1946686148e+00    5.1201584229e+02    5.1200000000e+02    0.0000000000e+00   -4.5601708079e+01    9.9293485621e-01    1.0000000000e+00
         1   -4.5642934863e+01    1.2330806951e+00    5.1208913805e+02    5.1200000000e+02    0.0000000000e+00   -4.5610914639e+01    9.9448628057e-01    9.9804687500e-01
         2   -4.5592568105e+01    1.2561938179e+00    5.1174122123e+02    5.1200000000e+02    0.0000000000e+00   -4.5660343124e+01    9.9421084295e-01    9.9414062500e-01
         3   -4.5661609599e+01    1.2000138413e+00    5.1143752438e+02    5.1100000000e+02    0.0000000000e+00   -4.5542012598e+01    9.9492955005e-01    9.9412915851e-01
         4   -4.5661308257e+01    1.2144181066e+00    5.1155428297e+02    5.1100000000e+02    0.0000000000e+00   -4.5551690691e+01    9.9519690699e-01    9.9608610568e-01
         5   -4.5665418439e+01    1.4500215850e+00    5.1144183795e+02    5.1100000000e+02    0.0000000000e+00   -4.5574216236e+01    9.9545480741e-01    9.9804305284e-01
         6   -4.5661454315e+01    1.3497798592e+00    5.1454070435e+02    5.1400000000e+02    0.0000000000e+00   -4.5556342949e+01    9.9468053102e-01    1.0000000000e+00
         7   -4.5707051037e+01    1.3315010906e+00    5.1255766186e+02    5.1500000000e+02    0.0000000000e+00   -4.6156458465e+01    9.9491908575e-01    9.8640776699e-01
         8   -4.5681937814e+01    1.2560568041e+00    5.0738630667e+02    5.0800000000e+02    0.0000000000e+00   -4.5815910097e+01    9.9464642931e-01    9.9606299213e-01
         9   -4.5716495779e+01    1.3457014845e+00    5.1065731588e+02    5.0600000000e+02    0.0000000000e+00   -4.4776741266e+01    9.9354040192e-01    9.9604743083e-01
        10   -4.5660598376e+01    1.2648308630e+00    5.0918644371e+02    5.0800000000e+02    0.0000000000e+00   -4.5453908327e+01    9.9499433848e-01    1.0000000000e+00
        11   -4.5631837461e+01    1.1471056474e+00    5.1372802953e+02    5.1100000000e+02    0.0000000000e+00   -4.5109560234e+01    9.9417765288e-01    9.9608610568e-01
        12   -4.5654113759e+01    1.2125759386e+00    5.1134414228e+02    5.1300000000e+02    0.0000000000e+00   -4.5968774956e+01    9.9371311776e-01    9.9415204678e-01
        13   -4.5638345442e+01    1.2833196592e+00    5.1059618726e+02    5.1000000000e+02    0.0000000000e+00   -4.5525934434e+01    9.9548516048e-01    9.9607843137e-01
        14   -4.5647702190e+01    1.2360923479e+00    5.0940161025e+02    5.0800000000e+02    0.0000000000e+00   -4.5363786698e+01    9.9361614783e-01    9.9803149606e-01
        15   -4.5646372873e+01    1.1342499417e+00    5.1055526446e+02    5.0800000000e+02    0.0000000000e+00   -4.5138912048e+01    9.9333171592e-01    1.0000000000e+00
        16   -4.5654893933e+01    1.1821997917e+00    5.1244969747e+02    5.1100000000e+02    0.0000000000e+00   -4.5363799099e+01    9.9412969538e-01    9.9608610568e-01
        17   -4.5626020734e+01    1.1113018462e+00    5.1048660621e+02    5.1100000000e+02    0.0000000000e+00   -4.5742686921e+01    9.9567544670e-01    9.9608610568e-01
        18   -4.5575126188e+01    1.1602869756e+00    5.1236558120e+02    5.1100000000e+02    0.0000000000e+00   -4.5329998294e+01    9.9503057022e-01    1.0000000000e+00
        19   -4.5646841152e+01    1.2056472362e+00    5.1280309258e+02    5.1300000000e+02    0.0000000000e+00   -4.5646503287e+01    9.9487009695e-01    9.9610136452e-01
        20   -4.5714657467e+01    1.3503742203e+00    5.1236573560e+02    5.1300000000e+02    0.0000000000e+00   -4.5803572285e+01    9.9497749290e-01    9.9415204678e-01
        21   -4.5674770755e+01    1.1767547165e+00    5.1091868556e+02    5.1100000000e+02    0.0000000000e+00   -4.5715371540e+01    9.9568595049e-01    9.9412915851e-01
        22   -4.5663117110e+01    1.3962649014e+00    5.0888261855e+02    5.0900000000e+02    0.0000000000e+00   -4.5692599935e+01    9.9578357808e-01    9.9410609037e-01
        23   -4.5655712647e+01    1.3193009769e+00    5.0891900200e+02    5.0900000000e+02    0.0000000000e+00   -4.5678074531e+01    9.9385442411e-01    9.9607072692e-01
        24   -4.5655348315e+01    1.2653939709e+00    5.0791441602e+02    5.0800000000e+02    0.0000000000e+00   -4.5671028742e+01    9.9507245441e-01    9.9212598425e-01
        25   -4.5696093407e+01    1.3787182857e+00    5.0505293267e+02    5.0500000000e+02    0.0000000000e+00   -4.5664709595e+01    9.9506276179e-01    9.9405940594e-01
        26   -4.5676760672e+01    1.3070938211e+00    5.0613454491e+02    5.0600000000e+02    0.0000000000e+00   -4.5662955233e+01    9.9433856327e-01    9.9209486166e-01
        27   -4.5653867967e+01    1.2292911219e+00    5.0300638545e+02    5.0300000000e+02    0.0000000000e+00   -4.5665115104e+01    9.9378167043e-01    9.9602385686e-01
        28   -4.5617200839e+01    1.3169815531e+00    5.0187815791e+02    5.0200000000e+02    0.0000000000e+00   -4.5656069282e+01    9.9377246105e-01    9.9601593625e-01
        29   -4.5627649703e+01    1.2862772299e+00    5.0289600257e+02    5.0300000000e+02    0.0000000000e+00   -4.5647535994e+01    9.9529542232e-01    9.9403578529e-01
        30   -4.5637650439e+01    1.2929177089e+00    5.0193522642e+02    5.0200000000e+02    0.0000000000e+00   -4.5645576658e+01    9.9371136675e-01    9.9800796813e-01
        31   -4.5654467150e+01    1.3319960259e+00    5.0302281480e+02    5.0300000000e+02    0.0000000000e+00   -4.5641312757e+01    9.9468496640e-01    9.9204771372e-01
        32   -4.5661759744e+01    1.3193358520e+00    5.0313047148e+02    5.0300000000e+02    0.0000000000e+00   -4.5642918941e+01    9.9510561061e-01    9.9602385686e-01
        33   -4.5703013185e+01    1.2176689038e+00    5.0522240948e+02    5.0500000000e+02    0.0000000000e+00   -4.5643221530e+01    9.9425801096e-01    9.9603960396e-01
        34   -4.5713435144e+01    1.2182476238e+00    5.0528552394e+02    5.0500000000e+02    0.0000000000e+00   -4.5650393365e+01    9.9484429575e-01    1.0000000000e+00
        35   -4.5714547491e+01    1.3799524334e+00    5.0627655267e+02    5.0600000000e+02    0.0000000000e+00   -4.5653832675e+01    9.9444378042e-01    9.9604743083e-01
        36   -4.5721349055e+01    1.4046971717e+00    5.0628640406e+02    5.0600000000e+02    0.0000000000e+00   -4.5658761694e+01    9.9452982706e-01    9.9407114625e-01
        37   -4.5732685646e+01    1.1483829960e+00    5.0633229854e+02    5.0600000000e+02    0.0000000000e+00   -4.5661801494e+01    9.9423210863e-01    9.9802371542e-01
        38   -4.5667966495e+01    1.1707709608e+00    5.0716486045e+02    5.0700000000e+02    0.0000000000e+00   -4.5665206697e+01    9.9491979596e-01    9.9211045365e-01
        39   -4.5741436699e+01    1.1327880955e+00    5.0320429929e+02    5.0300000000e+02    0.0000000000e+00   -4.5666409033e+01    9.9307902749e-01    9.9005964215e-01
        40   -4.5737071439e+01    1.0545230252e+00    4.9940110714e+02    4.9900000000e+02    0.0000000000e+00   -4.5661846121e+01    9.9355177732e-01    1.0000000000e+00
        41   -4.5736875827e+01    1.2219836789e+00    5.0038891043e+02    5.0000000000e+02    0.0000000000e+00   -4.5657016463e+01    9.9324063307e-01    9.9800000000e-01
        42   -4.5703989907e+01    1.4078178197e+00    5.0229229391e+02    5.0200000000e+02    0.0000000000e+00   -4.5661489955e+01    9.9523206857e-01    9.9601593625e-01
        43   -4.5667949338e+01    1.1276498247e+00    5.0213054471e+02    5.0200000000e+02    0.0000000000e+00   -4.5666137023e+01    9.9590441548e-01    9.9800796813e-01
        44   -4.5639304206e+01    1.0053360843e+00    5.0193281151e+02    5.0200000000e+02    0.0000000000e+00   -4.5665092862e+01    9.9198655989e-01    9.9402390438e-01
        45   -4.5703139547e+01    1.1771975313e+00    5.0005637004e+02    5.0000000000e+02    0.0000000000e+00   -4.5662888870e+01    9.9511423161e-01    9.9600000000e-01
        46   -4.5673532966e+01    1.1266237243e+00    5.0216279861e+02    5.0200000000e+02    0.0000000000e+00   -4.5659927753e+01    9.9283911061e-01    9.9800796813e-01
        47   -4.5677232699e+01    1.1970946091e+00    5.0304780068e+02    5.0300000000e+02    0.0000000000e+00   -4.5663760970e+01    9.9498364918e-01    9.9602385686e-01
        48   -4.5675728471e+01    1.2632356347e+00    5.0606608923e+02    5.0600000000e+02    0.0000000000e+00   -4.5665310067e+01    9.9589604707e-01    9.8814229249e-01
        49   -4.5657591024e+01    1.1124441486e+00    5.0399595474e+02    5.0400000000e+02    0.0000000000e+00   -4.5671043141e+01    9.9454087747e-01    1.0000000000e+00
        50   -4.5687301902e+01    1.0473578784e+00    5.0703211492e+02    5.0700000000e+02    0.0000000000e+00   -4.5666107128e+01    9.9420407067e-01    9.9605522682e-01
        51   -4.5682420809e+01    1.1262351289e+00    5.0505779568e+02    5.0500000000e+02    0.0000000000e+00   -4.5672288663e+01    9.9448739130e-01    9.9603960396e-01
        52   -4.5662140066e+01    1.2583498994e+00    5.0300005023e+02    5.0300000000e+02    0.0000000000e+00   -4.5668399122e+01    9.9572834487e-01    9.9801192843e-01
        53   -4.5655846403e+01    1.0881513640e+00    5.0699057330e+02    5.0700000000e+02    0.0000000000e+00   -4.5663713164e+01    9.9477245146e-01    1.0000000000e+00
        54   -4.5668119649e+01    1.1829930499e+00    5.0993281885e+02    5.1000000000e+02    0.0000000000e+00   -4.5670862330e+01    9.9461968693e-01    1.0000000000e+00
        55   -4.5698946162e+01    1.2225237851e+00    5.1001206843e+02    5.1000000000e+02    0.0000000000e+00   -4.5676289627e+01    9.9418666728e-01    9.9607843137e-01
        56   -4.5710451282e+01    1.0904908365e+00    5.1315676803e+02    5.1300000000e+02    0.0000000000e+00   -4.5676961996e+01    9.9496749297e-01    9.9610136452e-01
        57   -4.5679273630e+01    1.1011227918e+00    5.1203450896e+02    5.1200000000e+02    0.0000000000e+00   -4.5683908970e+01    9.9508865930e-01    1.0000000000e+00
        58   -4.5722928320e+01    1.1941896421e+00    5.1307603189e+02    5.1300000000e+02    0.0000000000e+00   -4.5681657010e+01    9.9453351172e-01    1.0000000000e+00
        59   -4.5734861695e+01    1.7617039249e+00    5.1306764423e+02    5.1300000000e+02    0.0000000000e+00   -4.5684748998e+01    9.9343226765e-01    9.9220272904e-01
        60   -4.5725439308e+01    1.1492054556e+00    5.1114839648e+02    5.1100000000e+02    0.0000000000e+00   -4.5686037953e+01    9.9382250202e-01    1.0000000000e+00
        61   -4.5660305253e+01    1.0161014338e+00    5.1404898799e+02    5.1400000000e+02    0.0000000000e+00   -4.5683302024e+01    9.9632561480e-01    9.9805447471e-01
        62   -4.5684186114e+01    1.1454978637e+00    5.1490552856e+02    5.1500000000e+02    0.0000000000e+00   -4.5688373463e+01    9.9433304618e-01    9.9611650485e-01
        63   -4.5669946784e+01    1.2245802667e+00    5.1696000822e+02    5.1700000000e+02    0.0000000000e+00   -4.5690033841e+01    9.9393014673e-01    1.0000000000e+00
        64   -4.5734223961e+01    1.2578488327e+00    5.1701627023e+02    5.1700000000e+02    0.0000000000e+00   -4.5693688000e+01    9.9510631365e-01    9.9032882012e-01
        65   -4.5695794502e+01    1.3015597896e+00    5.1412279433e+02    5.1400000000e+02    0.0000000000e+00   -4.5694911868e+01    9.9495704728e-01    9.9610894942e-01
        66   -4.5693613275e+01    1.3046054113e+00    5.1503581831e+02    5.1500000000e+02    0.0000000000e+00   -4.5689530798e+01    9.9589050947e-01    9.9029126214e-01
        67   -4.5695750572e+01    1.2114736024e+00    5.1102817508e+02    5.1100000000e+02    0.0000000000e+00   -4.5691480003e+01    9.9390322520e-01    9.9217221135e-01
        68   -4.5660064506e+01    1.2747890889e+00    5.0999158618e+02    5.1000000000e+02    0.0000000000e+00   -4.5683880414e+01    9.9463249648e-01    1.0000000000e+00
        69   -4.5674293005e+01    1.2658481035e+00    5.1090944047e+02    5.1100000000e+02    0.0000000000e+00   -4.5681325104e+01    9.9435778156e-01    1.0000000000e+00
        70   -4.5659138663e+01    1.5591158790e+00    5.1190574492e+02    5.1200000000e+02    0.0000000000e+00   -4.5682903980e+01    9.9404069335e-01    9.9804687500e-01
        71   -4.5644422184e+01    1.2249827089e+00    5.1181056004e+02    5.1200000000e+02    0.0000000000e+00   -4.5684344346e+01    9.9300307175e-01    9.9414062500e-01
        72   -4.5707260400e+01    1.2405493153e+00    5.1097000883e+02    5.1100000000e+02    0.0000000000e+00   -4.5683387112e+01    9.9461594835e-01    1.0000000000e+00
        73   -4.5730952489e+01    1.1935711303e+00    5.1216716423e+02    5.1200000000e+02    0.0000000000e+00   -4.5682186910e+01    9.9265602607e-01    1.0000000000e+00
        74   -4.5645982522e+01    1.0628659125e+00    5.1500693121e+02    5.1500000000e+02    0.0000000000e+00   -4.5685392852e+01    9.9331169054e-01    9.9611650485e-01
        75   -4.5693745508e+01    1.0633274655e+00    5.1590530230e+02    5.1600000000e+02    0.0000000000e+00   -4.5690211531e+01    9.9513089247e-01    9.9418604651e-01
        76   -4.5712825100e+01    1.0769343717e+00    5.1406034588e+02    5.1400000000e+02    0.0000000000e+00   -4.5692122071e+01    9.9525843763e-01    9.9610894942e-01
        77   -4.5720585271e+01    1.3343711219e+00    5.1515203524e+02    5.1500000000e+02    0.0000000000e+00   -4.5689036028e+01    9.9598693188e-01    1.0000000000e+00
        78   -4.5701579986e+01    1.3982909897e+00    5.1809077921e+02    5.1800000000e+02    0.0000000000e+00   -4.5691770630e+01    9.9359754555e-01    9.9420849421e-01
        79   -4.5690389449e+01    1.2971412560e+00    5.1699177811e+02    5.1700000000e+02    0.0000000000e+00   -4.5697729320e+01    9.9649672207e-01    9.9613152805e-01
        80   -4.5711947057e+01    1.1683626147e+00    5.1600380807e+02    5.1600000000e+02    0.0000000000e+00   -4.5695680582e+01    9.9467093339e-01    1.0000000000e+00
        81   -4.5757297209e+01    1.1786485412e+00    5.2020547718e+02    5.2000000000e+02    0.0000000000e+00   -4.5694193474e+01    9.9254342594e-01    9.9423076923e-01
        82   -4.5734278117e+01    1.1624069760e+00    5.2024726611e+02    5.2000000000e+02    0.0000000000e+00   -4.5703446650e+01    9.9395588173e-01    9.9423076923e-01
        83   -4.5678072164e+01    1.1660739305e+00    5.1700782215e+02    5.1700000000e+02    0.0000000000e+00   -4.5704268736e+01    9.9498123642e-01    1.0000000000e+00
        84   -4.5702423155e+01    1.2654228236e+00    5.2097341264e+02    5.2100000000e+02    0.0000000000e+00   -4.5697862890e+01    9.9436856580e-01    9.9808061420e-01
        85   -4.5699024110e+01    1.1255599997e+00    5.2095270386e+02    5.2100000000e+02    0.0000000000e+00   -4.5705723797e+01    9.9430551148e-01    9.9424184261e-01
        86   -4.5653234744e+01    1.2158492460e+00    5.1985330812e+02    5.2000000000e+02    0.0000000000e+00   -4.5705845784e+01    9.9345998613e-01    9.9615384615e-01
        87   -4.5720022255e+01    1.1668342784e+00    5.1993492505e+02    5.2000000000e+02    0.0000000000e+00   -4.5703206684e+01    9.9363961310e-01    9.9615384615e-01
        88   -4.5671368181e+01    1.1039221527e+00    5.1794432905e+02    5.1800000000e+02    0.0000000000e+00   -4.5703834813e+01    9.9451761628e-01    9.9806949807e-01
        89   -4.5650081297e+01    1.1284390994e+00    5.1880213162e+02    5.1900000000e+02    0.0000000000e+00   -4.5699751271e+01    9.9460123198e-01    9.9807321773e-01
        90   -4.5710563962e+01    1.2442156144e+00    5.1988727589e+02    5.2000000000e+02    0.0000000000e+00   -4.5700861399e+01    9.9560746570e-01    9.9038461538e-01
        91   -4.5746042018e+01    1.2304362534e+00    5.1716613959e+02    5.1700000000e+02    0.0000000000e+00   -4.5703273391e+01    9.9498333703e-01    9.9806576402e-01
        92   -4.5726429478e+01    1.1319312627e+00    5.2220160135e+02    5.2200000000e+02    0.0000000000e+00   -4.5698831890e+01    9.9377903067e-01    9.9808429119e-01
        93   -4.5701421706e+01    1.3748174077e+00    5.2200961508e+02    5.2200000000e+02    0.0000000000e+00   -4.5709037014e+01    9.9487487535e-01    9.9808429119e-01
        94   -4.5671716828e+01    1.4908819881e+00    5.2287346521e+02    5.2300000000e+02    0.0000000000e+00   -4.5708832998e+01    9.9490478244e-01    9.9617590822e-01
        95   -4.5670220968e+01    1.3357126177e+00    5.2277849162e+02    5.2300000000e+02    0.0000000000e+00   -4.5710249755e+01    9.9404099946e-01    9.9617590822e-01
        96   -4.5667927261e+01    1.4406743701e+00    5.2177263998e+02    5.2200000000e+02    0.0000000000e+00   -4.5709817917e+01    9.9544227757e-01    9.9616858238e-01
        97   -4.5702129531e+01    1.3253047514e+00    5.2391364019e+02    5.2400000000e+02    0.0000000000e+00   -4.5707618541e+01    9.9451161106e-01    1.0000000000e+00
        98   -4.5674963907e+01    1.3407633190e+00    5.2486570096e+02    5.2500000000e+02    0.0000000000e+00   -4.5711885495e+01    9.9270930012e-01    9.9809523810e-01
        99   -4.5725243241e+01    1.4356725004e+00    5.2490574295e+02    5.2500000000e+02    0.0000000000e+00   -4.5713524861e+01    9.9648761874e-01    9.9238095238e-01
       100   -4.5732599405e+01    1.3133888776e+00    5.2610256483e+02    5.2600000000e+02    0.0000000000e+00   -4.5714057851e+01    9.9487706785e-01    1.0000000000e+00
       101   -4.5716623060e+01    1.1620815041e+00    5.2905833668e+02    5.2900000000e+02    0.0000000000e+00   -4.5716871568e+01    9.9355217015e-01    9.9432892250e-01
       102   -4.5738327305e+01    1.3558320693e+00    5.2700732468e+02    5.2700000000e+02    0.0000000000e+00   -4.5722802417e+01    9.9393614822e-01    9.9810246679e-01
       103   -4.5675096551e+01    1.1759348831e+00    5.2995218880e+02    5.3000000000e+02    0.0000000000e+00   -4.5719500076e+01    9.9397759744e-01    9.9622641509e-01
       104   -4.5692955128e+01    1.2831477338e+00    5.2877350400e+02    5.2900000000e+02    0.0000000000e+00   -4.5724887735e+01    9.9190741620e-01    9.9054820416e-01
       105   -4.5701235462e+01    1.2419916846e+00    5.2588976713e+02    5.2600000000e+02    0.0000000000e+00   -4.5722690883e+01    9.9482416167e-01    9.9239543726e-01
       106   -4.5633861964e+01    1.0855460833e+00    5.2477359134e+02    5.2500000000e+02    0.0000000000e+00   -4.5717347675e+01    9.9483412657e-01    9.9619047619e-01
       107   -4.5709569218e+01    1.2009532643e+00    5.2275626258e+02    5.2300000000e+02    0.0000000000e+00   -4.5714571028e+01    9.9345192647e-01    9.9808795411e-01
       108   -4.5671251858e+01    1.0586391059e+00    5.2288649248e+02    5.2300000000e+02    0.0000000000e+00   -4.5710942618e+01    9.9600160670e-01    9.9235181644e-01
       109   -4.5702907373e+01    1.1569242858e+00    5.2390271963e+02    5.2400000000e+02    0.0000000000e+00   -4.5710979349e+01    9.9565486033e-01    9.9618320611e-01
       110   -4.5739872507e+01    1.2690651594e+00    5.2303091463e+02    5.2300000000e+02    0.0000000000e+00   -4.5713065044e+01    9.9440535293e-01    1.0000000000e+00
       111   -4.5703778995e+01    1.3810672940e+00    5.2504250611e+02    5.2500000000e+02    0.0000000000e+00   -4.5711946729e+01    9.9471920146e-01    9.9428571429e-01
       112   -4.5728631864e+01    1.2863670421e+00    5.2703450119e+02    5.2700000000e+02    0.0000000000e+00   -4.5715928295e+01    9.9388653257e-01    9.9620493359e-01
       113   -4.5693912143e+01    1.0759562157e+00    5.2594370460e+02    5.2600000000e+02    0.0000000000e+00   -4.5720122163e+01    9.9193720437e-01    9.9429657795e-01
       114   -4.5702833773e+01    1.1235272058e+00    5.2591874550e+02    5.2600000000e+02    0.0000000000e+00   -4.5718079388e+01    9.9493906945e-01    9.9429657795e-01
       115   -4.5629428229e+01    1.1161057159e+00    5.2576425281e+02    5.2600000000e+02    0.0000000000e+00   -4.5718154288e+01    9.9327082612e-01    1.0000000000e+00
       116   -4.5619622958e+01    1.0168767367e+00    5.2549191201e+02    5.2600000000e+02    0.0000000000e+00   -4.5717215654e+01    9.9410998515e-01    9.9809885932e-01
       117   -4.5685905331e+01    1.0951735254e+00    5.2968378260e+02    5.3000000000e+02    0.0000000000e+00   -4.5715964907e+01    9.9579920215e-01    1.0000000000e+00
       118   -4.5735320739e+01    1.1670903363e+00    5.3494236896e+02    5.3500000000e+02    0.0000000000e+00   -4.5723868979e+01    9.9546088751e-01    1.0000000000e+00
       119   -4.5766728279e+01    1.3991557812e+00    5.3808381688e+02    5.3800000000e+02    0.0000000000e+00   -4.5734206467e+01    9.9489429806e-01    9.9256505576e-01
       120   -4.5744057841e+01    1.3038080039e+00    5.3608897679e+02    5.3600000000e+02    0.0000000000e+00   -4.5740825351e+01    9.9347304569e-01    9.9626865672e-01
       121   -4.5765459673e+01    1.3206945209e+00    5.3609196954e+02    5.3600000000e+02    0.0000000000e+00   -4.5737635140e+01    9.9451551724e-01    9.9813432836e-01
       122   -4.5737097003e+01    1.1300957117e+00    5.3705499046e+02    5.3700000000e+02    0.0000000000e+00   -4.5738364253e+01    9.9432046926e-01    9.9627560521e-01
       123   -4.5709012405e+01    1.0746046055e+00    5.3689522574e+02    5.3700000000e+02    0.0000000000e+00   -4.5740593129e+01    9.9454616825e-01    9.9813780261e-01
       124   -4.5743713270e+01    1.1225062387e+00    5.3590645183e+02    5.3600000000e+02    0.0000000000e+00   -4.5740451324e+01    9.9408665971e-01    9.8880597015e-01
       125   -4.5761652901e+01    1.1456982825e+00    5.3412779762e+02    5.3400000000e+02    0.0000000000e+00   -4.5739091216e+01    9.9465521849e-01    1.0000000000e+00
       126   -4.5746866284e+01    1.3021002763e+00    5.3708047161e+02    5.3700000000e+02    0.0000000000e+00   -4.5736410097e+01    9.9284150216e-01    9.9255121043e-01
       127   -4.5729478733e+01    1.2073777050e+00    5.3296834892e+02    5.3300000000e+02    0.0000000000e+00   -4.5742416049e+01    9.9408718595e-01    9.8311444653e-01
       128   -4.5714246407e+01    1.0875088791e+00    5.2599893718e+02    5.2600000000e+02    0.0000000000e+00   -4.5735053170e+01    9.9451707268e-01    9.9619771863e-01
       129   -4.5714902375e+01    1.1550515702e+00    5.2697320488e+02    5.2700000000e+02    0.0000000000e+00   -4.5722067668e+01    9.9539754866e-01    9.9810246679e-01
       130   -4.5708088793e+01    1.0662292409e+00    5.2793053216e+02    5.2800000000e+02    0.0000000000e+00   -4.5724098263e+01    9.9487952835e-01    9.9431818182e-01
       131   -4.5694265666e+01    1.0474935959e+00    5.2689003255e+02    5.2700000000e+02    0.0000000000e+00   -4.5726028723e+01    9.9420624390e-01    9.9810246679e-01
       132   -4.5704717026e+01    9.7602975157e-01    5.2987805593e+02    5.3000000000e+02    0.0000000000e+00   -4.5724045849e+01    9.9493750309e-01    1.0000000000e+00
       133   -4.5677679695e+01    1.0299082553e+00    5.3278517825e+02    5.3300000000e+02    0.0000000000e+00   -4.5729783527e+01    9.9437813313e-01    9.9812382739e-01
       134   -4.5617955297e+01    1.1136470440e+00    5.3454252291e+02    5.3500000000e+02    0.0000000000e+00   -4.5735098952e+01    9.9335600972e-01    9.9439252336e-01
       135   -4.5608756902e+01    1.2233321709e+00    5.3334427343e+02    5.3400000000e+02    0.0000000000e+00   -4.5737719327e+01    9.9469929840e-01    9.9438202247e-01
       136   -4.5682494870e+01    1.2018079829e+00    5.3252768093e+02    5.3300000000e+02    0.0000000000e+00   -4.5734734867e+01    9.9396687970e-01    9.9812382739e-01
       137   -4.5689230403e+01    1.0821478158e+00    5.3272840731e+02    5.3300000000e+02    0.0000000000e+00   -4.5733105199e+01    9.9530206648e-01    9.9437148218e-01
       138   -4.5701354217e+01    1.2470187450e+00    5.3180405797e+02    5.3200000000e+02    0.0000000000e+00   -4.5733443377e+01    9.9544697855e-01    9.9436090226e-01
       139   -4.5660261373e+01    1.1398071019e+00    5.3176837366e+02    5.3200000000e+02    0.0000000000e+00   -4.5731770595e+01    9.9428683536e-01    9.9624060150e-01
       140   -4.5640649297e+01    1.1040383726e+00    5.3158487128e+02    5.3200000000e+02    0.0000000000e+00   -4.5731423837e+01    9.9499426787e-01    1.0000000000e+00
       141   -4.5582291241e+01    1.3062806173e+00    5.3234834152e+02    5.3300000000e+02    0.0000000000e+00   -4.5730641580e+01    9.9409685996e-01    9.9437148218e-01
       142   -4.5652544265e+01    1.1523513646e+00    5.3039116353e+02    5.3100000000e+02    0.0000000000e+00   -4.5731168469e+01    9.9282215470e-01    9.9246704331e-01
       143   -4.5645124693e+01    1.2056456517e+00    5.2759530837e+02    5.2800000000e+02    0.0000000000e+00   -4.5727162832e+01    9.9279538388e-01    9.9621212121e-01
       144   -4.5692910513e+01    1.1924681734e+00    5.2771246673e+02    5.2800000000e+02    0.0000000000e+00   -4.5721500581e+01    9.9493331324e-01    9.9242424242e-01
       145   -4.5725963028e+01    1.2952500839e+00    5.2593642427e+02    5.2600000000e+02    0.0000000000e+00   -4.5721733937e+01    9.9464420051e-01    9.9049429658e-01
       146   -4.5662894646e+01    1.4290264417e+00    5.2490763513e+02    5.2500000000e+02    0.0000000000e+00   -4.5718636171e+01    9.9421317722e-01    9.9428571429e-01
       147   -4.5651919863e+01    1.1052710550e+00    5.2167236881e+02    5.2200000000e+02    0.0000000000e+00   -4.5716450699e+01    9.9405771825e-01    9.9616858238e-01
       148   -4.5648849069e+01    1.0203611464e+00    5.2268314054e+02    5.2300000000e+02    0.0000000000e+00   -4.5709958496e+01    9.9527069755e-01    9.9808795411e-01
       149   -4.5654047019e+01    1.1883149613e+00    5.2469810451e+02    5.2500000000e+02    0.0000000000e+00   -4.5711565544e+01    9.9381883517e-01    9.9809523810e-01
       150   -4.5676869069e+01    1.1070359571e+00    5.2472370482e+02    5.2500000000e+02    0.0000000000e+00   -4.5715129573e+01    9.9503835187e-01    9.9428571429e-01
       151   -4.5715551404e+01    1.1362108552e+00    5.2188540007e+02    5.2200000000e+02    0.0000000000e+00   -4.5715073309e+01    9.9576189134e-01    9.9616858238e-01
       152   -4.5680123634e+01    1.1720441107e+00    5.1992089576e+02    5.2000000000e+02    0.0000000000e+00   -4.5709839071e+01    9.9451130350e-01    9.9615384615e-01
       153   -4.5717509643e+01    1.4058651525e+00    5.1895778036e+02    5.1900000000e+02    0.0000000000e+00   -4.5705988084e+01    9.9473675373e-01    9.9807321773e-01
       154   -4.5735793642e+01    1.2481234242e+00    5.2011993959e+02    5.2000000000e+02    0.0000000000e+00   -4.5704334489e+01    9.9483534432e-01    9.9230769231e-01
       155   -4.5735976469e+01    1.3402969761e+00    5.1918167020e+02    5.1900000000e+02    0.0000000000e+00   -4.5706904410e+01    9.9333636223e-01    9.9807321773e-01
       156   -4.5679736826e+01    1.4709235044e+00    5.2001025701e+02    5.2000000000e+02    0.0000000000e+00   -4.5705428295e+01    9.9372996598e-01    9.9230769231e-01
       157   -4.5691748343e+01    1.2121629801e+00    5.1890337809e+02    5.1900000000e+02    0.0000000000e+00   -4.5706937115e+01    9.9502319122e-01    1.0000000000e+00
       158   -4.5688407481e+01    1.1776249525e+00    5.1990349934e+02    5.2000000000e+02    0.0000000000e+00   -4.5704808704e+01    9.9599548866e-01    9.9423076923e-01
       159   -4.5703189577e+01    1.2417332556e+00    5.1794353765e+02    5.1800000000e+02    0.0000000000e+00   -4.5706712582e+01    9.9446792292e-01    9.9034749035e-01
       160   -4.5786830662e+01    1.2673645389e+00    5.1626769860e+02    5.1600000000e+02    0.0000000000e+00   -4.5703019856e+01    9.9337845558e-01    9.9224806202e-01
       161   -4.5771948715e+01    1.1992109385e+00    5.1543057823e+02    5.1500000000e+02    0.0000000000e+00   -4.5700455305e+01    9.9281441868e-01    9.9805825243e-01
       162   -4.5777922073e+01    1.1904941047e+00    5.1638724478e+02    5.1600000000e+02    0.0000000000e+00   -4.5699394435e+01    9.9441342406e-01    9.9418604651e-01
       163   -4.5763518227e+01    1.3930833422e+00    5.1735275796e+02    5.1700000000e+02    0.0000000000e+00   -4.5701844611e+01    9.9419071312e-01    9.9419729207e-01
       164   -4.5729392272e+01    1.7684483447e+00    5.1720715823e+02    5.1700000000e+02    0.0000000000e+00   -4.5704200153e+01    9.9452314608e-01    9.9613152805e-01
       165   -4.5706841515e+01    1.4236312065e+00    5.1805764329e+02    5.1800000000e+02    0.0000000000e+00   -4.5704164147e+01    9.9458152050e-01    9.9806949807e-01
       166   -4.5719588397e+01    1.3712567408e+00    5.2003925884e+02    5.2000000000e+02    0.0000000000e+00   -4.5705894821e+01    9.9402447287e-01    9.9807692308e-01
       167   -4.5716235027e+01    1.1387760568e+00    5.2201652404e+02    5.2200000000e+02    0.0000000000e+00   -4.5709885778e+01    9.9525843650e-01    9.9616858238e-01
       168   -4.5717514084e+01    1.1324041210e+00    5.2100212332e+02    5.2100000000e+02    0.0000000000e+00   -4.5713828882e+01    9.9551362627e-01    9.9616122841e-01
       169   -4.5704650628e+01    1.1526023928e+00    5.1998340187e+02    5.2000000000e+02    0.0000000000e+00   -4.5712038521e+01    9.9316637466e-01    9.9615384615e-01
       170   -4.5679190978e+01    1.1176896538e+00    5.1888976087e+02    5.1900000000e+02    0.0000000000e+00   -4.5710148239e+01    9.9509605529e-01    9.9807321773e-01
       171   -4.5742536960e+01    1.1208501289e+00    5.1900077731e+02    5.1900000000e+02    0.0000000000e+00   -4.5707940252e+01    9.9443704095e-01    9.8843930636e-01
       172   -4.5709920667e+01    1.2533073525e+00    5.1510528233e+02    5.1500000000e+02    0.0000000000e+00   -4.5708469729e+01    9.9535808156e-01    9.9805825243e-01
       173   -4.5631896647e+01    1.0565096585e+00    5.1583703783e+02    5.1600000000e+02    0.0000000000e+00   -4.5701033905e+01    9.9409814155e-01    1.0000000000e+00
       174   -4.5643714612e+01    1.1123697023e+00    5.1765911901e+02    5.1800000000e+02    0.0000000000e+00   -4.5702043812e+01    9.9265660097e-01    9.9227799228e-01
       175   -4.5638192159e+01    1.2048960835e+00    5.1568919037e+02    5.1600000000e+02    0.0000000000e+00   -4.5705241721e+01    9.9354583888e-01    1.0000000000e+00
       176   -4.5660750452e+01    1.2229799857e+00    5.1771370290e+02    5.1800000000e+02    0.0000000000e+00   -4.5701069666e+01    9.9492915841e-01    9.9806949807e-01
       177   -4.5681882394e+01    1.3834040216e+00    5.1780775590e+02    5.1800000000e+02    0.0000000000e+00   -4.5704776738e+01    9.9431343775e-01    9.9420849421e-01
       178   -4.5625639903e+01    1.3077426932e+00    5.1673996468e+02    5.1700000000e+02    0.0000000000e+00   -4.5704883729e+01    9.9575821819e-01    1.0000000000e+00
       179   -4.5643583204e+01    1.2139784908e+00    5.1863305928e+02    5.1900000000e+02    0.0000000000e+00   -4.5702392013e+01    9.9435957910e-01    9.9807321773e-01
       180   -4.5670953398e+01    1.2150315878e+00    5.2073939809e+02    5.2100000000e+02    0.0000000000e+00   -4.5705738892e+01    9.9333878032e-01    9.9232245681e-01
       181   -4.5671936267e+01    1.1482036080e+00    5.1883272385e+02    5.1900000000e+02    0.0000000000e+00   -4.5709655887e+01    9.9521898859e-01    9.9036608863e-01
       182   -4.5722863076e+01    1.1740144381e+00    5.1497962222e+02    5.1500000000e+02    0.0000000000e+00   -4.5705859331e+01    9.9510383694e-01    9.9611650485e-01
       183   -4.5753521101e+01    1.1503280026e+00    5.1720604628e+02    5.1700000000e+02    0.0000000000e+00   -4.5698590784e+01    9.9380611578e-01    9.9613152805e-01
       184   -4.5709155189e+01    1.2052093068e+00    5.1815246358e+02    5.1800000000e+02    0.0000000000e+00   -4.5703275113e+01    9.9480830867e-01    9.9034749035e-01
       185   -4.5741715547e+01    1.3038504491e+00    5.1814688817e+02    5.1800000000e+02    0.0000000000e+00   -4.5705200256e+01    9.9439345243e-01    1.0000000000e+00
       186   -4.5718073158e+01    1.2165668826e+00    5.2012055562e+02    5.2000000000e+02    0.0000000000e+00   -4.5705481425e+01    9.9523018487e-01    9.9807692308e-01
       187   -4.5717131237e+01    1.0370934109e+00    5.2304362601e+02    5.2300000000e+02    0.0000000000e+00   -4.5709430139e+01    9.9327118942e-01    9.9235181644e-01
       188   -4.5770875009e+01    1.2999668710e+00    5.2014238462e+02    5.2000000000e+02    0.0000000000e+00   -4.5715173898e+01    9.9429407685e-01    9.9807692308e-01
       189   -4.5692885900e+01    1.0059890386e+00    5.1910048253e+02    5.1900000000e+02    0.0000000000e+00   -4.5710067480e+01    9.9468874020e-01    9.9614643545e-01
       190   -4.5677681228e+01    1.2226420775e+00    5.1687151848e+02    5.1700000000e+02    0.0000000000e+00   -4.5708054105e+01    9.9513020806e-01    9.9806576402e-01
       191   -4.5676925918e+01    1.2701313287e+00    5.1887093234e+02    5.1900000000e+02    0.0000000000e+00   -4.5703653886e+01    9.9413478283e-01    9.9807321773e-01
       192   -4.5706741415e+01    1.0916415517e+00    5.2091844005e+02    5.2100000000e+02    0.0000000000e+00   -4.5707414384e+01    9.9560058383e-01    9.9616122841e-01
       193   -4.5687101384e+01    1.0954851700e+00    5.2092653235e+02    5.2100000000e+02    0.0000000000e+00   -4.5711425867e+01    9.9481855556e-01    9.9424184261e-01
       194   -4.5705556991e+01    1.9148628754e+00    5.2184507258e+02    5.2200000000e+02    0.0000000000e+00   -4.5711400852e+01    9.9422365833e-01    9.9042145594e-01
       195   -4.5751275275e+01    1.2935855694e+00    5.1796861147e+02    5.1800000000e+02    0.0000000000e+00   -4.5713227956e+01    9.9411644880e-01    9.9806949807e-01
       196   -4.5750533086e+01    1.3502702169e+00    5.2022869940e+02    5.2000000000e+02    0.0000000000e+00   -4.5706096247e+01    9.9594562715e-01    1.0000000000e+00
       197   -4.5699542051e+01    1.2138437685e+00    5.2105425558e+02    5.2100000000e+02    0.0000000000e+00   -4.5710766659e+01    9.9550660262e-01    9.9616122841e-01
       198   -4.5689389791e+01    1.1401892796e+00    5.2191328883e+02    5.2200000000e+02    0.0000000000e+00   -4.5712378825e+01    9.9496796016e-01    1.0000000000e+00
       199   -4.5677902142e+01    1.3377962159e+00    5.2181548363e+02    5.2200000000e+02    0.0000000000e+00   -4.5713995612e+01    9.9572339734e-01    9.9616858238e-01
       200   -4.5672477637e+01    1.2396588931e+00    5.2179656407e+02    5.2200000000e+02    0.0000000000e+00   -4.5713714215e+01    9.9348232363e-01    9.9808429119e-01
       201   -4.5733629141e+01    1.1515844275e+00    5.2193037468e+02    5.2200000000e+02    0.0000000000e+00   -4.5713555045e+01    9.9489687663e-01    9.9425287356e-01
       202   -4.5751274514e+01    1.2032960446e+00    5.2116668099e+02    5.2100000000e+02    0.0000000000e+00   -4.5714025890e+01    9.9402412276e-01    9.9808061420e-01
       203   -4.5704744253e+01    1.1793673446e+00    5.2410209689e+02    5.2400000000e+02    0.0000000000e+00   -4.5712870123e+01    9.9473533692e-01    9.9618320611e-01
       204   -4.5745944351e+01    1.4282314151e+00    5.2402096364e+02    5.2400000000e+02    0.0000000000e+00   -4.5718538994e+01    9.9557645372e-01    9.9427480916e-01
       205   -4.5742966605e+01    1.2413986588e+00    5.2312319130e+02    5.2300000000e+02    0.0000000000e+00   -4.5718658595e+01    9.9409238940e-01    9.9808795411e-01
       206   -4.5747330697e+01    1.2425308250e+00    5.2919089213e+02    5.2900000000e+02    0.0000000000e+00   -4.5717199346e+01    9.9360862895e-01    9.9243856333e-01
       207   -4.5755379005e+01    1.0217443018e+00    5.2814271028e+02    5.2800000000e+02    0.0000000000e+00   -4.5729007646e+01    9.9546668103e-01    9.9810606061e-01
       208   -4.5655944748e+01    1.2109707551e+00    5.3189937168e+02    5.3200000000e+02    0.0000000000e+00   -4.5727340892e+01    9.9500208868e-01    1.0000000000e+00
       209   -4.5711548285e+01    1.0956329803e+00    5.3471782193e+02    5.3500000000e+02    0.0000000000e+00   -4.5734215166e+01    9.9558278797e-01    9.9626168224e-01
       210   -4.5656953363e+01    1.0513910638e+00    5.3269095697e+02    5.3300000000e+02    0.0000000000e+00   -4.5739581401e+01    9.9499447436e-01    9.9437148218e-01
       211   -4.5748767219e+01    1.1160205660e+00    5.3082187288e+02    5.3100000000e+02    0.0000000000e+00   -4.5735578361e+01    9.9518314588e-01    9.9811676083e-01
       212   -4.5713391490e+01    1.1620728619e+00    5.3198280002e+02    5.3200000000e+02    0.0000000000e+00   -4.5732338461e+01    9.9455560951e-01    9.9624060150e-01
       213   -4.5693544041e+01    1.0646096353e+00    5.2982253121e+02    5.3000000000e+02    0.0000000000e+00   -4.5734611996e+01    9.9255958172e-01    9.9433962264e-01
       214   -4.5665098327e+01    1.0771878063e+00    5.2972950359e+02    5.3000000000e+02    0.0000000000e+00   -4.5730528604e+01    9.9508109325e-01    9.9433962264e-01
       215   -4.5727325454e+01    1.0461039666e+00    5.2783309358e+02    5.2800000000e+02    0.0000000000e+00   -4.5730192941e+01    9.9385872306e-01    9.9621212121e-01
       216   -4.5665096099e+01    1.0486096727e+00    5.2583137062e+02    5.2600000000e+02    0.0000000000e+00   -4.5726765611e+01    9.9510873022e-01    9.9619771863e-01
       217   -4.5704804236e+01    1.0231543953e+00    5.2579280706e+02    5.2600000000e+02    0.0000000000e+00   -4.5722807615e+01    9.9309975498e-01    9.9809885932e-01
       218   -4.5706708041e+01    1.3173193845e+00    5.2489165083e+02    5.2500000000e+02    0.0000000000e+00   -4.5722777973e+01    9.9477336855e-01    1.0000000000e+00
       219   -4.5701202897e+01    1.1055909956e+00    5.2488455253e+02    5.2500000000e+02    0.0000000000e+00   -4.5721115431e+01    9.9495931578e-01    9.9809523810e-01
       220   -4.5702237439e+01    1.0205059086e+00    5.2690997262e+02    5.2700000000e+02    0.0000000000e+00   -4.5721126681e+01    9.9505552524e-01    9.9810246679e-01
       221   -4.5673315582e+01    1.1479597630e+00    5.2979848399e+02    5.3000000000e+02    0.0000000000e+00   -4.5725007720e+01    9.9308993635e-01    9.9622641509e-01
       222   -4.5723773294e+01    1.2590702079e+00    5.2881894084e+02    5.2900000000e+02    0.0000000000e+00   -4.5730360934e+01    9.9410384433e-01    9.9621928166e-01
       223   -4.5629005127e+01    1.1891308546e+00    5.2976825066e+02    5.3000000000e+02    0.0000000000e+00   -4.5728646209e+01    9.9401954029e-01    9.9622641509e-01
       224   -4.5634469130e+01    1.1519027421e+00    5.2847383033e+02    5.2900000000e+02    0.0000000000e+00   -4.5730109753e+01    9.9308874430e-01    9.9243856333e-01
       225   -4.5673291368e+01    1.1219342479e+00    5.2763221675e+02    5.2800000000e+02    0.0000000000e+00   -4.5727363267e+01    9.9480708206e-01    9.9621212121e-01
       226   -4.5631289784e+01    1.1504778221e+00    5.2560622142e+02    5.2600000000e+02    0.0000000000e+00   -4.5725660708e+01    9.9528239028e-01    9.9239543726e-01
       227   -4.5688705613e+01    1.3784777634e+00    5.2569249521e+02    5.2600000000e+02    0.0000000000e+00   -4.5721502921e+01    9.9408495602e-01    9.9809885932e-01
       228   -4.5695489026e+01    1.2701280562e+00    5.2784020730e+02    5.2800000000e+02    0.0000000000e+00   -4.5721635465e+01    9.9484793477e-01    9.9621212121e-01
       229   -4.5690046489e+01    1.2206442596e+00    5.2781324851e+02    5.2800000000e+02    0.0000000000e+00   -4.5725713807e+01    9.9490419254e-01    9.9810606061e-01
       230   -4.5675278022e+01    1.1076008128e+00    5.2674974107e+02    5.2700000000e+02    0.0000000000e+00   -4.5725637978e+01    9.9406575797e-01    1.0000000000e+00
       231   -4.5683764938e+01    1.0684190002e+00    5.2674438753e+02    5.2700000000e+02    0.0000000000e+00   -4.5723526502e+01    9.9356280107e-01    9.9620493359e-01
       232   -4.5690483469e+01    1.2527908529e+00    5.2780793968e+02    5.2800000000e+02    0.0000000000e+00   -4.5723462750e+01    9.9629625242e-01    9.9810606061e-01
       233   -4.5728582183e+01    1.2053964043e+00    5.2991794263e+02    5.3000000000e+02    0.0000000000e+00   -4.5725458277e+01    9.9454053305e-01    9.9811320755e-01
       234   -4.5756965077e+01    1.2112178612e+00    5.3206890575e+02    5.3200000000e+02    0.0000000000e+00   -4.5729604670e+01    9.9529528144e-01    9.9812030075e-01
       235   -4.5735891006e+01    1.2674161775e+00    5.3105095405e+02    5.3100000000e+02    0.0000000000e+00   -4.5733942750e+01    9.9505257839e-01    9.9623352166e-01
       236   -4.5659811367e+01    1.2799342402e+00    5.3081368956e+02    5.3100000000e+02    0.0000000000e+00   -4.5732214744e+01    9.9415270171e-01    9.9623352166e-01
       237   -4.5623773433e+01    1.0819574477e+00    5.2950700290e+02    5.3000000000e+02    0.0000000000e+00   -4.5731602561e+01    9.9542691278e-01    9.9056603774e-01
       238   -4.5656093789e+01    1.1572276441e+00    5.2556047140e+02    5.2600000000e+02    0.0000000000e+00   -4.5728808764e+01    9.9256614155e-01    9.9809885932e-01
       239   -4.5641477756e+01    1.1633685667e+00    5.2661880363e+02    5.2700000000e+02    0.0000000000e+00   -4.5721149124e+01    9.9422450266e-01    9.9240986717e-01
       240   -4.5618888698e+01    1.2078728832e+00    5.2652823891e+02    5.2700000000e+02    0.0000000000e+00   -4.5722917499e+01    9.9497929919e-01    9.9620493359e-01
       241   -4.5625018877e+01    1.1674315226e+00    5.2445892302e+02    5.2500000000e+02    0.0000000000e+00   -4.5722402178e+01    9.9502665465e-01    9.9428571429e-01
       242   -4.5685329020e+01    1.2179386667e+00    5.2469793805e+02    5.2500000000e+02    0.0000000000e+00   -4.5718151695e+01    9.9386495663e-01    1.0000000000e+00
       243   -4.5694412462e+01    1.2634150381e+00    5.2886292679e+02    5.2900000000e+02    0.0000000000e+00   -4.5718567954e+01    9.9618240498e-01    1.0000000000e+00
       244   -4.5684512000e+01    1.2890551497e+00    5.3282931653e+02    5.3300000000e+02    0.0000000000e+00   -4.5726476023e+01    9.9560438938e-01    9.9624765478e-01
       245   -4.5741571394e+01    1.2268988249e+00    5.3287555324e+02    5.3300000000e+02    0.0000000000e+00   -4.5733905398e+01    9.9524969530e-01    9.9249530957e-01
       246   -4.5712186896e+01    1.2935783305e+00    5.2894557832e+02    5.2900000000e+02    0.0000000000e+00   -4.5734202535e+01    9.9521200372e-01    9.9621928166e-01
       247   -4.5803277610e+01    1.3243542789e+00    5.2919338607e+02    5.2900000000e+02    0.0000000000e+00   -4.5726879236e+01    9.9461021369e-01    9.9810964083e-01
       248   -4.5767680560e+01    1.2805293465e+00    5.3029302567e+02    5.3000000000e+02    0.0000000000e+00   -4.5727825512e+01    9.9528759396e-01    9.9811320755e-01
       249   -4.5750358284e+01    1.3180048925e+00    5.3014064468e+02    5.3000000000e+02    0.0000000000e+00   -4.5730219583e+01    9.9334167388e-01    9.9811320755e-01
       250   -4.5706517650e+01    1.1438307067e+00    5.3302072385e+02    5.3300000000e+02    0.0000000000e+00   -4.5730172379e+01    9.9468982363e-01    9.9812382739e-01
       251   -4.5677685887e+01    9.7683324695e-01    5.3376308175e+02    5.3400000000e+02    0.0000000000e+00   -4.5735638670e+01    9.9355340524e-01    9.9438202247e-01
       252   -4.5741473346e+01    1.1417807760e+00    5.3186558591e+02    5.3200000000e+02    0.0000000000e+00   -4.5736954072e+01    9.9752311277e-01    9.9624060150e-01
       253   -4.5723809012e+01    1.0895949879e+00    5.3098635395e+02    5.3100000000e+02    0.0000000000e+00   -4.5733590853e+01    9.9501751596e-01    9.9435028249e-01
       254   -4.5706433675e+01    1.0580359992e+00    5.2789965695e+02    5.2800000000e+02    0.0000000000e+00   -4.5732057249e+01    9.9390819667e-01    9.9053030303e-01
       255   -4.5708271894e+01    9.8481131431e-01    5.2394276459e+02    5.2400000000e+02    0.0000000000e+00   -4.5726273055e+01    9.9383798726e-01    9.9618320611e-01
       256   -4.5675786395e+01    9.6213258422e-01    5.2185030818e+02    5.2200000000e+02    0.0000000000e+00   -4.5718802591e+01    9.9366902641e-01    9.9808429119e-01
       257   -4.5715206249e+01    1.0668512089e+00    5.2189094358e+02    5.2200000000e+02    0.0000000000e+00   -4.5714716709e+01    9.9612524104e-01    9.9616858238e-01
       258   -4.5697524170e+01    1.1264097177e+00    5.2395649213e+02    5.2400000000e+02    0.0000000000e+00   -4.5714876698e+01    9.9287820440e-01    9.9809160305e-01
       259   -4.5739320823e+01    1.2813761722e+00    5.2499295696e+02    5.2500000000e+02    0.0000000000e+00   -4.5718834157e+01    9.9500680874e-01    1.0000000000e+00
       260   -4.5695184824e+01    9.9956961523e-01    5.2595339892e+02    5.2600000000e+02    0.0000000000e+00   -4.5720991898e+01    9.9335130769e-01    9.9429657795e-01
       261   -4.5675721731e+01    1.0600798688e+00    5.2680277580e+02    5.2700000000e+02    0.0000000000e+00   -4.5722816566e+01    9.9452149098e-01    9.9051233397e-01
       262   -4.5681820545e+01    1.0766841123e+00    5.2277811228e+02    5.2300000000e+02    0.0000000000e+00   -4.5724346692e+01    9.9520985927e-01    9.9808795411e-01
       263   -4.5730842081e+01    1.3064889251e+00    5.2293051474e+02    5.2300000000e+02    0.0000000000e+00   -4.5716619853e+01    9.9476601536e-01    9.9808795411e-01
       264   -4.5750946182e+01    1.1565098918e+00    5.2210142876e+02    5.2200000000e+02    0.0000000000e+00   -4.5717055002e+01    9.9506091784e-01    9.9808429119e-01
       265   -4.5711872682e+01    1.1751315911e+00    5.2207767726e+02    5.2200000000e+02    0.0000000000e+00   -4.5715692834e+01    9.9555774893e-01    9.9233716475e-01
       266   -4.5739247701e+01    1.1170803711e+00    5.2006793932e+02    5.2000000000e+02    0.0000000000e+00   -4.5715711232e+01    9.9394508599e-01    1.0000000000e+00
       267   -4.5696397878e+01    1.2394800441e+00    5.2201494283e+02    5.2200000000e+02    0.0000000000e+00   -4.5712028507e+01    9.9258998616e-01    1.0000000000e+00
       268   -4.5729315349e+01    1.2330710356e+00    5.2295911921e+02    5.2300000000e+02    0.0000000000e+00   -4.5715765282e+01    9.9537661945e-01    9.9617590822e-01
       269   -4.5727682949e+01    1.2346168135e+00    5.2304824710e+02    5.2300000000e+02    0.0000000000e+00   -4.5717704579e+01    9.9323028656e-01    9.9808795411e-01
       270   -4.5741666027e+01    1.1601505765e+00    5.2206577379e+02    5.2200000000e+02    0.0000000000e+00   -4.5717999622e+01    9.9467913673e-01    9.9616858238e-01
       271   -4.5751422629e+01    1.1022480005e+00    5.2115073385e+02    5.2100000000e+02    0.0000000000e+00   -4.5716298840e+01    9.9516692574e-01    9.9616122841e-01
       272   -4.5715178809e+01    1.0975390998e+00    5.2109556596e+02    5.2100000000e+02    0.0000000000e+00   -4.5714761210e+01    9.9407021184e-01    9.9616122841e-01
       273   -4.5703165505e+01    1.2738178105e+00    5.1996453665e+02    5.2000000000e+02    0.0000000000e+00   -4.5714727016e+01    9.9567780775e-01    9.9615384615e-01
       274   -4.5599935837e+01    1.2922527820e+00    5.2269910575e+02    5.2300000000e+02    0.0000000000e+00   -4.5712577982e+01    9.9474158072e-01    1.0000000000e+00
       275   -4.5675855275e+01    1.2888428125e+00    5.2457096525e+02    5.2500000000e+02    0.0000000000e+00   -4.5717442146e+01    9.9359081787e-01    9.9428571429e-01
       276   -4.5693732464e+01    1.1037805724e+00    5.2381434393e+02    5.2400000000e+02    0.0000000000e+00   -4.5720935228e+01    9.9449775605e-01    1.0000000000e+00
       277   -4.5703458439e+01    1.4901461316e+00    5.2483899954e+02    5.2500000000e+02    0.0000000000e+00   -4.5719480359e+01    9.9537450057e-01    9.9428571429e-01
       278   -4.5685154174e+01    1.0774158005e+00    5.2386168930e+02    5.2400000000e+02    0.0000000000e+00   -4.5721460912e+01    9.9447005815e-01    9.9618320611e-01
       279   -4.5761514751e+01    1.3216410789e+00    5.2402573458e+02    5.2400000000e+02    0.0000000000e+00   -4.5719552506e+01    9.9450525008e-01    9.9236641221e-01
       280   -4.5768391283e+01    1.1052178733e+00    5.2222920978e+02    5.2200000000e+02    0.0000000000e+00   -4.5720115086e+01    9.9556576771e-01    9.9616858238e-01
       281   -4.5713219064e+01    1.1301085292e+00    5.2211489647e+02    5.2200000000e+02    0.0000000000e+00   -4.5716954798e+01    9.9676453150e-01    9.9233716475e-01
       282   -4.5737809154e+01    1.1841151172e+00    5.2004844747e+02    5.2000000000e+02    0.0000000000e+00   -4.5716797125e+01    9.9516284054e-01    9.9807692308e-01
       283   -4.5663001368e+01    1.0849499979e+00    5.2394733635e+02    5.2400000000e+02    0.0000000000e+00   -4.5712985706e+01    9.9427813339e-01    9.9427480916e-01
       284   -4.5706397823e+01    1.2926968744e+00    5.2281929431e+02    5.2300000000e+02    0.0000000000e+00   -4.5720324653e+01    9.9441706812e-01    9.9617590822e-01
       285   -4.5690120860e+01    1.2242331740e+00    5.2188732324e+02    5.2200000000e+02    0.0000000000e+00   -4.5718203853e+01    9.9398548687e-01    9.9808429119e-01
       286   -4.5708832664e+01    1.0385004403e+00    5.2290303617e+02    5.2300000000e+02    0.0000000000e+00   -4.5716392714e+01    9.9303397177e-01    1.0000000000e+00
       287   -4.5695712781e+01    1.0168796552e+00    5.2389736572e+02    5.2400000000e+02    0.0000000000e+00   -4.5718380375e+01    9.9513838925e-01    9.9427480916e-01
       288   -4.5655660396e+01    9.5777724865e-01    5.2175485425e+02    5.2200000000e+02    0.0000000000e+00   -4.5720274170e+01    9.9551083053e-01    9.9808429119e-01
       289   -4.5683445874e+01    1.0483516532e+00    5.2277518165e+02    5.2300000000e+02    0.0000000000e+00   -4.5716021416e+01    9.9479283866e-01    1.0000000000e+00
       290   -4.5665288050e+01    1.1605784854e+00    5.2476270273e+02    5.2500000000e+02    0.0000000000e+00   -4.5717924326e+01    9.9402114566e-01    9.9619047619e-01
       291   -4.5714043845e+01    1.1184556823e+00    5.2482647049e+02    5.2500000000e+02    0.0000000000e+00   -4.5721601605e+01    9.9208642079e-01    9.9619047619e-01
       292   -4.5735228495e+01    1.0793309885e+00    5.2703035612e+02    5.2700000000e+02    0.0000000000e+00   -4.5721785849e+01    9.9322203206e-01    9.9430740038e-01
       293   -4.5708730406e+01    1.1735307332e+00    5.2798467391e+02    5.2800000000e+02    0.0000000000e+00   -4.5726116197e+01    9.9571363276e-01    9.9810606061e-01
       294   -4.5767827396e+01    1.0967227246e+00    5.2904835140e+02    5.2900000000e+02    0.0000000000e+00   -4.5727967450e+01    9.9485666500e-01    9.9621928166e-01
       295   -4.5748372711e+01    1.1058507563e+00    5.3115880281e+02    5.3100000000e+02    0.0000000000e+00   -4.5730236759e+01    9.9491187402e-01    9.9623352166e-01
       296   -4.5753647361e+01    1.0492174148e+00    5.3209514579e+02    5.3200000000e+02    0.0000000000e+00   -4.5734402358e+01    9.9506651909e-01    9.9812030075e-01
       297   -4.5738682979e+01    1.1829294631e+00    5.3304546838e+02    5.3300000000e+02    0.0000000000e+00   -4.5736365736e+01    9.9389532816e-01    9.9812382739e-01
       298   -4.5741344907e+01    1.0480774603e+00    5.3298861635e+02    5.3300000000e+02    0.0000000000e+00   -4.5738296960e+01    9.9495445164e-01    9.9437148218e-01
       299   -4.5732342116e+01    1.0962540819e+00    5.3098736876e+02    5.3100000000e+02    0.0000000000e+00   -4.5738345604e+01    9.9393410965e-01    9.9811676083e-01
