#   index    LocalEnergy         LocalEnergy_sq      LocalPotential      Kinetic             LocalECP            NonLocalECP         ElecElec            IonIon              MPC                 BlockWeight         BlockCPU            AcceptRatio         
         0   -4.5586888443e+01    2.0795583453e+03   -8.0877396884e+01    3.5290508441e+01   -2.1537078609e+01    3.1234465502e+00   -1.1361086744e+01   -5.1102678081e+01   -1.1051123068e+01    5.1200000000e+02    1.0454298670e+00    7.3860677083e-01
         1   -4.5631037909e+01    2.0833815582e+03   -8.1103967324e+01    3.5472929414e+01   -2.1904183277e+01    3.1491527193e+00   -1.1246258684e+01   -5.1102678081e+01   -1.0964041749e+01    5.1200000000e+02    1.0639616980e+00    7.3659261068e-01
         2   -4.5601637518e+01    2.0807354267e+03   -8.1067585451e+01    3.5465947933e+01   -2.1842956765e+01    3.1891954071e+00   -1.1311146012e+01   -5.1102678081e+01   -1.1024066180e+01    5.1200000000e+02    1.0587174540e+00    7.3870849609e-01
         3   -4.5482668118e+01    2.0698398916e+03   -8.1276914786e+01    3.5794246668e+01   -2.1714712073e+01    2.8477348520e+00   -1.1307259484e+01   -5.1102678081e+01   -1.1025296615e+01    5.1200000000e+02    1.0321165560e+00    7.3345947266e-01
         4   -4.5593339715e+01    2.0800084658e+03   -8.1155064415e+01    3.5561724700e+01   -2.2153664714e+01    3.4007570291e+00   -1.1299478649e+01   -5.1102678081e+01   -1.1026559630e+01    5.1200000000e+02    1.0242710440e+00    7.3600260417e-01
         5   -4.5671282055e+01    2.0869205627e+03   -8.1589912666e+01    3.5918630611e+01   -2.2316815166e+01    3.1072642505e+00   -1.1277683670e+01   -5.1102678081e+01   -1.1001681304e+01    5.1200000000e+02    1.0206108540e+00    7.3754882812e-01
         6   -4.5537116168e+01    2.0747259238e+03   -8.0948473580e+01    3.5411357411e+01   -2.1735762248e+01    3.2316608717e+00   -1.1341694122e+01   -5.1102678081e+01   -1.1052782640e+01    5.1200000000e+02    1.0233382580e+00    7.3577880859e-01
         7   -4.5528351691e+01    2.0742388664e+03   -8.1262766771e+01    3.5734415080e+01   -2.1588156027e+01    2.8663336204e+00   -1.1438266283e+01   -5.1102678081e+01   -1.1148124745e+01    5.1200000000e+02    1.0655365200e+00    7.3671468099e-01
         8   -4.5598151137e+01    2.0803910733e+03   -8.1275492047e+01    3.5677340911e+01   -2.1283413174e+01    2.5311837688e+00   -1.1420584561e+01   -5.1102678081e+01   -1.1119749137e+01    5.1200000000e+02    1.0105138340e+00    7.3634847005e-01
         9   -4.5539188853e+01    2.0750471886e+03   -8.1181832532e+01    3.5642643679e+01   -2.1179673676e+01    2.6816575760e+00   -1.1581138351e+01   -5.1102678081e+01   -1.1288344001e+01    5.1200000000e+02    1.0322150780e+00    7.3891194661e-01
        10   -4.5588995140e+01    2.0795457142e+03   -8.0804684553e+01    3.5215689412e+01   -2.1332639904e+01    3.0949465870e+00   -1.1464313155e+01   -5.1102678081e+01   -1.1169061573e+01    5.1200000000e+02    1.0172372910e+00    7.3868815104e-01
        11   -4.5521501021e+01    2.0732196056e+03   -8.0293656129e+01    3.4772155109e+01   -2.1023445378e+01    3.2634903893e+00   -1.1431023060e+01   -5.1102678081e+01   -1.1145512508e+01    5.1200000000e+02    1.0260451870e+00    7.3785400391e-01
        12   -4.5550790814e+01    2.0762129232e+03   -8.1013519094e+01    3.5462728280e+01   -2.1645264020e+01    3.0905484462e+00   -1.1356125439e+01   -5.1102678081e+01   -1.1071839378e+01    5.1200000000e+02    1.0229482120e+00    7.3482259115e-01
        13   -4.5628091294e+01    2.0829619615e+03   -8.1358103324e+01    3.5730012030e+01   -2.2124142500e+01    3.1833690714e+00   -1.1314651814e+01   -5.1102678081e+01   -1.1019708362e+01    5.1200000000e+02    1.0796080730e+00    7.3866780599e-01
        14   -4.5546014463e+01    2.0755668586e+03   -8.1295092913e+01    3.5749078450e+01   -2.1609007612e+01    2.9494429373e+00   -1.1532850157e+01   -5.1102678081e+01   -1.1242388243e+01    5.1200000000e+02    1.1052763880e+00    7.3779296875e-01
        15   -4.5533654201e+01    2.0745321963e+03   -8.1414700168e+01    3.5881045967e+01   -2.2205866479e+01    3.3938618974e+00   -1.1500017505e+01   -5.1102678081e+01   -1.1221607530e+01    5.1200000000e+02    1.0446449870e+00    7.4127197266e-01
        16   -4.5484968179e+01    2.0699394016e+03   -8.1106760652e+01    3.5621792473e+01   -2.1456091240e+01    2.8765371240e+00   -1.1424528455e+01   -5.1102678081e+01   -1.1141273176e+01    5.1200000000e+02    1.0285038200e+00    7.4013264974e-01
        17   -4.5599067114e+01    2.0803589174e+03   -8.0292674153e+01    3.4693607040e+01   -2.0938432013e+01    3.2459449565e+00   -1.1497509016e+01   -5.1102678081e+01   -1.1219945656e+01    5.1200000000e+02    1.0180540370e+00    7.3878987630e-01
        18   -4.5460071229e+01    2.0677508084e+03   -8.1462919597e+01    3.6002848368e+01   -2.1871491865e+01    3.0399751732e+00   -1.1528724824e+01   -5.1102678081e+01   -1.1245996325e+01    5.1200000000e+02    1.0118209400e+00    7.3250325521e-01
        19   -4.5587928343e+01    2.0793981451e+03   -8.0754989879e+01    3.5167061535e+01   -2.1571851761e+01    3.2173666611e+00   -1.1297826698e+01   -5.1102678081e+01   -1.1008696643e+01    5.1200000000e+02    1.0320194160e+00    7.3529052734e-01
        20   -4.5518249749e+01    2.0731591450e+03   -8.1102363684e+01    3.5584113935e+01   -2.1629175768e+01    3.1408855046e+00   -1.1511395340e+01   -5.1102678081e+01   -1.1236446088e+01    5.1200000000e+02    1.0220581070e+00    7.3581949870e-01
        21   -4.5555036062e+01    2.0764989532e+03   -8.1150460037e+01    3.5595423975e+01   -2.1862781418e+01    3.3214026115e+00   -1.1506403150e+01   -5.1102678081e+01   -1.1221392240e+01    5.1200000000e+02    1.0173411670e+00    7.3730468750e-01
        22   -4.5506106166e+01    2.0718710055e+03   -8.1380741621e+01    3.5874635455e+01   -2.1952928593e+01    2.7427713841e+00   -1.1067906330e+01   -5.1102678081e+01   -1.0779452424e+01    5.1200000000e+02    1.0495425060e+00    7.3600260417e-01
        23   -4.5566016504e+01    2.0774793764e+03   -8.0961825656e+01    3.5395809151e+01   -2.1599824827e+01    3.0832570499e+00   -1.1342579797e+01   -5.1102678081e+01   -1.1075989448e+01    5.1200000000e+02    1.0269466060e+00    7.3962402344e-01
        24   -4.5650324391e+01    2.0851588087e+03   -8.1148593634e+01    3.5498269243e+01   -2.2011553081e+01    3.3210231071e+00   -1.1355385579e+01   -5.1102678081e+01   -1.1102523108e+01    5.1200000000e+02    1.0139107010e+00    7.3465983073e-01
        25   -4.5618718787e+01    2.0824507073e+03   -8.1094531410e+01    3.5475812623e+01   -2.1848904562e+01    3.1217864599e+00   -1.1264735227e+01   -5.1102678081e+01   -1.1002639607e+01    5.1200000000e+02    1.0201567240e+00    7.3909505208e-01
        26   -4.5600379714e+01    2.0804162595e+03   -8.0933471364e+01    3.5333091650e+01   -2.1736066336e+01    3.3443583435e+00   -1.1439085290e+01   -5.1102678081e+01   -1.1159947508e+01    5.1200000000e+02    1.0130073720e+00    7.3876953125e-01
        27   -4.5634585355e+01    2.0836613455e+03   -8.1221013791e+01    3.5586428436e+01   -2.1717696691e+01    3.0886245426e+00   -1.1489263562e+01   -5.1102678081e+01   -1.1206447990e+01    5.1200000000e+02    1.0167744910e+00    7.3769124349e-01
        28   -4.5620012115e+01    2.0823818219e+03   -8.0987672311e+01    3.5367660195e+01   -2.2133070830e+01    3.3176705838e+00   -1.1069593983e+01   -5.1102678081e+01   -1.0772604546e+01    5.1200000000e+02    1.0174316230e+00    7.4125162760e-01
        29   -4.5598824413e+01    2.0806279087e+03   -8.0986273899e+01    3.5387449486e+01   -2.1749532547e+01    3.3359223883e+00   -1.1469985659e+01   -5.1102678081e+01   -1.1191021970e+01    5.1200000000e+02    1.0274726580e+00    7.3557535807e-01
        30   -4.5615642007e+01    2.0823955091e+03   -8.0933939901e+01    3.5318297894e+01   -2.1424461297e+01    3.0557349200e+00   -1.1462535443e+01   -5.1102678081e+01   -1.1179422541e+01    5.1200000000e+02    1.0130489210e+00    7.3999023438e-01
        31   -4.5592385327e+01    2.0801051139e+03   -8.1363266389e+01    3.5770881062e+01   -2.1926331758e+01    3.1241851804e+00   -1.1458441731e+01   -5.1102678081e+01   -1.1169375237e+01    5.1200000000e+02    1.0760267980e+00    7.3638916016e-01
        32   -4.5594501556e+01    2.0798750787e+03   -8.1517637643e+01    3.5923136087e+01   -2.2018447316e+01    2.9747405379e+00   -1.1371252784e+01   -5.1102678081e+01   -1.1094887312e+01    5.1200000000e+02    1.0503135070e+00    7.3647054036e-01
        33   -4.5573356488e+01    2.0782800893e+03   -8.1564131578e+01    3.5990775090e+01   -2.2113026919e+01    3.1966848618e+00   -1.1545111439e+01   -5.1102678081e+01   -1.1265397210e+01    5.1200000000e+02    1.0167607540e+00    7.3852539062e-01
        34   -4.5490518650e+01    2.0706921304e+03   -8.1315390058e+01    3.5824871408e+01   -2.1752887813e+01    3.1933569620e+00   -1.1653181126e+01   -5.1102678081e+01   -1.1355022856e+01    5.1200000000e+02    1.0636363230e+00    7.3431396484e-01
        35   -4.5530850681e+01    2.0742541406e+03   -8.1319678004e+01    3.5788827323e+01   -2.1669210102e+01    2.9797327848e+00   -1.1527522606e+01   -5.1102678081e+01   -1.1231013255e+01    5.1200000000e+02    1.0335063630e+00    7.3372395833e-01
        36   -4.5608876918e+01    2.0814566740e+03   -8.0976542628e+01    3.5367665710e+01   -2.1714172729e+01    3.0504135275e+00   -1.1210105346e+01   -5.1102678081e+01   -1.0911171193e+01    5.1200000000e+02    1.0319250500e+00    7.3547363281e-01
        37   -4.5570840959e+01    2.0778333074e+03   -8.1832218656e+01    3.6261377698e+01   -2.2102756907e+01    2.7458133018e+00   -1.1372596970e+01   -5.1102678081e+01   -1.1083076790e+01    5.1200000000e+02    1.0290070300e+00    7.3793538411e-01
        38   -4.5605668983e+01    2.0811689115e+03   -8.1295023325e+01    3.5689354342e+01   -2.1832009970e+01    2.9638295943e+00   -1.1324164868e+01   -5.1102678081e+01   -1.1029044747e+01    5.1200000000e+02    1.0152805410e+00    7.3374430339e-01
        39   -4.5552386307e+01    2.0762807983e+03   -8.1203056061e+01    3.5650669755e+01   -2.1940825387e+01    3.2259189460e+00   -1.1385471540e+01   -5.1102678081e+01   -1.1107171567e+01    5.1200000000e+02    1.0285225160e+00    7.3600260417e-01
        40   -4.5650180101e+01    2.0852014642e+03   -8.1075086562e+01    3.5424906461e+01   -2.1691224928e+01    3.0227737437e+00   -1.1303957296e+01   -5.1102678081e+01   -1.1042384600e+01    5.1200000000e+02    1.0146283830e+00    7.3592122396e-01
        41   -4.5586859948e+01    2.0793400902e+03   -8.0720296758e+01    3.5133436810e+01   -2.1462299034e+01    3.1646450714e+00   -1.1319964715e+01   -5.1102678081e+01   -1.1049955026e+01    5.1200000000e+02    1.0118627560e+00    7.3472086589e-01
        42   -4.5504267153e+01    2.0719343904e+03   -8.1331175437e+01    3.5826908284e+01   -2.1525970118e+01    2.7454422351e+00   -1.1447969473e+01   -5.1102678081e+01   -1.1155792249e+01    5.1200000000e+02    1.0151068960e+00    7.3642985026e-01
        43   -4.5627074673e+01    2.0829548677e+03   -8.0601758201e+01    3.4974683529e+01   -2.1716250727e+01    3.6898680714e+00   -1.1472697465e+01   -5.1102678081e+01   -1.1195972030e+01    5.1200000000e+02    1.0162755120e+00    7.3763020833e-01
        44   -4.5533543297e+01    2.0744708341e+03   -8.0996567776e+01    3.5463024478e+01   -2.1915998764e+01    3.5056485202e+00   -1.1483539451e+01   -5.1102678081e+01   -1.1198203382e+01    5.1200000000e+02    1.0303766730e+00    7.3557535807e-01
        45   -4.5535243768e+01    2.0747795230e+03   -8.0669932692e+01    3.5134688925e+01   -2.1498505577e+01    3.2796263957e+00   -1.1348375430e+01   -5.1102678081e+01   -1.1070810826e+01    5.1200000000e+02    1.0176086070e+00    7.3734537760e-01
        46   -4.5635244385e+01    2.0838149869e+03   -8.0661091904e+01    3.5025847520e+01   -2.1231703355e+01    3.1417977415e+00   -1.1468508209e+01   -5.1102678081e+01   -1.1205962782e+01    5.1200000000e+02    1.0078820470e+00    7.3708089193e-01
        47   -4.5558532691e+01    2.0768212121e+03   -8.0802051295e+01    3.5243518604e+01   -2.1597253389e+01    3.4406658963e+00   -1.1542785721e+01   -5.1102678081e+01   -1.1264010048e+01    5.1200000000e+02    1.0131031000e+00    7.3817952474e-01
        48   -4.5581191322e+01    2.0788241263e+03   -8.1683223886e+01    3.6102032564e+01   -2.2162466570e+01    3.0659889358e+00   -1.1484068171e+01   -5.1102678081e+01   -1.1209898340e+01    5.1200000000e+02    1.0386846830e+00    7.3946126302e-01
        49   -4.5566075007e+01    2.0778418238e+03   -8.2063140111e+01    3.6497065104e+01   -2.2277647967e+01    2.7688902205e+00   -1.1451704284e+01   -5.1102678081e+01   -1.1179119296e+01    5.1200000000e+02    1.0339385830e+00    7.3506673177e-01
        50   -4.5672186257e+01    2.0872154788e+03   -8.1661488614e+01    3.5989302357e+01   -2.1776854540e+01    2.6118086418e+00   -1.1393764634e+01   -5.1102678081e+01   -1.1118812803e+01    5.1200000000e+02    1.0137671660e+00    7.3848470052e-01
        51   -4.5697747863e+01    2.0894610259e+03   -8.1188475522e+01    3.5490727659e+01   -2.1673091395e+01    3.0018835401e+00   -1.1414589587e+01   -5.1102678081e+01   -1.1140903598e+01    5.1200000000e+02    1.0136083390e+00    7.3427327474e-01
        52   -4.5565582917e+01    2.0775304767e+03   -8.0854644005e+01    3.5289061088e+01   -2.1680986573e+01    3.3664759485e+00   -1.1437455299e+01   -5.1102678081e+01   -1.1158344416e+01    5.1200000000e+02    1.0070494560e+00    7.3624674479e-01
        53   -4.5579959133e+01    2.0787493052e+03   -8.1463434769e+01    3.5883475637e+01   -2.2026622958e+01    2.9789187922e+00   -1.1313052522e+01   -5.1102678081e+01   -1.1034929151e+01    5.1200000000e+02    1.0114320680e+00    7.3872884115e-01
        54   -4.5621434307e+01    2.0825144645e+03   -8.0579563648e+01    3.4958129341e+01   -2.1688776102e+01    3.3575879291e+00   -1.1145697395e+01   -5.1102678081e+01   -1.0851626765e+01    5.1200000000e+02    1.0119692530e+00    7.3571777344e-01
        55   -4.5631337025e+01    2.0834284043e+03   -8.0760764365e+01    3.5129427340e+01   -2.1808764573e+01    3.5013097631e+00   -1.1350631474e+01   -5.1102678081e+01   -1.1076136651e+01    5.1200000000e+02    1.0179652180e+00    7.3775227865e-01
        56   -4.5653523997e+01    2.0854135777e+03   -8.1644958864e+01    3.5991434867e+01   -2.2466356227e+01    3.0912534166e+00   -1.1167177972e+01   -5.1102678081e+01   -1.0890977704e+01    5.1200000000e+02    1.0100034930e+00    7.3677571615e-01
        57   -4.5603122758e+01    2.0808689254e+03   -8.1518737362e+01    3.5915614604e+01   -2.2335031890e+01    3.2588423776e+00   -1.1339869768e+01   -5.1102678081e+01   -1.1046467270e+01    5.1200000000e+02    1.0091885760e+00    7.3673502604e-01
        58   -4.5617980313e+01    2.0823059508e+03   -8.0980018601e+01    3.5362038288e+01   -2.1348773534e+01    2.8298909992e+00   -1.1358457985e+01   -5.1102678081e+01   -1.1078863558e+01    5.1200000000e+02    1.0070344890e+00    7.3724365234e-01
        59   -4.5611048212e+01    2.0813971213e+03   -8.1426375313e+01    3.5815327102e+01   -2.2107955496e+01    3.3815596929e+00   -1.1597301429e+01   -5.1102678081e+01   -1.1329797204e+01    5.1200000000e+02    1.0138633500e+00    7.3626708984e-01
        60   -4.5604774417e+01    2.0811038247e+03   -8.1446925641e+01    3.5842151224e+01   -2.2354755458e+01    3.4614749727e+00   -1.1450967075e+01   -5.1102678081e+01   -1.1177326337e+01    5.1200000000e+02    1.0075208640e+00    7.3455810547e-01
        61   -4.5512451521e+01    2.0725021590e+03   -8.1534802265e+01    3.6022350744e+01   -2.2074788285e+01    2.9946219181e+00   -1.1351957817e+01   -5.1102678081e+01   -1.1081353837e+01    5.1200000000e+02    1.0148993040e+00    7.3728434245e-01
        62   -4.5652670627e+01    2.0854709089e+03   -8.1127734447e+01    3.5475063821e+01   -2.2121564174e+01    3.3066809557e+00   -1.1210173148e+01   -5.1102678081e+01   -1.0928270193e+01    5.1200000000e+02    1.0086391640e+00    7.3848470052e-01
        63   -4.5644652436e+01    2.0846854521e+03   -8.1520483856e+01    3.5875831420e+01   -2.1947064759e+01    2.8931269787e+00   -1.1363867994e+01   -5.1102678081e+01   -1.1106891227e+01    5.1200000000e+02    1.0068180610e+00    7.3929850260e-01
        64   -4.5642031837e+01    2.0846082790e+03   -8.1305189393e+01    3.5663157557e+01   -2.1876081621e+01    3.1694488433e+00   -1.1495878534e+01   -5.1102678081e+01   -1.1225951687e+01    5.1200000000e+02    1.0092095140e+00    7.3496500651e-01
        65   -4.5563483882e+01    2.0774430936e+03   -8.1718365409e+01    3.6154881526e+01   -2.2027278569e+01    2.9571357410e+00   -1.1545544499e+01   -5.1102678081e+01   -1.1282402489e+01    5.1200000000e+02    1.0134993700e+00    7.3415120443e-01
        66   -4.5654919151e+01    2.0854684080e+03   -8.1397728376e+01    3.5742809224e+01   -2.2306917465e+01    3.3620435444e+00   -1.1350176374e+01   -5.1102678081e+01   -1.1052935657e+01    5.1200000000e+02    1.0134724270e+00    7.3726399740e-01
        67   -4.5576397563e+01    2.0785114660e+03   -8.1270856216e+01    3.5694458653e+01   -2.2011084308e+01    3.3167908605e+00   -1.1473884688e+01   -5.1102678081e+01   -1.1174121096e+01    5.1200000000e+02    1.0064366130e+00    7.3492431641e-01
        68   -4.5564503802e+01    2.0776557390e+03   -8.0989956543e+01    3.5425452740e+01   -2.1596725273e+01    3.0005897907e+00   -1.1291142979e+01   -5.1102678081e+01   -1.1000358356e+01    5.1200000000e+02    1.0593777520e+00    7.3600260417e-01
        69   -4.5536862747e+01    2.0746795990e+03   -8.1189748206e+01    3.5652885459e+01   -2.1835799508e+01    3.0863626032e+00   -1.1337633220e+01   -5.1102678081e+01   -1.1045189683e+01    5.1200000000e+02    1.0213939280e+00    7.3649088542e-01
        70   -4.5531147864e+01    2.0746346618e+03   -8.1592521299e+01    3.6061373435e+01   -2.2148669329e+01    3.0321486769e+00   -1.1373322566e+01   -5.1102678081e+01   -1.1073633398e+01    5.1200000000e+02    1.0121118460e+00    7.3508707682e-01
        71   -4.5587693998e+01    2.0795574564e+03   -8.1904896277e+01    3.6317202279e+01   -2.2492814581e+01    3.0004755969e+00   -1.1309879211e+01   -5.1102678081e+01   -1.1027184759e+01    5.1200000000e+02    1.0124013100e+00    7.3870849609e-01
        72   -4.5498138101e+01    2.0713650280e+03   -8.1528712667e+01    3.6030574566e+01   -2.2297782875e+01    3.2521875877e+00   -1.1380439298e+01   -5.1102678081e+01   -1.1091059082e+01    5.1200000000e+02    1.0144442510e+00    7.3718261719e-01
        73   -4.5517187165e+01    2.0730064404e+03   -8.1670858224e+01    3.6153671059e+01   -2.2455532003e+01    3.1113901911e+00   -1.1224038331e+01   -5.1102678081e+01   -1.0952634620e+01    5.1200000000e+02    1.0088946110e+00    7.4141438802e-01
        74   -4.5541282523e+01    2.0752836990e+03   -8.0847840476e+01    3.5306557953e+01   -2.1737452839e+01    3.2304202188e+00   -1.1238129774e+01   -5.1102678081e+01   -1.0977936496e+01    5.1200000000e+02    1.0126466910e+00    7.3598225911e-01
        75   -4.5567824794e+01    2.0776632769e+03   -8.1330544593e+01    3.5762719800e+01   -2.2064856508e+01    3.2982747288e+00   -1.1461284733e+01   -5.1102678081e+01   -1.1194707645e+01    5.1200000000e+02    1.0060783140e+00    7.3903401693e-01
        76   -4.5629469284e+01    2.0834314000e+03   -8.1298088673e+01    3.5668619389e+01   -2.1825044416e+01    3.1663716767e+00   -1.1536737853e+01   -5.1102678081e+01   -1.1251215481e+01    5.1200000000e+02    9.9741516200e-01    7.3284912109e-01
        77   -4.5656596543e+01    2.0858115890e+03   -8.1196284145e+01    3.5539687602e+01   -2.1897355716e+01    3.1798893996e+00   -1.1376139748e+01   -5.1102678081e+01   -1.1101517425e+01    5.1200000000e+02    9.9902630800e-01    7.3671468099e-01
        78   -4.5537855194e+01    2.0748630096e+03   -8.1212986316e+01    3.5675131122e+01   -2.1493320365e+01    2.9148492100e+00   -1.1531837080e+01   -5.1102678081e+01   -1.1254100240e+01    5.1200000000e+02    1.0036360350e+00    7.3557535807e-01
        79   -4.5581343951e+01    2.0787612308e+03   -8.0950486860e+01    3.5369142909e+01   -2.1381994424e+01    3.1553857541e+00   -1.1621200109e+01   -5.1102678081e+01   -1.1351032465e+01    5.1200000000e+02    1.0088634160e+00    7.3687744141e-01
        80   -4.5594523549e+01    2.0800099574e+03   -8.0896506798e+01    3.5301983249e+01   -2.1409629687e+01    3.1230663563e+00   -1.1507265386e+01   -5.1102678081e+01   -1.1243737508e+01    5.1200000000e+02    1.0005119240e+00    7.3476155599e-01
        81   -4.5597334413e+01    2.0801589530e+03   -8.0341285759e+01    3.4743951346e+01   -2.0638297298e+01    2.7805141045e+00   -1.1380824485e+01   -5.1102678081e+01   -1.1113961248e+01    5.1200000000e+02    1.0013098050e+00    7.3746744792e-01
        82   -4.5537643842e+01    2.0750107888e+03   -8.0915882044e+01    3.5378238203e+01   -2.1383941725e+01    2.9836667056e+00   -1.1412928943e+01   -5.1102678081e+01   -1.1137515761e+01    5.1200000000e+02    9.9853862500e-01    7.3671468099e-01
        83   -4.5614779003e+01    2.0820520433e+03   -8.0950972873e+01    3.5336193869e+01   -2.1504370055e+01    3.0458993434e+00   -1.1389824080e+01   -5.1102678081e+01   -1.1134073085e+01    5.1200000000e+02    1.0011579870e+00    7.3708089193e-01
        84   -4.5652941733e+01    2.0853638247e+03   -8.1120394281e+01    3.5467452548e+01   -2.2059458364e+01    3.3949767844e+00   -1.1353234620e+01   -5.1102678081e+01   -1.1068500599e+01    5.1200000000e+02    1.0049035780e+00    7.3905436198e-01
        85   -4.5591130177e+01    2.0797382200e+03   -8.0976668379e+01    3.5385538202e+01   -2.1760415035e+01    3.0985007469e+00   -1.1212076010e+01   -5.1102678081e+01   -1.0931718066e+01    5.1200000000e+02    1.0088990910e+00    7.4068196615e-01
        86   -4.5626413663e+01    2.0829459071e+03   -8.1082292259e+01    3.5455878596e+01   -2.1271289864e+01    2.6866725373e+00   -1.1394996851e+01   -5.1102678081e+01   -1.1110365958e+01    5.1200000000e+02    1.0119793290e+00    7.3272705078e-01
        87   -4.5600338076e+01    2.0806581838e+03   -8.1510122580e+01    3.5909784504e+01   -2.1775290973e+01    2.9251344463e+00   -1.1557287973e+01   -5.1102678081e+01   -1.1280603028e+01    5.1200000000e+02    1.0087931510e+00    7.3433430990e-01
        88   -4.5573593336e+01    2.0782223210e+03   -8.1323784876e+01    3.5750191539e+01   -2.1789376575e+01    3.0895065561e+00   -1.1521236776e+01   -5.1102678081e+01   -1.1225855471e+01    5.1200000000e+02    1.0094097960e+00    7.3492431641e-01
        89   -4.5608712841e+01    2.0812367348e+03   -8.1047595424e+01    3.5438882584e+01   -2.1902561014e+01    3.2639899501e+00   -1.1306346279e+01   -5.1102678081e+01   -1.1022249935e+01    5.1200000000e+02    1.0200918540e+00    7.3345947266e-01
        90   -4.5561760234e+01    2.0769575618e+03   -8.1091790592e+01    3.5530030359e+01   -2.1406980605e+01    2.8989538488e+00   -1.1481085755e+01   -5.1102678081e+01   -1.1198480464e+01    5.1200000000e+02    1.0074412800e+00    7.3653157552e-01
        91   -4.5615404065e+01    2.0819799131e+03   -8.1034154238e+01    3.5418750173e+01   -2.1530119649e+01    3.0076674972e+00   -1.1409024005e+01   -5.1102678081e+01   -1.1142815386e+01    5.1200000000e+02    1.0119943220e+00    7.3787434896e-01
        92   -4.5603720654e+01    2.0808303557e+03   -8.1059508970e+01    3.5455788316e+01   -2.1790165203e+01    3.3243588318e+00   -1.1491024518e+01   -5.1102678081e+01   -1.1210258956e+01    5.1200000000e+02    1.0024419470e+00    7.3636881510e-01
        93   -4.5554882041e+01    2.0763513289e+03   -8.1505252776e+01    3.5950370735e+01   -2.2299308845e+01    3.4296902062e+00   -1.1532956056e+01   -5.1102678081e+01   -1.1258128895e+01    5.1200000000e+02    1.0351651490e+00    7.3490397135e-01
        94   -4.5627700057e+01    2.0834939385e+03   -8.1821133909e+01    3.6193433852e+01   -2.2485457488e+01    3.2016186676e+00   -1.1434617008e+01   -5.1102678081e+01   -1.1155635119e+01    5.1200000000e+02    1.0188405900e+00    7.3492431641e-01
        95   -4.5552634403e+01    2.0763005465e+03   -8.1018150631e+01    3.5465516228e+01   -2.1896777827e+01    3.2599344282e+00   -1.1278629152e+01   -5.1102678081e+01   -1.1011554053e+01    5.1200000000e+02    1.0169673610e+00    7.3366292318e-01
        96   -4.5558036832e+01    2.0766989924e+03   -8.1203493943e+01    3.5645457111e+01   -2.1876270341e+01    3.2571588751e+00   -1.1481704395e+01   -5.1102678081e+01   -1.1216005611e+01    5.1200000000e+02    1.0061990100e+00    7.3649088542e-01
        97   -4.5530811388e+01    2.0743037058e+03   -8.1358641273e+01    3.5827829885e+01   -2.2250234286e+01    3.3007935868e+00   -1.1306522493e+01   -5.1102678081e+01   -1.1015017707e+01    5.1200000000e+02    9.9980923100e-01    7.3726399740e-01
        98   -4.5582749785e+01    2.0792355793e+03   -8.1626752151e+01    3.6044002366e+01   -2.1910716153e+01    2.7868741659e+00   -1.1400232082e+01   -5.1102678081e+01   -1.1118051661e+01    5.1200000000e+02    1.0023842270e+00    7.3642985026e-01
        99   -4.5592795137e+01    2.0800193035e+03   -8.1810696466e+01    3.6217901329e+01   -2.2424329246e+01    2.9100626583e+00   -1.1193751797e+01   -5.1102678081e+01   -1.0904133540e+01    5.1200000000e+02    1.0151744250e+00    7.3848470052e-01
       100   -4.5596160628e+01    2.0802722716e+03   -8.1792861861e+01    3.6196701233e+01   -2.2448648122e+01    3.0977698827e+00   -1.1339305540e+01   -5.1102678081e+01   -1.1057847893e+01    5.1200000000e+02    1.0091413800e+00    7.3645019531e-01
       101   -4.5539389813e+01    2.0752673133e+03   -8.1032993333e+01    3.5493603520e+01   -2.2086977459e+01    3.5407493072e+00   -1.1384087100e+01   -5.1102678081e+01   -1.1117275152e+01    5.1200000000e+02    1.0025607960e+00    7.3594156901e-01
       102   -4.5649290066e+01    2.0854242169e+03   -8.1053928214e+01    3.5404638148e+01   -2.1904334879e+01    3.4010762181e+00   -1.1447991472e+01   -5.1102678081e+01   -1.1176721252e+01    5.1200000000e+02    1.0057204510e+00    7.3954264323e-01
       103   -4.5566171932e+01    2.0774652531e+03   -8.0645683988e+01    3.5079512056e+01   -2.1566920443e+01    3.4093905803e+00   -1.1385476044e+01   -5.1102678081e+01   -1.1116835137e+01    5.1200000000e+02    1.0079106420e+00    7.3553466797e-01
       104   -4.5575172693e+01    2.0782717868e+03   -8.1401853094e+01    3.5826680401e+01   -2.1799673568e+01    2.8935162118e+00   -1.1393017657e+01   -5.1102678081e+01   -1.1110724329e+01    5.1200000000e+02    1.0233133870e+00    7.3459879557e-01
       105   -4.5599491617e+01    2.0805714605e+03   -8.1469414035e+01    3.5869922419e+01   -2.2122468516e+01    3.2447908994e+00   -1.1489058338e+01   -5.1102678081e+01   -1.1214832894e+01    5.1200000000e+02    1.0065863930e+00    7.3429361979e-01
       106   -4.5665255489e+01    2.0865593995e+03   -8.1835299773e+01    3.6170044284e+01   -2.2346430458e+01    3.0355502196e+00   -1.1421741454e+01   -5.1102678081e+01   -1.1137734398e+01    5.1200000000e+02    1.0079784020e+00    7.3463948568e-01
       107   -4.5505072164e+01    2.0720074980e+03   -8.1225041424e+01    3.5719969259e+01   -2.1601792718e+01    2.9130059306e+00   -1.1433576555e+01   -5.1102678081e+01   -1.1134661782e+01    5.1200000000e+02    1.0111638740e+00    7.3988850911e-01
       108   -4.5585601300e+01    2.0791106065e+03   -8.1405295421e+01    3.5819694120e+01   -2.1998878130e+01    3.1188515273e+00   -1.1422590737e+01   -5.1102678081e+01   -1.1130107884e+01    5.1200000000e+02    1.0052041890e+00    7.3685709635e-01
       109   -4.5471489480e+01    2.0689207610e+03   -8.1448537772e+01    3.5977048291e+01   -2.2417832900e+01    3.4529376884e+00   -1.1380964479e+01   -5.1102678081e+01   -1.1087437396e+01    5.1200000000e+02    1.0210516320e+00    7.3754882812e-01
       110   -4.5560659016e+01    2.0771400080e+03   -8.1097902376e+01    3.5537243360e+01   -2.1648810572e+01    3.0128415509e+00   -1.1359255274e+01   -5.1102678081e+01   -1.1079284637e+01    5.1200000000e+02    1.0055526840e+00    7.3785400391e-01
       111   -4.5561007790e+01    2.0770615474e+03   -8.1818748749e+01    3.6257740959e+01   -2.2251776493e+01    3.0418043302e+00   -1.1506098505e+01   -5.1102678081e+01   -1.1238829227e+01    5.1200000000e+02    1.0120471280e+00    7.3677571615e-01
       112   -4.5611993436e+01    2.0816779339e+03   -8.0997660546e+01    3.5385667109e+01   -2.1468938975e+01    3.0384116995e+00   -1.1464455188e+01   -5.1102678081e+01   -1.1203708511e+01    5.1200000000e+02    1.0127212970e+00    7.3917643229e-01
       113   -4.5607152472e+01    2.0813492345e+03   -8.0537767422e+01    3.4930614950e+01   -2.1258907762e+01    3.1287818820e+00   -1.1304963461e+01   -5.1102678081e+01   -1.1040629784e+01    5.1200000000e+02    1.0064380040e+00    7.3907470703e-01
       114   -4.5468109781e+01    2.0684616431e+03   -8.1500476909e+01    3.6032367128e+01   -2.2258879241e+01    3.2422486544e+00   -1.1381168241e+01   -5.1102678081e+01   -1.1098580596e+01    5.1200000000e+02    1.0187143090e+00    7.3706054688e-01
       115   -4.5594686665e+01    2.0801972163e+03   -8.1622491495e+01    3.6027804830e+01   -2.1792516461e+01    2.7263106841e+00   -1.1453607637e+01   -5.1102678081e+01   -1.1180865379e+01    5.1200000000e+02    1.0078481180e+00    7.3535156250e-01
       116   -4.5493866221e+01    2.0708733197e+03   -8.1262112336e+01    3.5768246114e+01   -2.1907257672e+01    3.1373271245e+00   -1.1389503707e+01   -5.1102678081e+01   -1.1109685206e+01    5.1200000000e+02    1.0076767740e+00    7.3663330078e-01
       117   -4.5508335491e+01    2.0722271272e+03   -8.1260395588e+01    3.5752060096e+01   -2.1903581425e+01    3.1299133535e+00   -1.1384049435e+01   -5.1102678081e+01   -1.1078843553e+01    5.1200000000e+02    1.0076571340e+00    7.4108886719e-01
       118   -4.5581732235e+01    2.0789382632e+03   -8.0417611196e+01    3.4835878960e+01   -2.0853409403e+01    2.9359281939e+00   -1.1397451905e+01   -5.1102678081e+01   -1.1096612710e+01    5.1200000000e+02    1.0067564750e+00    7.3374430339e-01
       119   -4.5593946143e+01    2.0800693523e+03   -8.0789351567e+01    3.5195405424e+01   -2.1412241706e+01    3.0699501421e+00   -1.1344381922e+01   -5.1102678081e+01   -1.1050369193e+01    5.1200000000e+02    1.0210271760e+00    7.3730468750e-01
       120   -4.5556995140e+01    2.0767257436e+03   -8.0648082259e+01    3.5091087120e+01   -2.1595243073e+01    3.4065563741e+00   -1.1356717479e+01   -5.1102678081e+01   -1.1069441119e+01    5.1200000000e+02    1.0152055610e+00    7.3295084635e-01
       121   -4.5496262606e+01    2.0710962836e+03   -8.0959778249e+01    3.5463515644e+01   -2.1480314200e+01    3.0434939629e+00   -1.1420279931e+01   -5.1102678081e+01   -1.1118192328e+01    5.1200000000e+02    1.0121470070e+00    7.3999023438e-01
       122   -4.5541710021e+01    2.0751425773e+03   -8.0844985509e+01    3.5303275488e+01   -2.1350614946e+01    2.9002071803e+00   -1.1291899663e+01   -5.1102678081e+01   -1.1011834261e+01    5.1200000000e+02    1.0148569490e+00    7.3510742188e-01
       123   -4.5668843201e+01    2.0868444702e+03   -8.1010557984e+01    3.5341714784e+01   -2.1449981949e+01    3.0199929760e+00   -1.1477890930e+01   -5.1102678081e+01   -1.1214706153e+01    5.1200000000e+02    1.0574240100e+00    7.3931884766e-01
       124   -4.5625883938e+01    2.0828789541e+03   -8.1092371303e+01    3.5466487365e+01   -2.1470314115e+01    2.8834579241e+00   -1.1402837031e+01   -5.1102678081e+01   -1.1132540015e+01    5.1200000000e+02    1.0206521110e+00    7.3384602865e-01
       125   -4.5537175105e+01    2.0748217117e+03   -8.1232287293e+01    3.5695112188e+01   -2.1855202200e+01    3.0902313062e+00   -1.1364638318e+01   -5.1102678081e+01   -1.1071942449e+01    5.1200000000e+02    1.0128863900e+00    7.3553466797e-01
       126   -4.5646200213e+01    2.0847071290e+03   -8.0972421480e+01    3.5326221267e+01   -2.1887955335e+01    3.3568802527e+00   -1.1338668316e+01   -5.1102678081e+01   -1.1044844316e+01    5.1200000000e+02    1.0147990940e+00    7.3724365234e-01
       127   -4.5521667259e+01    2.0733931392e+03   -8.1874557700e+01    3.6352890441e+01   -2.2797115491e+01    3.3396149534e+00   -1.1314379082e+01   -5.1102678081e+01   -1.1023533659e+01    5.1200000000e+02    1.0098195930e+00    7.3531087240e-01
       128   -4.5585063723e+01    2.0792630303e+03   -8.1383232138e+01    3.5798168415e+01   -2.2287715445e+01    3.2676808378e+00   -1.1260519449e+01   -5.1102678081e+01   -1.0973957509e+01    5.1200000000e+02    1.0080634360e+00    7.3543294271e-01
       129   -4.5544673228e+01    2.0755295043e+03   -8.1928139373e+01    3.6383466145e+01   -2.2759085155e+01    3.3106372086e+00   -1.1377013346e+01   -5.1102678081e+01   -1.1085747176e+01    5.1200000000e+02    1.0247030720e+00    7.3626708984e-01
       130   -4.5570596939e+01    2.0778526743e+03   -8.1727687853e+01    3.6157090914e+01   -2.2436021610e+01    3.2106886714e+00   -1.1399676833e+01   -5.1102678081e+01   -1.1100312023e+01    5.1200000000e+02    1.0119789800e+00    7.3545328776e-01
       131   -4.5595623709e+01    2.0802921550e+03   -8.1803351405e+01    3.6207727696e+01   -2.2742269571e+01    3.3201986431e+00   -1.1278602397e+01   -5.1102678081e+01   -1.0984498907e+01    5.1200000000e+02    1.0153616510e+00    7.3404947917e-01
       132   -4.5444546816e+01    2.0667127453e+03   -8.1653875897e+01    3.6209329082e+01   -2.2126085705e+01    2.9903936701e+00   -1.1415505782e+01   -5.1102678081e+01   -1.1126024626e+01    5.1200000000e+02    1.0180790950e+00    7.3435465495e-01
       133   -4.5521328220e+01    2.0735256520e+03   -8.1607545801e+01    3.6086217581e+01   -2.2457804414e+01    3.2278792384e+00   -1.1274942545e+01   -5.1102678081e+01   -1.1001368876e+01    5.1200000000e+02    1.0419979770e+00    7.4218750000e-01
       134   -4.5594492176e+01    2.0800750171e+03   -8.1382178361e+01    3.5787686184e+01   -2.2121131622e+01    3.1729987959e+00   -1.1331367454e+01   -5.1102678081e+01   -1.1060617421e+01    5.1200000000e+02    1.0192206160e+00    7.3744710286e-01
       135   -4.5676678325e+01    2.0875497134e+03   -8.1087038696e+01    3.5410360371e+01   -2.1947389698e+01    3.2671180484e+00   -1.1304088965e+01   -5.1102678081e+01   -1.1027815547e+01    5.1200000000e+02    1.0130900210e+00    7.3817952474e-01
       136   -4.5569458802e+01    2.0777562248e+03   -8.0989319017e+01    3.5419860216e+01   -2.1521303283e+01    2.9219147121e+00   -1.1287252365e+01   -5.1102678081e+01   -1.1018001370e+01    5.1200000000e+02    1.0159447910e+00    7.3710123698e-01
       137   -4.5552550577e+01    2.0761735349e+03   -8.0903635618e+01    3.5351085041e+01   -2.1533796035e+01    3.1831737256e+00   -1.1450335227e+01   -5.1102678081e+01   -1.1186256054e+01    5.1200000000e+02    1.0226409050e+00    7.4043782552e-01
       138   -4.5665400239e+01    2.0867862915e+03   -8.0684327564e+01    3.5018927326e+01   -2.1183533980e+01    2.9677199906e+00   -1.1365835494e+01   -5.1102678081e+01   -1.1099217600e+01    5.1200000000e+02    1.0220884270e+00    7.3992919922e-01
       139   -4.5576292594e+01    2.0782146579e+03   -8.0646430281e+01    3.5070137687e+01   -2.1185286059e+01    3.2905255022e+00   -1.1648991644e+01   -5.1102678081e+01   -1.1369776454e+01    5.1200000000e+02    1.0342802260e+00    7.3826090495e-01
       140   -4.5519295944e+01    2.0731046103e+03   -8.0513020463e+01    3.4993724519e+01   -2.0750971172e+01    3.0348874941e+00   -1.1694258704e+01   -5.1102678081e+01   -1.1408466164e+01    5.1200000000e+02    1.0206602610e+00    7.3657226562e-01
       141   -4.5557749816e+01    2.0766981824e+03   -8.0826121373e+01    3.5268371557e+01   -2.1574924946e+01    3.2744450195e+00   -1.1422963366e+01   -5.1102678081e+01   -1.1132529569e+01    5.1200000000e+02    1.0248535430e+00    7.3535156250e-01
       142   -4.5587083702e+01    2.0794911205e+03   -8.1053816441e+01    3.5466732739e+01   -2.1581739597e+01    3.0707394245e+00   -1.1440138187e+01   -5.1102678081e+01   -1.1161492722e+01    5.1200000000e+02    1.0186214560e+00    7.3661295573e-01
       143   -4.5513053302e+01    2.0728499053e+03   -8.0897471763e+01    3.5384418462e+01   -2.1262009769e+01    2.8887587911e+00   -1.1421542705e+01   -5.1102678081e+01   -1.1154349149e+01    5.1200000000e+02    1.0191568420e+00    7.3881022135e-01
       144   -4.5496978732e+01    2.0711331974e+03   -8.0729908221e+01    3.5232929490e+01   -2.1109916423e+01    2.9306424057e+00   -1.1447956123e+01   -5.1102678081e+01   -1.1155314965e+01    5.1200000000e+02    1.0264114020e+00    7.3730468750e-01
       145   -4.5518687269e+01    2.0729387528e+03   -8.0495625095e+01    3.4976937826e+01   -2.1063850379e+01    3.0644427410e+00   -1.1393539376e+01   -5.1102678081e+01   -1.1112258792e+01    5.1200000000e+02    1.0197613550e+00    7.3590087891e-01
       146   -4.5622412995e+01    2.0828043871e+03   -8.0544157332e+01    3.4921744337e+01   -2.1531254635e+01    3.4859820028e+00   -1.1396206618e+01   -5.1102678081e+01   -1.1117379700e+01    5.1200000000e+02    1.0162892310e+00    7.3571777344e-01
       147   -4.5537858506e+01    2.0748135079e+03   -8.0845853520e+01    3.5307995013e+01   -2.1308369210e+01    3.0242091655e+00   -1.1459015394e+01   -5.1102678081e+01   -1.1178487182e+01    5.1200000000e+02    1.0227255870e+00    7.3565673828e-01
       148   -4.5617231782e+01    2.0821767005e+03   -8.1026477484e+01    3.5409245702e+01   -2.1520081137e+01    3.0518361212e+00   -1.1455554386e+01   -5.1102678081e+01   -1.1188512150e+01    5.1200000000e+02    1.0168969500e+00    7.3728434245e-01
       149   -4.5620666583e+01    2.0824711099e+03   -8.0650392851e+01    3.5029726268e+01   -2.1162085348e+01    3.1656890899e+00   -1.1551318512e+01   -5.1102678081e+01   -1.1288937670e+01    5.1200000000e+02    1.0389790360e+00    7.3704020182e-01
       150   -4.5511266281e+01    2.0725166372e+03   -8.1141797358e+01    3.5630531077e+01   -2.1350607457e+01    2.9033975982e+00   -1.1591909418e+01   -5.1102678081e+01   -1.1311202409e+01    5.1200000000e+02    1.0229185610e+00    7.4039713542e-01
       151   -4.5552250596e+01    2.0762640119e+03   -8.1009077711e+01    3.5456827115e+01   -2.1698540931e+01    3.2262747531e+00   -1.1434133452e+01   -5.1102678081e+01   -1.1149369485e+01    5.1200000000e+02    1.0219955170e+00    7.3506673177e-01
       152   -4.5576277390e+01    2.0783260981e+03   -8.1400900912e+01    3.5824623522e+01   -2.1984955161e+01    3.1820062442e+00   -1.1495273914e+01   -5.1102678081e+01   -1.1216236913e+01    5.1200000000e+02    1.0535961060e+00    7.3498535156e-01
       153   -4.5589052506e+01    2.0797256951e+03   -8.1058892257e+01    3.5469839751e+01   -2.1609972753e+01    3.0973582256e+00   -1.1443599648e+01   -5.1102678081e+01   -1.1159854067e+01    5.1200000000e+02    1.0518019240e+00    7.4025472005e-01
       154   -4.5646159366e+01    2.0847702137e+03   -8.1067478721e+01    3.5421319356e+01   -2.1918548743e+01    3.4177570439e+00   -1.1464008941e+01   -5.1102678081e+01   -1.1183161820e+01    5.1200000000e+02    1.0368889240e+00    7.3390706380e-01
       155   -4.5593934976e+01    2.0799339264e+03   -8.1310649919e+01    3.5716714944e+01   -2.1663064167e+01    2.9203282153e+00   -1.1465235886e+01   -5.1102678081e+01   -1.1212554301e+01    5.1200000000e+02    1.0254216920e+00    7.3520914714e-01
       156   -4.5533470910e+01    2.0744109526e+03   -8.0893153270e+01    3.5359682360e+01   -2.1088319596e+01    2.6712877835e+00   -1.1373443376e+01   -5.1102678081e+01   -1.1096197359e+01    5.1200000000e+02    1.0211705410e+00    7.3765055339e-01
       157   -4.5511745397e+01    2.0725219342e+03   -8.0796054663e+01    3.5284309266e+01   -2.1035818881e+01    2.8979104710e+00   -1.1555468172e+01   -5.1102678081e+01   -1.1277787235e+01    5.1200000000e+02    1.0188595350e+00    7.3358154297e-01
       158   -4.5591964393e+01    2.0797943271e+03   -8.1094500335e+01    3.5502535942e+01   -2.1831102566e+01    3.2920817488e+00   -1.1452801437e+01   -5.1102678081e+01   -1.1183264641e+01    5.1200000000e+02    1.0243399090e+00    7.3535156250e-01
       159   -4.5664567452e+01    2.0864189463e+03   -8.1495690277e+01    3.5831122826e+01   -2.2279452492e+01    3.3081654875e+00   -1.1421725192e+01   -5.1102678081e+01   -1.1156183474e+01    5.1200000000e+02    1.0352192100e+00    7.3480224609e-01
       160   -4.5531689774e+01    2.0744661215e+03   -8.1192569444e+01    3.5660879670e+01   -2.1789448858e+01    3.2906704180e+00   -1.1591112922e+01   -5.1102678081e+01   -1.1310596647e+01    5.1200000000e+02    1.0214967270e+00    7.3380533854e-01
       161   -4.5541594918e+01    2.0754644664e+03   -8.1930490413e+01    3.6388895494e+01   -2.2354445280e+01    3.0282081196e+00   -1.1501575171e+01   -5.1102678081e+01   -1.1220013999e+01    5.1200000000e+02    1.0226538580e+00    7.3777262370e-01
       162   -4.5584636243e+01    2.0790958547e+03   -8.0668122908e+01    3.5083486665e+01   -2.1123642205e+01    3.0302325907e+00   -1.1472035212e+01   -5.1102678081e+01   -1.1183007899e+01    5.1200000000e+02    1.0238444300e+00    7.3940022786e-01
       163   -4.5641226630e+01    2.0844191536e+03   -8.1144586591e+01    3.5503359961e+01   -2.1078945906e+01    2.7216301226e+00   -1.1684592727e+01   -5.1102678081e+01   -1.1413174576e+01    5.1200000000e+02    1.0352985340e+00    7.3634847005e-01
       164   -4.5607525280e+01    2.0813609471e+03   -8.0861025656e+01    3.5253500376e+01   -2.1407232004e+01    3.0292100418e+00   -1.1380325613e+01   -5.1102678081e+01   -1.1113015302e+01    5.1200000000e+02    1.0246101820e+00    7.3728434245e-01
       165   -4.5511027463e+01    2.0724921704e+03   -8.1072350464e+01    3.5561323001e+01   -2.1775014971e+01    3.0883786429e+00   -1.1283036055e+01   -5.1102678081e+01   -1.0991699754e+01    5.1200000000e+02    1.0222913280e+00    7.3400878906e-01
       166   -4.5444264246e+01    2.0662248037e+03   -8.0979491127e+01    3.5535226881e+01   -2.1916899859e+01    3.4304142017e+00   -1.1390327388e+01   -5.1102678081e+01   -1.1103675316e+01    5.1200000000e+02    1.0226140410e+00    7.3789469401e-01
       167   -4.5516863397e+01    2.0731614939e+03   -8.1920673570e+01    3.6403810173e+01   -2.2446038192e+01    3.0769467851e+00   -1.1448904081e+01   -5.1102678081e+01   -1.1161787271e+01    5.1200000000e+02    1.0265061710e+00    7.3722330729e-01
       168   -4.5505398585e+01    2.0719724479e+03   -8.1566925493e+01    3.6061526908e+01   -2.1982723790e+01    2.8384746098e+00   -1.1319998231e+01   -5.1102678081e+01   -1.1035048769e+01    5.1200000000e+02    1.0326231210e+00    7.3773193359e-01
       169   -4.5517090791e+01    2.0729854911e+03   -8.1073795708e+01    3.5556704917e+01   -2.1931928751e+01    3.3082585182e+00   -1.1347447394e+01   -5.1102678081e+01   -1.1072242084e+01    5.1200000000e+02    1.0421793600e+00    7.3870849609e-01
       170   -4.5555330462e+01    2.0765775729e+03   -8.1269049636e+01    3.5713719174e+01   -2.2385696246e+01    3.4318637604e+00   -1.1212539070e+01   -5.1102678081e+01   -1.0923783997e+01    5.1200000000e+02    1.0374041740e+00    7.3903401693e-01
       171   -4.5662562098e+01    2.0866125953e+03   -8.1292629625e+01    3.5630067527e+01   -2.1952407513e+01    3.1029919365e+00   -1.1340535968e+01   -5.1102678081e+01   -1.1067288479e+01    5.1200000000e+02    1.0320842410e+00    7.3524983724e-01
       172   -4.5548725311e+01    2.0758087875e+03   -8.1220395266e+01    3.5671669955e+01   -2.1599705966e+01    3.1212314662e+00   -1.1639242685e+01   -5.1102678081e+01   -1.1352553841e+01    5.1200000000e+02    1.0297810080e+00    7.3693847656e-01
       173   -4.5545468192e+01    2.0757363943e+03   -8.1084138516e+01    3.5538670324e+01   -2.1723642312e+01    3.0605922387e+00   -1.1318410362e+01   -5.1102678081e+01   -1.1041685191e+01    5.1200000000e+02    1.0326415390e+00    7.3771158854e-01
       174   -4.5573542713e+01    2.0780869693e+03   -8.1058644280e+01    3.5485101566e+01   -2.1877547220e+01    3.3653450183e+00   -1.1443763997e+01   -5.1102678081e+01   -1.1170642248e+01    5.1200000000e+02    1.0232697560e+00    7.3494466146e-01
       175   -4.5558724896e+01    2.0768175513e+03   -8.1160423330e+01    3.5601698434e+01   -2.2169747875e+01    3.4782435737e+00   -1.1366240947e+01   -5.1102678081e+01   -1.1092997232e+01    5.1200000000e+02    1.0270848480e+00    7.3940022786e-01
       176   -4.5519696117e+01    2.0732761877e+03   -8.1391521161e+01    3.5871825044e+01   -2.2072453895e+01    3.0448885733e+00   -1.1261277758e+01   -5.1102678081e+01   -1.0960747518e+01    5.1200000000e+02    1.0220774380e+00    7.3736572266e-01
       177   -4.5617234721e+01    2.0821427134e+03   -8.1246977743e+01    3.5629743022e+01   -2.1728518039e+01    2.8625781959e+00   -1.1278359819e+01   -5.1102678081e+01   -1.0990501319e+01    5.1200000000e+02    1.0207227290e+00    7.3291015625e-01
       178   -4.5606816926e+01    2.0812608107e+03   -8.1272979346e+01    3.5666162419e+01   -2.1991943792e+01    3.0951975015e+00   -1.1273554974e+01   -5.1102678081e+01   -1.0988337208e+01    5.1200000000e+02    1.0233414580e+00    7.3777262370e-01
       179   -4.5633780199e+01    2.0835812831e+03   -8.0775297216e+01    3.5141517018e+01   -2.1375873696e+01    3.1018420264e+00   -1.1398587465e+01   -5.1102678081e+01   -1.1115135756e+01    5.1200000000e+02    1.0407427580e+00    7.3720296224e-01
       180   -4.5518516595e+01    2.0730782053e+03   -8.0755381255e+01    3.5236864660e+01   -2.1477286661e+01    3.1526797585e+00   -1.1328096271e+01   -5.1102678081e+01   -1.1034900808e+01    5.1200000000e+02    1.0217357020e+00    7.3537190755e-01
       181   -4.5561796735e+01    2.0770649286e+03   -8.1183214819e+01    3.5621418084e+01   -2.1537801097e+01    2.8665731788e+00   -1.1409308820e+01   -5.1102678081e+01   -1.1112343854e+01    5.1200000000e+02    1.0183545330e+00    7.3809814453e-01
       182   -4.5555032434e+01    2.0764398707e+03   -8.0391619354e+01    3.4836586920e+01   -2.1248804163e+01    3.3135935779e+00   -1.1353730688e+01   -5.1102678081e+01   -1.1050854264e+01    5.1200000000e+02    1.0706661130e+00    7.3716227214e-01
       183   -4.5473650451e+01    2.0692154739e+03   -8.0625005718e+01    3.5151355267e+01   -2.1240510620e+01    3.2237635497e+00   -1.1505580567e+01   -5.1102678081e+01   -1.1219062336e+01    5.1200000000e+02    1.0200905870e+00    7.3797607422e-01
       184   -4.5487422077e+01    2.0704105348e+03   -8.0292027780e+01    3.4804605703e+01   -2.0977735112e+01    3.2354362702e+00   -1.1447050857e+01   -5.1102678081e+01   -1.1175535249e+01    5.1200000000e+02    1.0178898140e+00    7.3500569661e-01
       185   -4.5451606370e+01    2.0672246332e+03   -8.0503334657e+01    3.5051728287e+01   -2.1311152885e+01    3.2292877738e+00   -1.1318791466e+01   -5.1102678081e+01   -1.1033540952e+01    5.1200000000e+02    1.0167149610e+00    7.3433430990e-01
       186   -4.5561742024e+01    2.0769772475e+03   -8.0806844808e+01    3.5245102784e+01   -2.1280396557e+01    3.0800963934e+00   -1.1503866564e+01   -5.1102678081e+01   -1.1225732386e+01    5.1200000000e+02    1.0175690390e+00    7.3624674479e-01
       187   -4.5583109910e+01    2.0791043644e+03   -8.1111138382e+01    3.5528028472e+01   -2.2052882564e+01    3.3753881422e+00   -1.1330965879e+01   -5.1102678081e+01   -1.1049961371e+01    5.1200000000e+02    1.0199451050e+00    7.3433430990e-01
       188   -4.5480119118e+01    2.0695897478e+03   -8.1201596645e+01    3.5721477527e+01   -2.1813609306e+01    3.1256136977e+00   -1.1410922956e+01   -5.1102678081e+01   -1.1121390096e+01    5.1200000000e+02    1.0194596430e+00    7.3512776693e-01
       189   -4.5554541767e+01    2.0764419830e+03   -8.1435038525e+01    3.5880496759e+01   -2.2274476358e+01    3.3834118771e+00   -1.1441295963e+01   -5.1102678081e+01   -1.1154000248e+01    5.1200000000e+02    1.0389789590e+00    7.3736572266e-01
       190   -4.5621913588e+01    2.0826550474e+03   -8.1014270291e+01    3.5392356703e+01   -2.1933869217e+01    3.2629289977e+00   -1.1240651990e+01   -5.1102678081e+01   -1.0957777964e+01    5.1200000000e+02    1.0195623720e+00    7.3632812500e-01
       191   -4.5621606524e+01    2.0823983219e+03   -8.1356462065e+01    3.5734855541e+01   -2.1966240159e+01    3.0725348714e+00   -1.1360078697e+01   -5.1102678081e+01   -1.1099751428e+01    5.1200000000e+02    1.0440466090e+00    7.3386637370e-01
       192   -4.5584499259e+01    2.0791105674e+03   -8.1368252547e+01    3.5783753288e+01   -2.2247267073e+01    3.3230437038e+00   -1.1341351097e+01   -5.1102678081e+01   -1.1072336597e+01    5.1200000000e+02    1.0358192220e+00    7.3592122396e-01
       193   -4.5637485492e+01    2.0839872439e+03   -8.1435299044e+01    3.5797813552e+01   -2.2143083047e+01    3.1516661473e+00   -1.1341204063e+01   -5.1102678081e+01   -1.1043151586e+01    5.1200000000e+02    1.0169311850e+00    7.3923746745e-01
       194   -4.5661047661e+01    2.0864164637e+03   -8.1707832484e+01    3.6046784823e+01   -2.2742168789e+01    3.4450282661e+00   -1.1308013880e+01   -5.1102678081e+01   -1.1011362460e+01    5.1200000000e+02    1.0182711650e+00    7.3689778646e-01
       195   -4.5547152265e+01    2.0756389635e+03   -8.1501365151e+01    3.5954212885e+01   -2.2006845464e+01    3.0906712105e+00   -1.1482512816e+01   -5.1102678081e+01   -1.1196795339e+01    5.1200000000e+02    1.0186695700e+00    7.3514811198e-01
       196   -4.5503762159e+01    2.0718771483e+03   -8.1772116125e+01    3.6268353966e+01   -2.2109379089e+01    2.7187618123e+00   -1.1278820767e+01   -5.1102678081e+01   -1.1007580455e+01    5.1200000000e+02    1.0171815770e+00    7.3527018229e-01
       197   -4.5494791429e+01    2.0708740382e+03   -8.1531545948e+01    3.6036754519e+01   -2.2391090289e+01    3.0566313752e+00   -1.1094408953e+01   -5.1102678081e+01   -1.0773209393e+01    5.1200000000e+02    1.0348480020e+00    7.3669433594e-01
       198   -4.5548865813e+01    2.0757915367e+03   -8.1397385117e+01    3.5848519305e+01   -2.2181479342e+01    3.1256419900e+00   -1.1238869684e+01   -5.1102678081e+01   -1.0947165318e+01    5.1200000000e+02    1.1208617900e+00    7.3714192708e-01
       199   -4.5601260111e+01    2.0806986681e+03   -8.1187851786e+01    3.5586591676e+01   -2.2194735661e+01    3.0990640372e+00   -1.0989502081e+01   -5.1102678081e+01   -1.0697888014e+01    5.1200000000e+02    1.0877397100e+00    7.3834228516e-01
