#  Band    State   TwistIndex BandIndex Energy      Kx      Ky      Kz      K1      K2      K3    KmK 
       0        0        1        0    -0.266150  0.3104  0.0000 -0.0000  0.1667  0.0000  0.1667      1
       1        1        5        0    -0.155040  1.2418  0.0000 -0.0000  0.6667  0.0000  0.6667      1
       2        2        9        0     0.038527  0.3104  0.9313  0.0000  0.6667  0.5000  0.1667      1
       3        3        9        1     0.038527  0.3104  0.9313  0.0000  0.6667  0.5000  0.1667      1
       4        4       13        0     0.038527  0.3104  0.0000  0.9313  0.1667  0.5000  0.6667      1
       5        5       13        1     0.038527  0.3104  0.0000  0.9313  0.1667  0.5000  0.6667      1
       6        6        9        2     0.203358  0.3104  0.9313  0.0000  0.6667  0.5000  0.1667      1
       7        7        9        3     0.203358  0.3104  0.9313  0.0000  0.6667  0.5000  0.1667      1
       8        8       13        2     0.203358  0.3104  0.0000  0.9313  0.1667  0.5000  0.6667      1
       9        9       13        3     0.203358  0.3104  0.0000  0.9313  0.1667  0.5000  0.6667      1
      10       10        5        1     0.225436  1.2418  0.0000 -0.0000  0.6667  0.0000  0.6667      1
      11       11        5        2     0.295239  1.2418  0.0000 -0.0000  0.6667  0.0000  0.6667      1
      12       12        5        3     0.295239  1.2418  0.0000 -0.0000  0.6667  0.0000  0.6667      1
      13       13        1        1     0.396060  0.3104  0.0000 -0.0000  0.1667  0.0000  0.1667      1
      14       14        1        2     0.396060  0.3104  0.0000 -0.0000  0.1667  0.0000  0.1667      1
      15       15        1        3     0.408206  0.3104  0.0000 -0.0000  0.1667  0.0000  0.1667      1
      16       16        5        4     0.644385  1.2418  0.0000 -0.0000  0.6667  0.0000  0.6667      1
      17       17        1        4     0.672845  0.3104  0.0000 -0.0000  0.1667  0.0000  0.1667      1
      18       18        5        5     0.776613  1.2418  0.0000 -0.0000  0.6667  0.0000  0.6667      1
      19       19        9        4     0.794350  0.3104  0.9313  0.0000  0.6667  0.5000  0.1667      1
      20       20        9        5     0.794350  0.3104  0.9313  0.0000  0.6667  0.5000  0.1667      1
      21       21       13        4     0.794350  0.3104  0.0000  0.9313  0.1667  0.5000  0.6667      1
      22       22       13        5     0.794350  0.3104  0.0000  0.9313  0.1667  0.5000  0.6667      1
      23       23        1        5     0.824072  0.3104  0.0000 -0.0000  0.1667  0.0000  0.1667      1
      24       24        1        6     0.824072  0.3104  0.0000 -0.0000  0.1667  0.0000  0.1667      1
      25       25        1        7     0.963497  0.3104  0.0000 -0.0000  0.1667  0.0000  0.1667      1
      26       26        5        6     1.010493  1.2418  0.0000 -0.0000  0.6667  0.0000  0.6667      1
      27       27        5        7     1.010493  1.2418  0.0000 -0.0000  0.6667  0.0000  0.6667      1
      28       28        9        6     1.028488  0.3104  0.9313  0.0000  0.6667  0.5000  0.1667      1
      29       29        9        7     1.028488  0.3104  0.9313  0.0000  0.6667  0.5000  0.1667      1
      30       30       13        6     1.028488  0.3104  0.0000  0.9313  0.1667  0.5000  0.6667      1
      31       31       13        7     1.028488  0.3104  0.0000  0.9313  0.1667  0.5000  0.6667      1
