#   index    LocalEnergy         LocalEnergy_sq      LocalPotential      Kinetic             LocalECP            NonLocalECP         ElecElec            IonIon              MPC                 BlockWeight         BlockCPU            AcceptRatio         
         0   -5.2699220175e+01    2.7785650210e+03   -7.3533201155e+01    2.0833980981e+01   -1.8309419004e+01    7.3160553905e+00   -8.8659736242e+00   -5.3673863918e+01   -8.7879293074e+00    4.0952314728e+04    1.9067463200e-01    9.9945719868e-01
         1   -5.2735686824e+01    2.7823135134e+03   -7.3680047845e+01    2.0944361021e+01   -1.8351781902e+01    7.2659637361e+00   -8.9203657617e+00   -5.3673863918e+01   -8.8310613283e+00    4.0947092022e+04    8.5656906000e-02    9.9945638896e-01
         2   -5.2769762827e+01    2.7858538551e+03   -7.3754845577e+01    2.0985082750e+01   -1.8401197957e+01    7.2808630515e+00   -8.9606467543e+00   -5.3673863918e+01   -8.8635293964e+00    4.0952189097e+04    8.0025718000e-02    9.9946881258e-01
         3   -5.2826350297e+01    2.7918475832e+03   -7.3697550052e+01    2.0871199756e+01   -1.8421786138e+01    7.3297307544e+00   -8.9316307507e+00   -5.3673863918e+01   -8.8320263567e+00    4.0972959844e+04    7.5309842000e-02    9.9948336017e-01
         4   -5.2861716434e+01    2.7955761832e+03   -7.3749323215e+01    2.0887606781e+01   -1.8413231191e+01    7.2749139917e+00   -8.9371420975e+00   -5.3673863918e+01   -8.8298970368e+00    4.0976040900e+04    7.2367002000e-02    9.9944254696e-01
         5   -5.2884134920e+01    2.7979265730e+03   -7.3696919859e+01    2.0812784939e+01   -1.8323904637e+01    7.2669932132e+00   -8.9661445176e+00   -5.3673863918e+01   -8.8565051580e+00    4.0959040845e+04    6.9935995000e-02    9.9947083811e-01
         6   -5.2908761286e+01    2.8005557868e+03   -7.3708031810e+01    2.0799270523e+01   -1.8280749880e+01    7.2416827008e+00   -8.9951007126e+00   -5.3673863918e+01   -8.8787912621e+00    4.0962135439e+04    7.0217994000e-02    9.9943855880e-01
         7   -5.2915399575e+01    2.8011841551e+03   -7.3776580283e+01    2.0861180708e+01   -1.8295322619e+01    7.1603207793e+00   -8.9677145255e+00   -5.3673863918e+01   -8.8453170062e+00    4.0955982942e+04    6.9085905000e-02    9.9950180717e-01
         8   -5.2920346345e+01    2.8017117715e+03   -7.3791413644e+01    2.0871067300e+01   -1.8270970638e+01    7.1471817461e+00   -8.9937608352e+00   -5.3673863918e+01   -8.8748226435e+00    4.0954822668e+04    6.8266044000e-02    9.9949824202e-01
         9   -5.2947336368e+01    2.8045961234e+03   -7.3821195336e+01    2.0873858968e+01   -1.8242926976e+01    7.1327425565e+00   -9.0371469984e+00   -5.3673863918e+01   -8.9261214941e+00    4.0956189909e+04    6.9163144000e-02    9.9944259933e-01
        10   -5.2966419360e+01    2.8066186325e+03   -7.3798818819e+01    2.0832399459e+01   -1.8198511125e+01    7.1396201059e+00   -9.0660638825e+00   -5.3673863918e+01   -8.9490810758e+00    4.0945836695e+04    6.8297132000e-02    9.9945707934e-01
        11   -5.2931154363e+01    2.8028563667e+03   -7.3726461133e+01    2.0795306770e+01   -1.8241987816e+01    7.2793737416e+00   -9.0899831407e+00   -5.3673863918e+01   -8.9647775749e+00    4.0931972136e+04    6.7258877000e-02    9.9949815399e-01
        12   -5.2948179562e+01    2.8046544804e+03   -7.3734305551e+01    2.0786125988e+01   -1.8098222527e+01    7.1649977341e+00   -9.1272168396e+00   -5.3673863918e+01   -8.9991329096e+00    4.0947856103e+04    6.7473478000e-02    9.9948580781e-01
        13   -5.2961127646e+01    2.8060311386e+03   -7.3808683214e+01    2.0847555568e+01   -1.7995239780e+01    7.0207656231e+00   -9.1603451393e+00   -5.3673863918e+01   -9.0382123753e+00    4.0965049600e+04    6.6866492000e-02    9.9947706915e-01
        14   -5.2966734877e+01    2.8066527017e+03   -7.3758177960e+01    2.0791443083e+01   -1.8001971654e+01    7.0747262144e+00   -9.1570686026e+00   -5.3673863918e+01   -9.0344943508e+00    4.0975977395e+04    6.7701028000e-02    9.9947484630e-01
        15   -5.2980785689e+01    2.8081541952e+03   -7.3773302912e+01    2.0792517222e+01   -1.8031902283e+01    7.0944279938e+00   -9.1619647044e+00   -5.3673863918e+01   -9.0332970415e+00    4.0919200191e+04    6.6040498000e-02    9.9946492344e-01
        16   -5.3000520948e+01    2.8102562634e+03   -7.3775903276e+01    2.0775382328e+01   -1.8015417553e+01    7.1046284219e+00   -9.1912502271e+00   -5.3673863918e+01   -9.0606501025e+00    4.0961911259e+04    6.6962843000e-02    9.9944093162e-01
        17   -5.2994981645e+01    2.8096035420e+03   -7.3757890769e+01    2.0762909124e+01   -1.8081185502e+01    7.1423716766e+00   -9.1452130259e+00   -5.3673863918e+01   -9.0196619201e+00    4.0969835789e+04    6.7716030000e-02    9.9945519547e-01
        18   -5.2963119412e+01    2.8062032191e+03   -7.3624920177e+01    2.0661800765e+01   -1.8115136143e+01    7.2901406448e+00   -9.1260607609e+00   -5.3673863918e+01   -9.0001359509e+00    4.0951816467e+04    6.6540768000e-02    9.9944498718e-01
        19   -5.2988341867e+01    2.8088856475e+03   -7.3696746895e+01    2.0708405029e+01   -1.8062998323e+01    7.1918176864e+00   -9.1517023409e+00   -5.3673863918e+01   -9.0233990743e+00    4.0948019262e+04    6.8822939000e-02    9.9946436860e-01
        20   -5.2978121716e+01    2.8078249590e+03   -7.3827618146e+01    2.0849496430e+01   -1.7988995580e+01    6.9870634429e+00   -9.1518220911e+00   -5.3673863918e+01   -9.0223682734e+00    4.0959031203e+04    6.6411672000e-02    9.9947996777e-01
        21   -5.2981462913e+01    2.8082392989e+03   -7.3758632201e+01    2.0777169288e+01   -1.7915790901e+01    6.9794914938e+00   -9.1484688756e+00   -5.3673863918e+01   -9.0173773261e+00    4.0981024982e+04    6.5838250000e-02    9.9945486475e-01
        22   -5.3002426221e+01    2.8104279759e+03   -7.3766558891e+01    2.0764132670e+01   -1.7887719192e+01    6.9930954142e+00   -9.1980711961e+00   -5.3673863918e+01   -9.0663315087e+00    4.0958143790e+04    6.7102453000e-02    9.9948422775e-01
        23   -5.3006152891e+01    2.8108326504e+03   -7.3722017618e+01    2.0715864727e+01   -1.7901146783e+01    7.0672083812e+00   -9.2142152989e+00   -5.3673863918e+01   -9.0761196033e+00    4.0937113009e+04    6.6594408000e-02    9.9947026908e-01
        24   -5.3029264652e+01    2.8133219965e+03   -7.3808478149e+01    2.0779213497e+01   -1.7907117888e+01    6.9845151802e+00   -9.2120115236e+00   -5.3673863918e+01   -9.0749125228e+00    4.0960871114e+04    6.6773165000e-02    9.9943179044e-01
        25   -5.3018641199e+01    2.8121385314e+03   -7.3827356168e+01    2.0808714969e+01   -1.7944825776e+01    6.9855783274e+00   -9.1942448017e+00   -5.3673863918e+01   -9.0500107110e+00    4.0972931246e+04    6.6529842000e-02    9.9945408188e-01
        26   -5.3028235237e+01    2.8131455354e+03   -7.3804325622e+01    2.0776090385e+01   -1.7847302528e+01    6.9440938597e+00   -9.2272530357e+00   -5.3673863918e+01   -9.0797027344e+00    4.0953070171e+04    6.6787216000e-02    9.9948533542e-01
        27   -5.3002687613e+01    2.8104549510e+03   -7.3861455598e+01    2.0858767985e+01   -1.7783767571e+01    6.8272274276e+00   -9.2310515370e+00   -5.3673863918e+01   -9.0866281543e+00    4.0965964800e+04    6.7485164000e-02    9.9947343372e-01
        28   -5.3007224575e+01    2.8109022415e+03   -7.3804918481e+01    2.0797693907e+01   -1.7913567535e+01    6.9863812709e+00   -9.2038682995e+00   -5.3673863918e+01   -9.0620747833e+00    4.0955185801e+04    6.8073828000e-02    9.9948288073e-01
        29   -5.3027816550e+01    2.8130862084e+03   -7.3688981384e+01    2.0661164834e+01   -1.7979900144e+01    7.1509699361e+00   -9.1861872586e+00   -5.3673863918e+01   -9.0396992643e+00    4.0958805838e+04    7.5117610000e-02    9.9946346168e-01
        30   -5.3019046606e+01    2.8121657689e+03   -7.3788824405e+01    2.0769777799e+01   -1.8013857558e+01    7.0254152093e+00   -9.1265181386e+00   -5.3673863918e+01   -8.9868650494e+00    4.0973991156e+04    8.1933551000e-02    9.9943949744e-01
        31   -5.3010513570e+01    2.8112940241e+03   -7.3806096552e+01    2.0795582982e+01   -1.8089452639e+01    7.0454083420e+00   -9.0881883372e+00   -5.3673863918e+01   -8.9473205845e+00    4.0972910156e+04    7.7888221000e-02    9.9946134888e-01
        32   -5.2999630679e+01    2.8101478520e+03   -7.3833812220e+01    2.0834181541e+01   -1.8130645793e+01    7.0536617535e+00   -9.0829642626e+00   -5.3673863918e+01   -8.9438391150e+00    4.0977961518e+04    7.5606249000e-02    9.9947738804e-01
        33   -5.2999187798e+01    2.8101074967e+03   -7.3904345106e+01    2.0905157308e+01   -1.8086046721e+01    6.9742063569e+00   -9.1186408243e+00   -5.3673863918e+01   -8.9789162843e+00    4.0987967951e+04    7.1425438000e-02    9.9947521759e-01
        34   -5.2993671248e+01    2.8095171887e+03   -7.3886780209e+01    2.0893108961e+01   -1.8126933268e+01    7.0035811198e+00   -9.0895641425e+00   -5.3673863918e+01   -8.9472340035e+00    4.0949978851e+04    7.1054395000e-02    9.9947120317e-01
        35   -5.3005984550e+01    2.8108038591e+03   -7.3839273912e+01    2.0833289362e+01   -1.8177989474e+01    7.1133966387e+00   -9.1008171593e+00   -5.3673863918e+01   -8.9599402519e+00    4.0965915740e+04    7.6089783000e-02    9.9948136578e-01
        36   -5.3006406467e+01    2.8108261322e+03   -7.3807571104e+01    2.0801164637e+01   -1.8218720780e+01    7.1788386165e+00   -9.0938250227e+00   -5.3673863918e+01   -8.9556626732e+00    4.0951558695e+04    7.4723332000e-02    9.9949504201e-01
        37   -5.2990246330e+01    2.8091168030e+03   -7.3798233705e+01    2.0807987374e+01   -1.8146987828e+01    7.1678270296e+00   -9.1452089882e+00   -5.3673863918e+01   -9.0080278207e+00    4.0970864201e+04    7.2642763000e-02    9.9946612486e-01
        38   -5.3012371197e+01    2.8115326117e+03   -7.3664070836e+01    2.0651699639e+01   -1.8091549784e+01    7.2360714611e+00   -9.1347285954e+00   -5.3673863918e+01   -8.9960812757e+00    4.0980073655e+04    7.4174578000e-02    9.9947447997e-01
        39   -5.3018273953e+01    2.8120887206e+03   -7.3624821859e+01    2.0606547906e+01   -1.8135168754e+01    7.3547087716e+00   -9.1704979594e+00   -5.3673863918e+01   -9.0322013831e+00    4.0961574648e+04    7.1981025000e-02    9.9948239660e-01
        40   -5.3030334601e+01    2.8133174895e+03   -7.3723516799e+01    2.0693182198e+01   -1.8131036617e+01    7.2283321086e+00   -9.1469483724e+00   -5.3673863918e+01   -9.0039561307e+00    4.0973954944e+04    7.2781926000e-02    9.9947915396e-01
        41   -5.3038046038e+01    2.8141508469e+03   -7.3911882556e+01    2.0873836518e+01   -1.8126362129e+01    7.0010146999e+00   -9.1126712092e+00   -5.3673863918e+01   -8.9694423999e+00    4.0946053887e+04    6.9816126000e-02    9.9948023551e-01
        42   -5.3022749635e+01    2.8125817530e+03   -7.3808033851e+01    2.0785284216e+01   -1.8201294668e+01    7.1659013962e+00   -9.0987766613e+00   -5.3673863918e+01   -8.9558244240e+00    4.0980998598e+04    6.9868724000e-02    9.9944575874e-01
        43   -5.3000914180e+01    2.8102018037e+03   -7.3850313264e+01    2.0849399084e+01   -1.8199121246e+01    7.1146215975e+00   -9.0919496970e+00   -5.3673863918e+01   -8.9512762862e+00    4.0974720540e+04    7.1099185000e-02    9.9945886918e-01
        44   -5.2989925223e+01    2.8090418962e+03   -7.3819896755e+01    2.0829971531e+01   -1.8181927393e+01    7.1410039316e+00   -9.1051093758e+00   -5.3673863918e+01   -8.9681201737e+00    4.0950994838e+04    7.3548297000e-02    9.9947989158e-01
        45   -5.2991783381e+01    2.8092495421e+03   -7.3838759441e+01    2.0846976060e+01   -1.8144832289e+01    7.1320347739e+00   -9.1520980082e+00   -5.3673863918e+01   -9.0173212896e+00    4.0955774490e+04    7.2152949000e-02    9.9946214896e-01
        46   -5.2997983402e+01    2.8099694676e+03   -7.3803960095e+01    2.0805976693e+01   -1.8173608824e+01    7.1910814064e+00   -9.1475687588e+00   -5.3673863918e+01   -9.0114949487e+00    4.0964371851e+04    7.2369165000e-02    9.9952093250e-01
        47   -5.3009950984e+01    2.8112061669e+03   -7.3894201645e+01    2.0884250661e+01   -1.8254079603e+01    7.1529844542e+00   -9.1192425784e+00   -5.3673863918e+01   -8.9746377874e+00    4.0977138335e+04    7.2625846000e-02    9.9948651022e-01
        48   -5.3012883299e+01    2.8115365792e+03   -7.3932042867e+01    2.0919159568e+01   -1.8284247097e+01    7.1275041326e+00   -9.1014359846e+00   -5.3673863918e+01   -8.9581840147e+00    4.0961098108e+04    7.2294959000e-02    9.9948491358e-01
        49   -5.3004191247e+01    2.8105735368e+03   -7.3808228339e+01    2.0804037091e+01   -1.8327613968e+01    7.2879091599e+00   -9.0946596130e+00   -5.3673863918e+01   -8.9550240849e+00    4.0941888319e+04    7.2355083000e-02    9.9945994819e-01
        50   -5.3001370821e+01    2.8103033561e+03   -7.3882555345e+01    2.0881184523e+01   -1.8388722486e+01    7.2608085151e+00   -9.0807774560e+00   -5.3673863918e+01   -8.9421045590e+00    4.0781333099e+04    7.1876248000e-02    9.9948020105e-01
        51   -5.2990919740e+01    2.8091976170e+03   -7.3871999934e+01    2.0881080193e+01   -1.8362443523e+01    7.2820538262e+00   -9.1177463191e+00   -5.3673863918e+01   -8.9774853852e+00    4.0785698555e+04    6.9596301000e-02    9.9947408424e-01
        52   -5.2978157427e+01    2.8078615868e+03   -7.3904374282e+01    2.0926216854e+01   -1.8337141503e+01    7.2075350110e+00   -9.1009038724e+00   -5.3673863918e+01   -8.9604786970e+00    4.0821466792e+04    6.8787770000e-02    9.9946722516e-01
        53   -5.2988409831e+01    2.8088851239e+03   -7.3883535717e+01    2.0895125886e+01   -1.8219963517e+01    7.1310504156e+00   -9.1207586980e+00   -5.3673863918e+01   -8.9785981981e+00    4.0804541977e+04    7.2157725000e-02    9.9945287227e-01
        54   -5.2984491244e+01    2.8085166477e+03   -7.3900754268e+01    2.0916263024e+01   -1.8258228330e+01    7.1373181246e+00   -9.1059801446e+00   -5.3673863918e+01   -8.9626697116e+00    4.1139045016e+04    7.5008683000e-02    9.9946160764e-01
        55   -5.2985525433e+01    2.8086504547e+03   -7.3982252060e+01    2.0996726627e+01   -1.8261358127e+01    7.0570428379e+00   -9.1040728528e+00   -5.3673863918e+01   -8.9587216500e+00    4.1198239173e+04    7.5954846000e-02    9.9948665049e-01
        56   -5.2958933349e+01    2.8058372051e+03   -7.3906905168e+01    2.0947971819e+01   -1.8299234634e+01    7.1576911889e+00   -9.0914978045e+00   -5.3673863918e+01   -8.9501787476e+00    4.1522506374e+04    7.9948235000e-02    9.9947147914e-01
        57   -5.2979422070e+01    2.8079580678e+03   -7.3847966686e+01    2.0868544616e+01   -1.8264999966e+01    7.2104479662e+00   -9.1195507689e+00   -5.3673863918e+01   -8.9785724112e+00    4.1139920196e+04    6.9989455000e-02    9.9949078800e-01
        58   -5.2976906429e+01    2.8076609829e+03   -7.4020387122e+01    2.1043480692e+01   -1.8279645235e+01    7.0801756740e+00   -9.1470536429e+00   -5.3673863918e+01   -9.0105406311e+00    4.0801629421e+04    7.1403998000e-02    9.9943752757e-01
        59   -5.2970418267e+01    2.8069858806e+03   -7.4164925374e+01    2.1194507107e+01   -1.8205961137e+01    6.9084752487e+00   -9.1935755679e+00   -5.3673863918e+01   -9.0564559276e+00    4.0597355680e+04    7.1645483000e-02    9.9951660180e-01
        60   -5.2977266898e+01    2.8077347205e+03   -7.4048476896e+01    2.1071209998e+01   -1.8185949150e+01    7.0074230778e+00   -9.1960869067e+00   -5.3673863918e+01   -9.0589615804e+00    4.0359083906e+04    7.0435504000e-02    9.9944371485e-01
        61   -5.2994891387e+01    2.8096499256e+03   -7.3942561217e+01    2.0947669829e+01   -1.7968296713e+01    6.9069055514e+00   -9.2073061377e+00   -5.3673863918e+01   -9.0706180281e+00    4.0081689667e+04    7.1592320000e-02    9.9949220212e-01
        62   -5.3002086025e+01    2.8104093450e+03   -7.3796079225e+01    2.0793993200e+01   -1.8044014965e+01    7.0633242714e+00   -9.1415246145e+00   -5.3673863918e+01   -9.0016562832e+00    4.0055288280e+04    7.0845228000e-02    9.9947124629e-01
        63   -5.3037687502e+01    2.8141653001e+03   -7.3794187533e+01    2.0756500032e+01   -1.8092690587e+01    7.0941851293e+00   -9.1218181582e+00   -5.3673863918e+01   -8.9787950841e+00    4.0012125862e+04    7.2357950000e-02    9.9947183539e-01
        64   -5.3022676182e+01    2.8125314019e+03   -7.3847482022e+01    2.0824805840e+01   -1.8028737712e+01    6.9757159362e+00   -9.1205963287e+00   -5.3673863918e+01   -8.9799236082e+00    4.0239427411e+04    7.2015749000e-02    9.9943945910e-01
        65   -5.3019325994e+01    2.8121719414e+03   -7.3722396211e+01    2.0703070217e+01   -1.8179750650e+01    7.2074843036e+00   -9.0762659465e+00   -5.3673863918e+01   -8.9356830501e+00    4.0533076348e+04    6.9326614000e-02    9.9946576188e-01
        66   -5.2995105943e+01    2.8096128844e+03   -7.3807619222e+01    2.0812513279e+01   -1.8070996387e+01    7.0799450977e+00   -9.1427040150e+00   -5.3673863918e+01   -9.0046587589e+00    4.0592335487e+04    7.0446295000e-02    9.9944136487e-01
        67   -5.3007158599e+01    2.8109013461e+03   -7.3778822650e+01    2.0771664051e+01   -1.8029846095e+01    7.0724459409e+00   -9.1475585777e+00   -5.3673863918e+01   -9.0148521404e+00    4.0652626708e+04    7.2130214000e-02    9.9946553336e-01
        68   -5.2980681566e+01    2.8080952386e+03   -7.3793340135e+01    2.0812658569e+01   -1.8086526165e+01    7.1352101370e+00   -9.1681601895e+00   -5.3673863918e+01   -9.0324866625e+00    4.0674200285e+04    7.0869565000e-02    9.9947203442e-01
        69   -5.2998422252e+01    2.8099892136e+03   -7.3768745638e+01    2.0770323386e+01   -1.8173514100e+01    7.1978401248e+00   -9.1192077452e+00   -5.3673863918e+01   -8.9836563578e+00    4.0997191736e+04    7.0734568000e-02    9.9948043712e-01
        70   -5.3022981970e+01    2.8126171556e+03   -7.3779246679e+01    2.0756264708e+01   -1.8153821042e+01    7.1912711158e+00   -9.1428328350e+00   -5.3673863918e+01   -9.0069758495e+00    4.1100045135e+04    7.0538772000e-02    9.9946708845e-01
        71   -5.3045150581e+01    2.8149332013e+03   -7.3830587270e+01    2.0785436689e+01   -1.8093090725e+01    7.0815866003e+00   -9.1452192276e+00   -5.3673863918e+01   -9.0060213847e+00    4.1173504597e+04    7.1696873000e-02    9.9946130114e-01
        72   -5.3017716070e+01    2.8120292381e+03   -7.3704103548e+01    2.0686387478e+01   -1.8131325467e+01    7.2122549929e+00   -9.1111691561e+00   -5.3673863918e+01   -8.9768080869e+00    4.1112470476e+04    7.0879914000e-02    9.9948186528e-01
        73   -5.3028597721e+01    2.8132127180e+03   -7.3833007652e+01    2.0804409931e+01   -1.8075645882e+01    7.0260117109e+00   -9.1095095635e+00   -5.3673863918e+01   -8.9769268961e+00    4.1364417728e+04    7.1189712000e-02    9.9946506286e-01
        74   -5.3023155415e+01    2.8126698654e+03   -7.3704862541e+01    2.0681707126e+01   -1.8151769206e+01    7.2846136071e+00   -9.1638430240e+00   -5.3673863918e+01   -9.0262104998e+00    4.1433766236e+04    7.0010796000e-02    9.9949494340e-01
        75   -5.2997560069e+01    2.8099055333e+03   -7.3715091033e+01    2.0717530965e+01   -1.8161079483e+01    7.2880670276e+00   -9.1682146599e+00   -5.3673863918e+01   -9.0273721402e+00    4.1789336543e+04    7.5781689000e-02    9.9947480500e-01
        76   -5.3019085046e+01    2.8122170842e+03   -7.3708720648e+01    2.0689635602e+01   -1.8084070972e+01    7.1955439431e+00   -9.1463297017e+00   -5.3673863918e+01   -9.0082503340e+00    4.1954133719e+04    7.9973083000e-02    9.9945238946e-01
        77   -5.2993607422e+01    2.8094809233e+03   -7.3751718586e+01    2.0758111165e+01   -1.8003772678e+01    7.0616810023e+00   -9.1357629925e+00   -5.3673863918e+01   -8.9935126483e+00    4.2303976707e+04    7.4941968000e-02    9.9943396672e-01
        78   -5.3021394945e+01    2.8124331994e+03   -7.3700805447e+01    2.0679410502e+01   -1.7952691662e+01    7.0506527091e+00   -9.1249025771e+00   -5.3673863918e+01   -8.9814181581e+00    4.2487905235e+04    7.6709498000e-02    9.9947871314e-01
        79   -5.3007601000e+01    2.8109930186e+03   -7.3763950419e+01    2.0756349419e+01   -1.7933487475e+01    7.0188753054e+00   -9.1754743308e+00   -5.3673863918e+01   -9.0329944282e+00    4.2286449062e+04    7.2502443000e-02    9.9941241842e-01
        80   -5.3004151774e+01    2.8106033838e+03   -7.3818185154e+01    2.0814033380e+01   -1.7949071866e+01    6.9940754684e+00   -9.1893248379e+00   -5.3673863918e+01   -9.0497028201e+00    4.1724844305e+04    7.2160743000e-02    9.9947517255e-01
        81   -5.3015248194e+01    2.8117927369e+03   -7.3842471318e+01    2.0827223124e+01   -1.8091583613e+01    7.0647530613e+00   -9.1417768482e+00   -5.3673863918e+01   -9.0083774536e+00    4.2058365022e+04    7.1449665000e-02    9.9945852452e-01
        82   -5.3025809346e+01    2.8128451916e+03   -7.3873657468e+01    2.0847848121e+01   -1.8079815579e+01    7.0679748338e+00   -9.1879528046e+00   -5.3673863918e+01   -9.0540293260e+00    4.2101194101e+04    7.0525851000e-02    9.9946380219e-01
        83   -5.3012381161e+01    2.8114065609e+03   -7.3993875268e+01    2.0981494107e+01   -1.8206285551e+01    7.0712581180e+00   -9.1849839177e+00   -5.3673863918e+01   -9.0522038939e+00    4.2077626830e+04    7.3152739000e-02    9.9948135738e-01
        84   -5.2991329125e+01    2.8092300307e+03   -7.3918085973e+01    2.0926756848e+01   -1.8333223207e+01    7.2223184083e+00   -9.1333172561e+00   -5.3673863918e+01   -8.9998759113e+00    4.2029280415e+04    7.6295237000e-02    9.9946356781e-01
        85   -5.2995532885e+01    2.8096331624e+03   -7.4004970197e+01    2.1009437312e+01   -1.8363803758e+01    7.1388472382e+00   -9.1061497596e+00   -5.3673863918e+01   -8.9689376583e+00    4.1930352920e+04    7.2206579000e-02    9.9945275055e-01
        86   -5.2986630452e+01    2.8087057148e+03   -7.3876501119e+01    2.0889870667e+01   -1.8288365496e+01    7.2228171072e+00   -9.1370888123e+00   -5.3673863918e+01   -9.0003961692e+00    4.1862260517e+04    7.1690340000e-02    9.9948172916e-01
        87   -5.3003505288e+01    2.8105124928e+03   -7.3891079240e+01    2.0887573953e+01   -1.8147596998e+01    7.0943947704e+00   -9.1640130952e+00   -5.3673863918e+01   -9.0274447226e+00    4.1941493899e+04    7.1294985000e-02    9.9945942402e-01
        88   -5.2989291075e+01    2.8089902997e+03   -7.3975627208e+01    2.0986336132e+01   -1.8067189665e+01    6.9040147072e+00   -9.1385883318e+00   -5.3673863918e+01   -9.0036960457e+00    4.1434125209e+04    7.1254613000e-02    9.9947392553e-01
        89   -5.2981905950e+01    2.8081818697e+03   -7.3759358593e+01    2.0777452643e+01   -1.8150289733e+01    7.1782722373e+00   -9.1134771801e+00   -5.3673863918e+01   -8.9765202641e+00    4.0927104091e+04    7.2348104000e-02    9.9946861792e-01
        90   -5.2985227154e+01    2.8085913388e+03   -7.3818536225e+01    2.0833309071e+01   -1.8213710350e+01    7.1879760905e+00   -9.1189380478e+00   -5.3673863918e+01   -8.9823709552e+00    4.0760863626e+04    7.0722289000e-02    9.9944189584e-01
        91   -5.2991589588e+01    2.8092288021e+03   -7.3825342716e+01    2.0833753129e+01   -1.8206354883e+01    7.1807743666e+00   -9.1258982817e+00   -5.3673863918e+01   -8.9905822988e+00    4.0940243964e+04    6.9416213000e-02    9.9948524742e-01
        92   -5.2980300910e+01    2.8079962867e+03   -7.3903704557e+01    2.0923403647e+01   -1.8072273825e+01    7.0391124484e+00   -9.1966792631e+00   -5.3673863918e+01   -9.0605935363e+00    4.0836641981e+04    6.9533432000e-02    9.9944294809e-01
        93   -5.2999840197e+01    2.8101127205e+03   -7.3880089560e+01    2.0880249362e+01   -1.8123067028e+01    7.1097723439e+00   -9.1929309581e+00   -5.3673863918e+01   -9.0562491426e+00    4.0657234132e+04    7.0373881000e-02    9.9946502361e-01
        94   -5.3013339615e+01    2.8115128030e+03   -7.3913867897e+01    2.0900528282e+01   -1.8087258607e+01    7.0264885149e+00   -9.1792338870e+00   -5.3673863918e+01   -9.0425299047e+00    4.0945077862e+04    7.3090801000e-02    9.9946937131e-01
        95   -5.3025039235e+01    2.8127946635e+03   -7.3796103668e+01    2.0771064433e+01   -1.8072519791e+01    7.1411790456e+00   -9.1908990054e+00   -5.3673863918e+01   -9.0560856811e+00    4.0921008504e+04    7.4578011000e-02    9.9948858637e-01
        96   -5.3048815072e+01    2.8153288268e+03   -7.3758508240e+01    2.0709693167e+01   -1.8116221090e+01    7.2072555509e+00   -9.1756787828e+00   -5.3673863918e+01   -9.0504295115e+00    4.0717782142e+04    7.2277722000e-02    9.9947367775e-01
        97   -5.3024977071e+01    2.8128038630e+03   -7.3740537661e+01    2.0715560590e+01   -1.8110839185e+01    7.2605428937e+00   -9.2163774521e+00   -5.3673863918e+01   -9.0923340775e+00    4.0679245966e+04    6.9642943000e-02    9.9947508175e-01
        98   -5.3005529746e+01    2.8107993354e+03   -7.3827269052e+01    2.0821739306e+01   -1.8102360517e+01    7.1436678579e+00   -9.1947124752e+00   -5.3673863918e+01   -9.0687807724e+00    4.0850380493e+04    6.8630926000e-02    9.9946938726e-01
        99   -5.2979669813e+01    2.8080174822e+03   -7.3875239322e+01    2.0895569509e+01   -1.8150908733e+01    7.1145060996e+00   -9.1649727710e+00   -5.3673863918e+01   -9.0344889350e+00    4.1071899526e+04    7.0781074000e-02    9.9948328748e-01
       100   -5.2980652180e+01    2.8080742740e+03   -7.3935484039e+01    2.0954831859e+01   -1.8149559350e+01    7.0529866673e+00   -9.1650474378e+00   -5.3673863918e+01   -9.0272118754e+00    4.1246193234e+04    7.1226126000e-02    9.9944245128e-01
       101   -5.3008051919e+01    2.8109815787e+03   -7.3832606347e+01    2.0824554428e+01   -1.8209507385e+01    7.1902094011e+00   -9.1394444449e+00   -5.3673863918e+01   -9.0032772970e+00    4.1400250220e+04    7.0623252000e-02    9.9945955412e-01
       102   -5.3015102869e+01    2.8117842946e+03   -7.3834324496e+01    2.0819221627e+01   -1.8199369854e+01    7.1594185378e+00   -9.1205092619e+00   -5.3673863918e+01   -8.9829714789e+00    4.1687029877e+04    6.9787141000e-02    9.9946387450e-01
       103   -5.3051499829e+01    2.8156190111e+03   -7.3899593670e+01    2.0848093841e+01   -1.8022395389e+01    6.9101892552e+00   -9.1135236185e+00   -5.3673863918e+01   -8.9778664178e+00    4.1670811692e+04    7.2532156000e-02    9.9947256624e-01
       104   -5.3017474650e+01    2.8120354271e+03   -7.3902704267e+01    2.0885229617e+01   -1.7968958686e+01    6.8627810826e+00   -9.1226627455e+00   -5.3673863918e+01   -8.9871295834e+00    4.1667428838e+04    7.2575397000e-02    9.9944681770e-01
       105   -5.3029911922e+01    2.8133816443e+03   -7.3882940144e+01    2.0853028222e+01   -1.7997550555e+01    6.9549589883e+00   -9.1664846591e+00   -5.3673863918e+01   -9.0316721551e+00    4.1855163485e+04    7.2213303000e-02    9.9947496058e-01
       106   -5.2991666937e+01    2.8092900200e+03   -7.3864180153e+01    2.0872513216e+01   -1.7999615885e+01    6.9700568883e+00   -9.1607572385e+00   -5.3673863918e+01   -9.0227270936e+00    4.1934783715e+04    7.1101336000e-02    9.9946473702e-01
       107   -5.3002065908e+01    2.8103873030e+03   -7.3797272241e+01    2.0795206333e+01   -1.7964959524e+01    7.0039042790e+00   -9.1623530781e+00   -5.3673863918e+01   -9.0226215516e+00    4.1916548175e+04    7.0112312000e-02    9.9950682219e-01
       108   -5.3032437335e+01    2.8135940672e+03   -7.3833842671e+01    2.0801405336e+01   -1.8057544329e+01    7.0621151604e+00   -9.1645495844e+00   -5.3673863918e+01   -9.0237777565e+00    4.1878438225e+04    6.9800161000e-02    9.9949972539e-01
       109   -5.2996488235e+01    2.8098154366e+03   -7.3798143238e+01    2.0801655004e+01   -1.8025550766e+01    7.0129907874e+00   -9.1117193417e+00   -5.3673863918e+01   -8.9705323765e+00    4.1724592361e+04    7.0956680000e-02    9.9947819315e-01
       110   -5.3005004850e+01    2.8106572004e+03   -7.3725191041e+01    2.0720186191e+01   -1.8071311646e+01    7.1548468275e+00   -9.1348623042e+00   -5.3673863918e+01   -8.9910258794e+00    4.1932410398e+04    7.2138882000e-02    9.9947003839e-01
       111   -5.3038505435e+01    2.8142067640e+03   -7.3749651811e+01    2.0711146376e+01   -1.8070752002e+01    7.1073591268e+00   -9.1123950173e+00   -5.3673863918e+01   -8.9698952188e+00    4.2254678523e+04    7.0839864000e-02    9.9946868935e-01
       112   -5.3005878838e+01    2.8107710907e+03   -7.3816085053e+01    2.0810206216e+01   -1.8128542381e+01    7.0913460478e+00   -9.1050248027e+00   -5.3673863918e+01   -8.9623050391e+00    4.2392305119e+04    7.1279494000e-02    9.9945635510e-01
       113   -5.2987482067e+01    2.8088681203e+03   -7.3889735839e+01    2.0902253772e+01   -1.8260087668e+01    7.1582974664e+00   -9.1140817197e+00   -5.3673863918e+01   -8.9710270494e+00    4.2055887697e+04    7.1893087000e-02    9.9945501010e-01
       114   -5.2974238588e+01    2.8074705991e+03   -7.3942066875e+01    2.0967828286e+01   -1.8329143811e+01    7.1720198380e+00   -9.1110789842e+00   -5.3673863918e+01   -8.9747575858e+00    4.1625271954e+04    7.2580313000e-02    9.9947640207e-01
       115   -5.2983675522e+01    2.8084603582e+03   -7.3891218806e+01    2.0907543284e+01   -1.8306497561e+01    7.2012203071e+00   -9.1120776345e+00   -5.3673863918e+01   -8.9819924176e+00    4.1441648482e+04    7.1648361000e-02    9.9946981760e-01
       116   -5.2972347349e+01    2.8072097430e+03   -7.3947816474e+01    2.0975469125e+01   -1.8347389928e+01    7.1658054903e+00   -9.0923681183e+00   -5.3673863918e+01   -8.9581441868e+00    4.1163687680e+04    7.1533195000e-02    9.9946625052e-01
       117   -5.2963871375e+01    2.8063845559e+03   -7.3836583053e+01    2.0872711678e+01   -1.8410835069e+01    7.3122642632e+00   -9.0641483289e+00   -5.3673863918e+01   -8.9251836006e+00    4.1277325818e+04    7.2889073000e-02    9.9946472255e-01
       118   -5.2996982140e+01    2.8098703535e+03   -7.3883479141e+01    2.0886497000e+01   -1.8363389589e+01    7.2583282753e+00   -9.1045539098e+00   -5.3673863918e+01   -8.9654011133e+00    4.1260428679e+04    7.2149237000e-02    9.9947046991e-01
       119   -5.3008051585e+01    2.8110220544e+03   -7.3855052417e+01    2.0847000832e+01   -1.8356622096e+01    7.3033581689e+00   -9.1279245724e+00   -5.3673863918e+01   -8.9886688952e+00    4.1459589987e+04    7.0722870000e-02    9.9946395408e-01
       120   -5.3017994787e+01    2.8120495781e+03   -7.3872265522e+01    2.0854270735e+01   -1.8440610434e+01    7.3197655429e+00   -9.0775567134e+00   -5.3673863918e+01   -8.9376836484e+00    4.1485676007e+04    6.8946982000e-02    9.9947511149e-01
       121   -5.3001954225e+01    2.8103668329e+03   -7.3793294958e+01    2.0791340733e+01   -1.8306346329e+01    7.2690620247e+00   -9.0821467355e+00   -5.3673863918e+01   -8.9447554437e+00    4.1380804147e+04    7.1092837000e-02    9.9949556581e-01
       122   -5.2990276185e+01    2.8091271778e+03   -7.3921309649e+01    2.0931033464e+01   -1.8278256918e+01    7.1502425786e+00   -9.1194313916e+00   -5.3673863918e+01   -8.9873556824e+00    4.1115889861e+04    7.0770867000e-02    9.9949901505e-01
       123   -5.3015832620e+01    2.8118351467e+03   -7.4006065534e+01    2.0990232914e+01   -1.8231737131e+01    7.0125305591e+00   -9.1129950446e+00   -5.3673863918e+01   -8.9787741856e+00    4.1176625151e+04    7.1616847000e-02    9.9945780206e-01
       124   -5.3007430154e+01    2.8109741323e+03   -7.3886547576e+01    2.0879117422e+01   -1.8227157429e+01    7.1041415264e+00   -9.0896677555e+00   -5.3673863918e+01   -8.9547467050e+00    4.1375112937e+04    7.1356813000e-02    9.9945862336e-01
       125   -5.3008058294e+01    2.8109784067e+03   -7.3905676168e+01    2.0897617874e+01   -1.8202152288e+01    7.0944222860e+00   -9.1240822488e+00   -5.3673863918e+01   -8.9859238450e+00    4.1940276258e+04    7.1610781000e-02    9.9950529277e-01
       126   -5.3006083672e+01    2.8107838222e+03   -7.3965989796e+01    2.0959906124e+01   -1.8127823176e+01    7.0150069254e+00   -9.1793096278e+00   -5.3673863918e+01   -9.0409600036e+00    4.2141746934e+04    7.3979513000e-02    9.9948454220e-01
       127   -5.3004323583e+01    2.8105911413e+03   -7.3915799586e+01    2.0911476003e+01   -1.8132214925e+01    7.0688207523e+00   -9.1785414962e+00   -5.3673863918e+01   -9.0392632723e+00    4.2092482359e+04    7.4389253000e-02    9.9948394223e-01
       128   -5.3016143248e+01    2.8118588423e+03   -7.3882189130e+01    2.0866045882e+01   -1.8084995444e+01    7.0912831085e+00   -9.2146128769e+00   -5.3673863918e+01   -9.0771161839e+00    4.2092953626e+04    7.3489784000e-02    9.9948391771e-01
       129   -5.3033702941e+01    2.8136949697e+03   -7.3835346277e+01    2.0801643336e+01   -1.8101913089e+01    7.1434963196e+00   -9.2030655893e+00   -5.3673863918e+01   -9.0677357530e+00    4.1929572023e+04    7.1108957000e-02    9.9948721618e-01
       130   -5.3017388417e+01    2.8119803741e+03   -7.3878555299e+01    2.0861166882e+01   -1.8046860061e+01    7.0637879663e+00   -9.2216192863e+00   -5.3673863918e+01   -9.0842192323e+00    4.1652281690e+04    7.2551693000e-02    9.9946642499e-01
       131   -5.3022397460e+01    2.8124640986e+03   -7.3880307541e+01    2.0857910081e+01   -1.8013075123e+01    7.0287763554e+00   -9.2221448552e+00   -5.3673863918e+01   -9.0887539622e+00    4.1590886860e+04    7.2369878000e-02    9.9949386872e-01
       132   -5.3036631953e+01    2.8140090207e+03   -7.3883168569e+01    2.0846536616e+01   -1.7980020802e+01    6.9425387665e+00   -9.1718226162e+00   -5.3673863918e+01   -9.0406974058e+00    4.1661172648e+04    7.1807567000e-02    9.9945508666e-01
       133   -5.3001060773e+01    2.8102526999e+03   -7.3726841052e+01    2.0725780279e+01   -1.7951443150e+01    7.0526744380e+00   -9.1542084225e+00   -5.3673863918e+01   -9.0195328871e+00    4.1537648674e+04    6.9774232000e-02    9.9945535736e-01
       134   -5.3011752662e+01    2.8113416810e+03   -7.3708028024e+01    2.0696275363e+01   -1.7870635515e+01    7.0224584491e+00   -9.1859870411e+00   -5.3673863918e+01   -9.0474088923e+00    4.1504937930e+04    7.1725760000e-02    9.9945007951e-01
       135   -5.3019422821e+01    2.8121636300e+03   -7.3681077482e+01    2.0661654661e+01   -1.7911464613e+01    7.0768342229e+00   -9.1725831741e+00   -5.3673863918e+01   -9.0311867711e+00    4.1771183993e+04    7.2020014000e-02    9.9942126305e-01
       136   -5.3016982085e+01    2.8119115593e+03   -7.3860839108e+01    2.0843857023e+01   -1.7902540905e+01    6.8678088257e+00   -9.1522431114e+00   -5.3673863918e+01   -9.0094858232e+00    4.1867087511e+04    7.0901881000e-02    9.9946141537e-01
       137   -5.3020289554e+01    2.8122764340e+03   -7.4008720860e+01    2.0988431307e+01   -1.7992815321e+01    6.8085066146e+00   -9.1505482358e+00   -5.3673863918e+01   -9.0115038019e+00    4.1676536923e+04    7.0618775000e-02    9.9947872928e-01
       138   -5.3017438204e+01    2.8120108841e+03   -7.3953709539e+01    2.0936271336e+01   -1.8197978257e+01    7.0337889508e+00   -9.1156563155e+00   -5.3673863918e+01   -8.9744976613e+00    4.1837395473e+04    6.9792896000e-02    9.9944489591e-01
       139   -5.3045222202e+01    2.8149610908e+03   -7.3846661334e+01    2.0801439132e+01   -1.8184838504e+01    7.1037066266e+00   -9.0916655388e+00   -5.3673863918e+01   -8.9462610022e+00    4.1982283956e+04    7.1782107000e-02    9.9948069273e-01
       140   -5.3034807912e+01    2.8138576341e+03   -7.3995480007e+01    2.0960672096e+01   -1.8256623717e+01    7.0386013406e+00   -9.1035937131e+00   -5.3673863918e+01   -8.9573628717e+00    4.2109325679e+04    7.3941743000e-02    9.9947695267e-01
       141   -5.3029450004e+01    2.8132694784e+03   -7.3908778515e+01    2.0879328511e+01   -1.8269465321e+01    7.1575107115e+00   -9.1229599878e+00   -5.3673863918e+01   -8.9817009196e+00    4.2142168330e+04    7.4170055000e-02    9.9947856109e-01
       142   -5.3017035986e+01    2.8119326588e+03   -7.3881404400e+01    2.0864368414e+01   -1.8214925516e+01    7.1113152417e+00   -9.1039302086e+00   -5.3673863918e+01   -8.9668014078e+00    4.2061986019e+04    7.1689535000e-02    9.9948710329e-01
       143   -5.3006807992e+01    2.8108390617e+03   -7.3864402528e+01    2.0857594536e+01   -1.8173794578e+01    7.0979618256e+00   -9.1147058582e+00   -5.3673863918e+01   -8.9805893961e+00    4.2123311102e+04    7.2965328000e-02    9.9949381661e-01
       144   -5.3020531471e+01    2.8122978599e+03   -7.3886565921e+01    2.0866034450e+01   -1.8036029868e+01    6.9744536768e+00   -9.1511258117e+00   -5.3673863918e+01   -9.0181447631e+00    4.1631425645e+04    7.2868249000e-02    9.9950638932e-01
       145   -5.3037866529e+01    2.8141599037e+03   -7.3817100112e+01    2.0779233583e+01   -1.8053925957e+01    7.0632858408e+00   -9.1525960782e+00   -5.3673863918e+01   -9.0233488063e+00    4.1157462729e+04    7.1837453000e-02    9.9946904160e-01
       146   -5.2996705071e+01    2.8097893825e+03   -7.3774577600e+01    2.0777872529e+01   -1.7985728746e+01    7.0141020828e+00   -9.1290870191e+00   -5.3673863918e+01   -8.9978121947e+00    4.0978043229e+04    7.1950269000e-02    9.9949365544e-01
       147   -5.2995187894e+01    2.8096407204e+03   -7.3848770262e+01    2.0853582368e+01   -1.8095820563e+01    7.0772090399e+00   -9.1562948210e+00   -5.3673863918e+01   -9.0232948894e+00    4.1008734626e+04    6.9907746000e-02    9.9946599693e-01
       148   -5.2994948391e+01    2.8096099578e+03   -7.3896411472e+01    2.0901463081e+01   -1.8165372024e+01    7.0649292424e+00   -9.1221047725e+00   -5.3673863918e+01   -8.9914916788e+00    4.1397603206e+04    7.1656140000e-02    9.9946439786e-01
       149   -5.3012692014e+01    2.8114961491e+03   -7.3888069835e+01    2.0875377820e+01   -1.8141155744e+01    7.0484601544e+00   -9.1215103267e+00   -5.3673863918e+01   -8.9951542359e+00    4.1156998988e+04    7.0324024000e-02    9.9950251476e-01
       150   -5.3001004269e+01    2.8102495834e+03   -7.3726630214e+01    2.0725625945e+01   -1.8091713200e+01    7.1582423725e+00   -9.1192954692e+00   -5.3673863918e+01   -8.9921683353e+00    4.1173062589e+04    7.0193386000e-02    9.9941105039e-01
       151   -5.3037645409e+01    2.8141774709e+03   -7.3879725753e+01    2.0842080344e+01   -1.8127090245e+01    7.0341964339e+00   -9.1129680243e+00   -5.3673863918e+01   -8.9892943638e+00    4.1437210903e+04    7.0503708000e-02    9.9945212753e-01
       152   -5.3038359143e+01    2.8142647326e+03   -7.3769917324e+01    2.0731558181e+01   -1.8215852549e+01    7.2486282229e+00   -9.1288290806e+00   -5.3673863918e+01   -9.0057705214e+00    4.1752537137e+04    7.0275640000e-02    9.9948203593e-01
       153   -5.3022195036e+01    2.8124845034e+03   -7.3994242174e+01    2.0972047138e+01   -1.8101354892e+01    6.9415700995e+00   -9.1605934642e+00   -5.3673863918e+01   -9.0373603416e+00    4.1952544007e+04    7.3233627000e-02    9.9947204081e-01
       154   -5.3010188970e+01    2.8112284737e+03   -7.3922981641e+01    2.0912792671e+01   -1.8090848643e+01    7.0132711759e+00   -9.1715402558e+00   -5.3673863918e+01   -9.0488052037e+00    4.2176335412e+04    7.4270882000e-02    9.9945355839e-01
       155   -5.3016729187e+01    2.8119085329e+03   -7.3817248422e+01    2.0800519235e+01   -1.8159161105e+01    7.1913934897e+00   -9.1756168887e+00   -5.3673863918e+01   -9.0569587850e+00    4.2121330458e+04    7.3906025000e-02    9.9944807122e-01
       156   -5.3016937127e+01    2.8119021517e+03   -7.3865173934e+01    2.0848236807e+01   -1.8173391405e+01    7.1307385077e+00   -9.1486571184e+00   -5.3673863918e+01   -9.0276300145e+00    4.2216661300e+04    7.3875390000e-02    9.9946827408e-01
       157   -5.3037927590e+01    2.8141651019e+03   -7.3754394271e+01    2.0716466681e+01   -1.8222921325e+01    7.2671577779e+00   -9.1247668057e+00   -5.3673863918e+01   -8.9967858687e+00    4.2284791084e+04    7.1866772000e-02    9.9944779473e-01
       158   -5.3037631606e+01    2.8141452109e+03   -7.3889083677e+01    2.0851452071e+01   -1.8224683899e+01    7.1655482288e+00   -9.1560840898e+00   -5.3673863918e+01   -9.0203891218e+00    4.2092207212e+04    7.1476987000e-02    9.9942566283e-01
       159   -5.3043378582e+01    2.8147343759e+03   -7.3867317686e+01    2.0823939104e+01   -1.8195014026e+01    7.1426587524e+00   -9.1410984955e+00   -5.3673863918e+01   -9.0049690367e+00    4.2124545432e+04    7.3157706000e-02    9.9945754101e-01
       160   -5.3036714798e+01    2.8140210994e+03   -7.4003265680e+01    2.0966550882e+01   -1.8173776520e+01    6.9856691799e+00   -9.1412944218e+00   -5.3673863918e+01   -9.0004734251e+00    4.2102254183e+04    7.1961480000e-02    9.9946736497e-01
       161   -5.3010722015e+01    2.8112864229e+03   -7.3921530689e+01    2.0910808674e+01   -1.8281527257e+01    7.1561709343e+00   -9.1223104487e+00   -5.3673863918e+01   -8.9774972984e+00    4.1780605772e+04    6.9351116000e-02    9.9947467930e-01
       162   -5.2991392739e+01    2.8092276792e+03   -7.3873424437e+01    2.0882031697e+01   -1.8304954658e+01    7.2570998270e+00   -9.1517056880e+00   -5.3673863918e+01   -9.0093324318e+00    4.1446036706e+04    6.9942982000e-02    9.9945056933e-01
       163   -5.2994578682e+01    2.8095406771e+03   -7.3944965511e+01    2.0950386829e+01   -1.8290541335e+01    7.1676430767e+00   -9.1482033347e+00   -5.3673863918e+01   -9.0036777007e+00    4.1522217425e+04    7.0438818000e-02    9.9942990272e-01
       164   -5.3004565483e+01    2.8106337540e+03   -7.3937728427e+01    2.0933162944e+01   -1.8284660091e+01    7.1381151451e+00   -9.1173195630e+00   -5.3673863918e+01   -8.9776379580e+00    4.1607255020e+04    7.1049742000e-02    9.9949412415e-01
       165   -5.3013306285e+01    2.8115474412e+03   -7.3883858194e+01    2.0870551908e+01   -1.8231298467e+01    7.1571767468e+00   -9.1358725556e+00   -5.3673863918e+01   -8.9989649296e+00    4.1592849315e+04    7.2079771000e-02    9.9948611612e-01
       166   -5.3013579182e+01    2.8115477078e+03   -7.3906966170e+01    2.0893386988e+01   -1.8260424425e+01    7.2059339652e+00   -9.1786117918e+00   -5.3673863918e+01   -9.0418401654e+00    4.1293417653e+04    7.3490392000e-02    9.9944241294e-01
       167   -5.3004260526e+01    2.8105779560e+03   -7.3909772696e+01    2.0905512170e+01   -1.8261817921e+01    7.1629098525e+00   -9.1370007101e+00   -5.3673863918e+01   -8.9990178702e+00    4.1277730121e+04    7.1553016000e-02    9.9944828004e-01
       168   -5.2979298908e+01    2.8078793097e+03   -7.4012115699e+01    2.1032816790e+01   -1.8149139285e+01    6.9702083537e+00   -9.1593208495e+00   -5.3673863918e+01   -9.0247992014e+00    4.1159229165e+04    7.0738209000e-02    9.9949351407e-01
       169   -5.2991529410e+01    2.8091888688e+03   -7.4106823593e+01    2.1115294183e+01   -1.8223737752e+01    6.9746461638e+00   -9.1838680870e+00   -5.3673863918e+01   -9.0491995455e+00    4.1307848647e+04    7.0367645000e-02    9.9944993101e-01
       170   -5.3015365982e+01    2.8117453722e+03   -7.4007345604e+01    2.0991979621e+01   -1.8237710964e+01    7.0569052393e+00   -9.1526759615e+00   -5.3673863918e+01   -9.0154705071e+00    4.1251957879e+04    7.1262560000e-02    9.9948002521e-01
       171   -5.3019215494e+01    2.8121948995e+03   -7.3969888616e+01    2.0950673122e+01   -1.8246246385e+01    7.0793082838e+00   -9.1290865964e+00   -5.3673863918e+01   -8.9932587964e+00    4.0999124244e+04    7.1360472000e-02    9.9942861673e-01
       172   -5.3005329169e+01    2.8107151490e+03   -7.4026669582e+01    2.1021340413e+01   -1.8231791396e+01    7.0187788648e+00   -9.1397931337e+00   -5.3673863918e+01   -9.0138913514e+00    4.0488702774e+04    6.9588340000e-02    9.9949675204e-01
       173   -5.3011955810e+01    2.8113942810e+03   -7.3997798287e+01    2.0985842477e+01   -1.8170501826e+01    6.9514364825e+00   -9.1048690261e+00   -5.3673863918e+01   -8.9778083884e+00    4.0545226836e+04    7.0235779000e-02    9.9945056978e-01
       174   -5.2964196171e+01    2.8063185211e+03   -7.3925329409e+01    2.0961133238e+01   -1.8101622372e+01    6.9942481834e+00   -9.1440913023e+00   -5.3673863918e+01   -9.0166040817e+00    4.0259362004e+04    6.9620740000e-02    9.9948963119e-01
       175   -5.2990642867e+01    2.8091567971e+03   -7.3780359187e+01    2.0789716319e+01   -1.8118625715e+01    7.1645278879e+00   -9.1523974419e+00   -5.3673863918e+01   -9.0234839447e+00    3.9700748112e+04    6.9722592000e-02    9.9946470855e-01
       176   -5.3003241246e+01    2.8105320980e+03   -7.3763500902e+01    2.0760259656e+01   -1.8112046072e+01    7.1704519658e+00   -9.1480428781e+00   -5.3673863918e+01   -9.0177322817e+00    3.9753189480e+04    6.9862912000e-02    9.9944211029e-01
       177   -5.3006966712e+01    2.8109119661e+03   -7.3862411223e+01    2.0855444511e+01   -1.8037899971e+01    6.9996506966e+00   -9.1502980304e+00   -5.3673863918e+01   -9.0173195114e+00    3.9887169707e+04    7.0003884000e-02    9.9947971516e-01
       178   -5.3015961000e+01    2.8118417741e+03   -7.3913438111e+01    2.0897477110e+01   -1.8221401731e+01    7.0704946855e+00   -9.0886671473e+00   -5.3673863918e+01   -8.9517529141e+00    4.0075303805e+04    6.9526105000e-02    9.9945219496e-01
       179   -5.3004143430e+01    2.8105877934e+03   -7.3765256707e+01    2.0761113277e+01   -1.8258379173e+01    7.2393990798e+00   -9.0724126962e+00   -5.3673863918e+01   -8.9318643988e+00    4.0213980929e+04    6.9615000000e-02    9.9947278108e-01
       180   -5.3023637738e+01    2.8126923205e+03   -7.3871777545e+01    2.0848139807e+01   -1.8235873967e+01    7.1444269851e+00   -9.1064666456e+00   -5.3673863918e+01   -8.9666880668e+00    4.0160188651e+04    7.2530178000e-02    9.9946268025e-01
       181   -5.3020768926e+01    2.8123350728e+03   -7.3925532920e+01    2.0904763993e+01   -1.8175069380e+01    7.0204341797e+00   -9.0970338014e+00   -5.3673863918e+01   -8.9563695249e+00    4.0179735706e+04    6.9921817000e-02    9.9948970702e-01
       182   -5.3020537810e+01    2.8123205100e+03   -7.3934281742e+01    2.0913743933e+01   -1.8235541437e+01    7.0737301229e+00   -9.0986065102e+00   -5.3673863918e+01   -8.9642539008e+00    4.0360653586e+04    6.9828941000e-02    9.9949634494e-01
       183   -5.3000131541e+01    2.8102034025e+03   -7.3840999932e+01    2.0840868391e+01   -1.8291610421e+01    7.1919220038e+00   -9.0674475969e+00   -5.3673863918e+01   -8.9312669674e+00    4.0545613033e+04    7.0674836000e-02    9.9945122703e-01
       184   -5.3027192651e+01    2.8130302960e+03   -7.3999547179e+01    2.0972354528e+01   -1.8307736145e+01    7.0712343009e+00   -9.0891814172e+00   -5.3673863918e+01   -8.9484647441e+00    4.0527027374e+04    7.1136055000e-02    9.9946324128e-01
       185   -5.3033422075e+01    2.8136558400e+03   -7.3895280466e+01    2.0861858391e+01   -1.8392275274e+01    7.2730136570e+00   -9.1021549310e+00   -5.3673863918e+01   -8.9545075873e+00    4.0535362433e+04    7.2441945000e-02    9.9948307343e-01
       186   -5.3013243907e+01    2.8115261160e+03   -7.3931618474e+01    2.0918374567e+01   -1.8471636119e+01    7.2885525481e+00   -9.0746709851e+00   -5.3673863918e+01   -8.9230913293e+00    4.0582081250e+04    6.9804684000e-02    9.9947448187e-01
       187   -5.3011838110e+01    2.8114289533e+03   -7.4007172402e+01    2.0995334292e+01   -1.8482117370e+01    7.2498143484e+00   -9.1010054626e+00   -5.3673863918e+01   -8.9502013388e+00    4.0944032362e+04    7.2175473000e-02    9.9946511003e-01
       188   -5.3032610529e+01    2.8136435142e+03   -7.4027368987e+01    2.0994758458e+01   -1.8358399346e+01    7.1076629370e+00   -9.1027686598e+00   -5.3673863918e+01   -8.9556181054e+00    4.1290454122e+04    7.3311245000e-02    9.9943020806e-01
       189   -5.3017053759e+01    2.8119735120e+03   -7.3952591338e+01    2.0935537578e+01   -1.8213942941e+01    7.0573136143e+00   -9.1220980936e+00   -5.3673863918e+01   -8.9769036969e+00    4.1137710874e+04    6.9802996000e-02    9.9945730121e-01
       190   -5.2985688369e+01    2.8086735368e+03   -7.3950618012e+01    2.0964929643e+01   -1.8136787381e+01    7.0122101449e+00   -9.1521768582e+00   -5.3673863918e+01   -9.0116239420e+00    4.1025063585e+04    6.8894005000e-02    9.9945527663e-01
       191   -5.3008419030e+01    2.8110370825e+03   -7.3834052920e+01    2.0825633890e+01   -1.8105786836e+01    7.0883478278e+00   -9.1427499945e+00   -5.3673863918e+01   -9.0088125680e+00    4.0862550349e+04    7.1788473000e-02    9.9947016788e-01
       192   -5.3002893314e+01    2.8104519586e+03   -7.3876094313e+01    2.0873200999e+01   -1.8078341064e+01    6.9940842107e+00   -9.1179735424e+00   -5.3673863918e+01   -8.9795767662e+00    4.0756993566e+04    7.0433731000e-02    9.9949333857e-01
       193   -5.3011060508e+01    2.8113572809e+03   -7.3899664742e+01    2.0888604234e+01   -1.8174062621e+01    7.0236785784e+00   -9.0754167812e+00   -5.3673863918e+01   -8.9381718208e+00    4.0516523652e+04    6.9659978000e-02    9.9948474601e-01
       194   -5.3016970414e+01    2.8119623980e+03   -7.3807904793e+01    2.0790934379e+01   -1.8143941470e+01    7.0531606162e+00   -9.0432600219e+00   -5.3673863918e+01   -8.9089538541e+00    4.0190747285e+04    7.0284318000e-02    9.9949670275e-01
       195   -5.3025276290e+01    2.8128288325e+03   -7.3769288601e+01    2.0744012312e+01   -1.8234357226e+01    7.2370871547e+00   -9.0981546123e+00   -5.3673863918e+01   -8.9616220549e+00    4.0310621986e+04    7.1078783000e-02    9.9947027590e-01
       196   -5.3026931872e+01    2.8130118297e+03   -7.3894597340e+01    2.0867665469e+01   -1.8312140921e+01    7.1800516453e+00   -9.0886441473e+00   -5.3673863918e+01   -8.9467961521e+00    4.0605521812e+04    7.0618910000e-02    9.9943349754e-01
       197   -5.3023211122e+01    2.8126091015e+03   -7.3979554828e+01    2.0956343706e+01   -1.8303102528e+01    7.1444253901e+00   -9.1470137729e+00   -5.3673863918e+01   -9.0059316687e+00    4.0618957917e+04    7.0692966000e-02    9.9949955680e-01
       198   -5.3044090598e+01    2.8148354102e+03   -7.3998084464e+01    2.0953993865e+01   -1.8179358289e+01    7.0191444946e+00   -9.1640067512e+00   -5.3673863918e+01   -9.0191813787e+00    4.0776129303e+04    7.1344599000e-02    9.9949102237e-01
       199   -5.3026253620e+01    2.8128938382e+03   -7.4023161854e+01    2.0996908234e+01   -1.8149062935e+01    6.9484822174e+00   -9.1487172182e+00   -5.3673863918e+01   -9.0040042458e+00    4.1183785732e+04    7.1239923000e-02    9.9947002258e-01
