#   index    LocalEnergy         LocalEnergy_sq      LocalPotential      Kinetic             LocalECP            NonLocalECP         ElecElec            IonIon              MPC                 BlockWeight         BlockCPU            AcceptRatio         
         0   -2.3885131268e+02    5.7051325655e+04   -3.2959546617e+02    9.0744153482e+01   -1.6284457026e+03    3.1258022954e+01    7.0666528579e+02    5.6092692771e+02    7.0672634562e+02    4.0935085817e+04    4.3305657630e+00    9.9950915697e-01
         1   -2.3891154307e+02    5.7080080115e+04   -3.2962967725e+02    9.0718134181e+01   -1.6285133545e+03    3.1270249450e+01    7.0668650009e+02    5.6092692771e+02    7.0674752329e+02    4.0956066734e+04    4.3851415330e+00    9.9950683913e-01
         2   -2.3893969509e+02    5.7093468853e+04   -3.2948748432e+02    9.0547789229e+01   -1.6284086473e+03    3.1390866057e+01    7.0660336920e+02    5.6092692771e+02    7.0666766759e+02    4.0928671120e+04    4.4104024880e+00    9.9950379118e-01
         3   -2.3895777213e+02    5.7102179712e+04   -3.2969712915e+02    9.0739357014e+01   -1.6280341403e+03    3.0958675113e+01    7.0645140834e+02    5.6092692771e+02    7.0651353567e+02    4.0986125849e+04    4.3974827990e+00    9.9951688465e-01
         4   -2.3897387899e+02    5.7109877117e+04   -3.2982289857e+02    9.0849019584e+01   -1.6279451919e+03    3.0820943266e+01    7.0637442240e+02    5.6092692771e+02    7.0643772599e+02    4.0967188161e+04    4.3897097130e+00    9.9952317425e-01
         5   -2.3899070020e+02    5.7117932589e+04   -3.2994541978e+02    9.0954719580e+01   -1.6278687314e+03    3.0577261182e+01    7.0641912274e+02    5.6092692771e+02    7.0647993493e+02    4.0959963954e+04    4.3724861260e+00    9.9950948873e-01
         6   -2.3903300978e+02    5.7138106748e+04   -3.2985118977e+02    9.0818179988e+01   -1.6279453301e+03    3.0896423305e+01    7.0627078936e+02    5.6092692771e+02    7.0632993124e+02    4.0964003881e+04    4.3764764370e+00    9.9952590567e-01
         7   -2.3902517935e+02    5.7134376456e+04   -3.2960528369e+02    9.0580104332e+01   -1.6283660455e+03    3.1369851864e+01    7.0646398224e+02    5.6092692771e+02    7.0652521770e+02    4.0965973936e+04    4.4132823500e+00    9.9952345703e-01
         8   -2.3902676947e+02    5.7135213501e+04   -3.2974912926e+02    9.0722359793e+01   -1.6282437150e+03    3.1094630699e+01    7.0647302736e+02    5.6092692771e+02    7.0653458191e+02    4.0946078781e+04    4.3507981720e+00    9.9951326112e-01
         9   -2.3904774015e+02    5.7145154458e+04   -3.2985010332e+02    9.0802363170e+01   -1.6282467903e+03    3.0875877267e+01    7.0659388203e+02    5.6092692771e+02    7.0665570882e+02    4.0966747396e+04    4.3585211220e+00    9.9953273182e-01
        10   -2.3907217475e+02    5.7156887380e+04   -3.2963370093e+02    9.0561526182e+01   -1.6285357393e+03    3.1178882501e+01    7.0679622813e+02    5.6092692771e+02    7.0685926358e+02    4.0952821983e+04    4.4160673120e+00    9.9951345132e-01
        11   -2.3903490173e+02    5.7139011184e+04   -3.2952083865e+02    9.0485936927e+01   -1.6286139269e+03    3.1416540724e+01    7.0674961986e+02    5.6092692771e+02    7.0681131113e+02    4.0959578832e+04    4.3684921050e+00    9.9952191462e-01
        12   -2.3902203650e+02    5.7132864312e+04   -3.2911831629e+02    9.0096279782e+01   -1.6287575204e+03    3.1903998801e+01    7.0680827756e+02    5.6092692771e+02    7.0687024039e+02    4.0953293929e+04    4.3233423870e+00    9.9950722207e-01
        13   -2.3904100117e+02    5.7141891140e+04   -3.2940111791e+02    9.0360116749e+01   -1.6286750587e+03    3.1609570192e+01    7.0673744290e+02    5.6092692771e+02    7.0679733162e+02    4.0948131299e+04    4.3505868670e+00    9.9951883794e-01
        14   -2.3906678911e+02    5.7154295242e+04   -3.2938319209e+02    9.0316402981e+01   -1.6289017863e+03    3.1503244831e+01    7.0708842170e+02    5.6092692771e+02    7.0714843923e+02    4.0957884066e+04    4.3275311260e+00    9.9949930274e-01
        15   -2.3904842857e+02    5.7145521235e+04   -3.2970423908e+02    9.0655810514e+01   -1.6288194327e+03    3.1222533487e+01    7.0696573245e+02    5.6092692771e+02    7.0702678292e+02    4.0946875844e+04    4.3242811460e+00    9.9951905592e-01
        16   -2.3904124535e+02    5.7142058741e+04   -3.2985213551e+02    9.0810890158e+01   -1.6289988725e+03    3.1256979439e+01    7.0696282985e+02    5.6092692771e+02    7.0702290926e+02    4.0927853389e+04    4.3397949890e+00    9.9949823418e-01
        17   -2.3904486004e+02    5.7143791587e+04   -3.2971620601e+02    9.0671345976e+01   -1.6288537732e+03    3.1284953142e+01    7.0692568638e+02    5.6092692771e+02    7.0698522205e+02    4.0964926852e+04    4.3066807260e+00    9.9950611860e-01
        18   -2.3903507280e+02    5.7139110115e+04   -3.2973157064e+02    9.0696497839e+01   -1.6283420445e+03    3.0958962373e+01    7.0672458373e+02    5.6092692771e+02    7.0678382735e+02    4.0938091232e+04    4.3800907250e+00    9.9951694954e-01
        19   -2.3906353297e+02    5.7152690339e+04   -3.2955774022e+02    9.0494207246e+01   -1.6279812557e+03    3.0945495834e+01    7.0655109189e+02    5.6092692771e+02    7.0660679219e+02    4.0963142754e+04    4.4737710890e+00    9.9952221355e-01
        20   -2.3908583806e+02    5.7163396113e+04   -3.2953826086e+02    9.0452422801e+01   -1.6280887861e+03    3.1015029066e+01    7.0660856847e+02    5.6092692771e+02    7.0666420582e+02    4.0953040547e+04    4.3765685550e+00    9.9951572240e-01
        21   -2.3910503571e+02    5.7172627285e+04   -3.2953017167e+02    9.0425135957e+01   -1.6280048530e+03    3.1049061415e+01    7.0649869221e+02    5.6092692771e+02    7.0655286163e+02    4.0936041081e+04    4.3316314840e+00    9.9950441680e-01
        22   -2.3903806797e+02    5.7140554798e+04   -3.2940836246e+02    9.0370294496e+01   -1.6277388432e+03    3.1066746076e+01    7.0633680694e+02    5.6092692771e+02    7.0639242530e+02    4.0937750822e+04    4.2895287280e+00    9.9951426911e-01
        23   -2.3904814117e+02    5.7145346474e+04   -3.2950905983e+02    9.0460918663e+01   -1.6278034931e+03    3.0942720781e+01    7.0642478474e+02    5.6092692771e+02    7.0648035118e+02    4.0946051047e+04    4.3010375790e+00    9.9951069415e-01
        24   -2.3906839561e+02    5.7155026801e+04   -3.2960229823e+02    9.0533902621e+01   -1.6279344117e+03    3.0989213629e+01    7.0641597211e+02    5.6092692771e+02    7.0647154418e+02    4.0958229761e+04    4.2910482900e+00    9.9950012887e-01
        25   -2.3908045923e+02    5.7160839899e+04   -3.2939196329e+02    9.0311504062e+01   -1.6280193396e+03    3.1405621586e+01    7.0629482702e+02    5.6092692771e+02    7.0635203945e+02    4.0942017655e+04    4.3050480550e+00    9.9951686690e-01
        26   -2.3907282878e+02    5.7157184767e+04   -3.2929343006e+02    9.0220601281e+01   -1.6278279741e+03    3.1344387843e+01    7.0626322844e+02    5.6092692771e+02    7.0632357297e+02    4.0967652426e+04    4.3757495620e+00    9.9951109593e-01
        27   -2.3907566443e+02    5.7158523239e+04   -3.2923283756e+02    9.0157173128e+01   -1.6279754921e+03    3.1534592315e+01    7.0628113454e+02    5.6092692771e+02    7.0634017487e+02    4.0964280995e+04    4.3925986560e+00    9.9950900230e-01
        28   -2.3907162297e+02    5.7156554512e+04   -3.2954911296e+02    9.0477489989e+01   -1.6279826001e+03    3.1203848040e+01    7.0630271143e+02    5.6092692771e+02    7.0635922346e+02    4.0946747928e+04    4.3905142530e+00    9.9951609970e-01
        29   -2.3907019979e+02    5.7155865291e+04   -3.2966109137e+02    9.0590891583e+01   -1.6282002596e+03    3.1269884223e+01    7.0634235634e+02    5.6092692771e+02    7.0640145244e+02    4.0950039164e+04    4.3441267260e+00    9.9951667223e-01
        30   -2.3908612200e+02    5.7163501787e+04   -3.2966346449e+02    9.0577342491e+01   -1.6282861572e+03    3.1273296380e+01    7.0642246861e+02    5.6092692771e+02    7.0648399994e+02    4.0962070566e+04    4.3239230080e+00    9.9951674899e-01
        31   -2.3911135350e+02    5.7175641344e+04   -3.2957402473e+02    9.0462671229e+01   -1.6283169733e+03    3.1379708976e+01    7.0643631187e+02    5.6092692771e+02    7.0649773383e+02    4.0957152047e+04    4.3931013450e+00    9.9951889559e-01
        32   -2.3907578362e+02    5.7158580499e+04   -3.2979135715e+02    9.0715573532e+01   -1.6283138438e+03    3.1158624861e+01    7.0643693411e+02    5.6092692771e+02    7.0649884650e+02    4.0962203556e+04    4.3777747760e+00    9.9951416016e-01
        33   -2.3908090751e+02    5.7160970381e+04   -3.2994868504e+02    9.0867777528e+01   -1.6283694086e+03    3.1055062865e+01    7.0643873298e+02    5.6092692771e+02    7.0649993041e+02    4.0942200404e+04    4.3066953850e+00    9.9951316107e-01
        34   -2.3905064591e+02    5.7146570818e+04   -3.2984628349e+02    9.0795637576e+01   -1.6282490426e+03    3.1197221456e+01    7.0627860998e+02    5.6092692771e+02    7.0633765168e+02    4.0955943136e+04    4.3123756550e+00    9.9952196414e-01
        35   -2.3906969328e+02    5.7155668229e+04   -3.2969235866e+02    9.0622665382e+01   -1.6285691296e+03    3.1573589747e+01    7.0637625345e+02    5.6092692771e+02    7.0643287263e+02    4.0951412730e+04    4.3214693940e+00    9.9952586441e-01
        36   -2.3910349583e+02    5.7171880683e+04   -3.2974292919e+02    9.0639433361e+01   -1.6284820171e+03    3.1311821766e+01    7.0650033845e+02    5.6092692771e+02    7.0655662687e+02    4.0980897526e+04    4.3935457440e+00    9.9952013613e-01
        37   -2.3911184826e+02    5.7175865778e+04   -3.2969752355e+02    9.0585675298e+01   -1.6285220171e+03    3.1332238370e+01    7.0656532745e+02    5.6092692771e+02    7.0662171484e+02    4.0965151176e+04    4.3780667570e+00    9.9952589410e-01
        38   -2.3908615270e+02    5.7163522801e+04   -3.2973796189e+02    9.0651809194e+01   -1.6286260948e+03    3.1272679902e+01    7.0668852525e+02    5.6092692771e+02    7.0674428014e+02    4.0938976712e+04    4.3214635420e+00    9.9950547601e-01
        39   -2.3906590866e+02    5.7153865882e+04   -3.2973019548e+02    9.0664286817e+01   -1.6283919326e+03    3.1062755491e+01    7.0667205395e+02    5.6092692771e+02    7.0673197834e+02    4.0967702062e+04    4.3768273430e+00    9.9951985008e-01
        40   -2.3906194572e+02    5.7151961912e+04   -3.2979517235e+02    9.0733226632e+01   -1.6285553156e+03    3.1024148717e+01    7.0680906680e+02    5.6092692771e+02    7.0686748014e+02    4.0954231946e+04    4.3227082110e+00    9.9952020017e-01
        41   -2.3909569780e+02    5.7168102160e+04   -3.2977761884e+02    9.0681921037e+01   -1.6285454292e+03    3.0999432478e+01    7.0684145016e+02    5.6092692771e+02    7.0689506469e+02    4.0958842159e+04    4.3165064710e+00    9.9953412106e-01
        42   -2.3906958935e+02    5.7155576245e+04   -3.2977175257e+02    9.0702163220e+01   -1.6285624042e+03    3.0989214956e+01    7.0687450898e+02    5.6092692771e+02    7.0692830113e+02    4.0980941141e+04    4.3450262790e+00    9.9953371709e-01
        43   -2.3906346848e+02    5.7152693231e+04   -3.2980315669e+02    9.0739688201e+01   -1.6285175259e+03    3.1024530854e+01    7.0676291063e+02    5.6092692771e+02    7.0681726885e+02    4.0980276153e+04    4.3368884770e+00    9.9950380614e-01
        44   -2.3910319028e+02    5.7171666091e+04   -3.2978134429e+02    9.0678154010e+01   -1.6286076236e+03    3.1133903303e+01    7.0676544832e+02    5.6092692771e+02    7.0682153453e+02    4.0939086977e+04    4.3193873650e+00    9.9952558965e-01
        45   -2.3909391191e+02    5.7167223678e+04   -3.2972659567e+02    9.0632683759e+01   -1.6284507412e+03    3.1073250947e+01    7.0672396687e+02    5.6092692771e+02    7.0678139230e+02    4.0951990126e+04    4.4065481690e+00    9.9953328231e-01
        46   -2.3911448351e+02    5.7177098115e+04   -3.2955565288e+02    9.0441169371e+01   -1.6282381891e+03    3.1178224353e+01    7.0657738419e+02    5.6092692771e+02    7.0663113686e+02    4.0954239094e+04    4.4103219550e+00    9.9951001937e-01
        47   -2.3914089842e+02    5.7189813142e+04   -3.2938469414e+02    9.0243795714e+01   -1.6283287780e+03    3.1392173751e+01    7.0662498244e+02    5.6092692771e+02    7.0667941707e+02    4.0953095712e+04    4.4365340500e+00    9.9952084351e-01
        48   -2.3910862973e+02    5.7174264512e+04   -3.2967987563e+02    9.0571245897e+01   -1.6282709474e+03    3.1080796207e+01    7.0658334780e+02    5.6092692771e+02    7.0663815833e+02    4.0982735618e+04    4.3299767440e+00    9.9951513526e-01
        49   -2.3912166364e+02    5.7180575209e+04   -3.2988176623e+02    9.0760102590e+01   -1.6283988761e+03    3.0990084704e+01    7.0660009744e+02    5.6092692771e+02    7.0665298526e+02    4.0976073554e+04    4.3787481150e+00    9.9951410913e-01
        50   -2.3912446722e+02    5.7181834607e+04   -3.2990896096e+02    9.0784493737e+01   -1.6283774780e+03    3.1022960906e+01    7.0651862841e+02    5.6092692771e+02    7.0657420181e+02    4.0916761048e+04    4.3210251830e+00    9.9951599327e-01
        51   -2.3912250036e+02    5.7180871047e+04   -3.2947268089e+02    9.0350180523e+01   -1.6280391392e+03    3.1338966381e+01    7.0630056424e+02    5.6092692771e+02    7.0635423156e+02    4.0860179358e+04    4.3405090950e+00    9.9950848426e-01
        52   -2.3909792686e+02    5.7169121609e+04   -3.2961285335e+02    9.0514926490e+01   -1.6281156177e+03    3.1286106440e+01    7.0628973018e+02    5.6092692771e+02    7.0634283505e+02    4.0357905087e+04    4.3246284130e+00    9.9950196982e-01
        53   -2.3910052492e+02    5.7170337999e+04   -3.2951961457e+02    9.0419089652e+01   -1.6279346901e+03    3.1092549165e+01    7.0639559866e+02    5.6092692771e+02    7.0644999999e+02    4.0358460136e+04    4.3034605320e+00    9.9952535915e-01
        54   -2.3913299364e+02    5.7185873370e+04   -3.2939554112e+02    9.0262547477e+01   -1.6280335412e+03    3.1212554810e+01    7.0649851756e+02    5.6092692771e+02    7.0655531712e+02    4.0497502816e+04    4.3255635710e+00    9.9952280205e-01
        55   -2.3912554583e+02    5.7182336024e+04   -3.2936324359e+02    9.0237697757e+01   -1.6280814274e+03    3.1191043526e+01    7.0660021259e+02    5.6092692771e+02    7.0665848819e+02    4.0760942966e+04    4.3286306910e+00    9.9953328863e-01
        56   -2.3907992506e+02    5.7160580323e+04   -3.2946287804e+02    9.0382952979e+01   -1.6280985025e+03    3.1043616583e+01    7.0666508018e+02    5.6092692771e+02    7.0672338142e+02    4.0809718018e+04    4.3965346380e+00    9.9951067664e-01
        57   -2.3908620189e+02    5.7163543093e+04   -3.2942591627e+02    9.0339714386e+01   -1.6281603404e+03    3.1169542042e+01    7.0663795437e+02    5.6092692771e+02    7.0669246006e+02    4.0636570328e+04    4.4111618770e+00    9.9951881015e-01
        58   -2.3908216644e+02    5.7161612951e+04   -3.2958676140e+02    9.0504594962e+01   -1.6276424651e+03    3.0649669263e+01    7.0647910670e+02    5.6092692771e+02    7.0653263944e+02    4.0807852973e+04    4.3697751320e+00    9.9952356061e-01
        59   -2.3909221569e+02    5.7166424520e+04   -3.2955518018e+02    9.0462964492e+01   -1.6276490626e+03    3.0759152923e+01    7.0640780175e+02    5.6092692771e+02    7.0645973242e+02    4.0933225583e+04    4.3406544810e+00    9.9952975376e-01
        60   -2.3907463613e+02    5.7158023986e+04   -3.2942375035e+02    9.0349114220e+01   -1.6277035392e+03    3.1010494436e+01    7.0634236668e+02    5.6092692771e+02    7.0639234908e+02    4.0742218196e+04    4.3055457980e+00    9.9950425798e-01
        61   -2.3906892603e+02    5.7155388099e+04   -3.2924507827e+02    9.0176152241e+01   -1.6278353102e+03    3.1306140259e+01    7.0635716394e+02    5.6092692771e+02    7.0640858621e+02    4.0441114149e+04    4.3087026920e+00    9.9949822118e-01
        62   -2.3906188639e+02    5.7151925526e+04   -3.2933009495e+02    9.0268208563e+01   -1.6276887283e+03    3.1134002084e+01    7.0629770359e+02    5.6092692771e+02    7.0635186315e+02    4.0171688580e+04    4.2932829600e+00    9.9951780405e-01
        63   -2.3904855012e+02    5.7145509107e+04   -3.2938080345e+02    9.0332253337e+01   -1.6280097437e+03    3.1238176786e+01    7.0646383580e+02    5.6092692771e+02    7.0651611682e+02    3.9788593313e+04    4.2778859400e+00    9.9950743868e-01
        64   -2.3906886769e+02    5.7155180849e+04   -3.2932522731e+02    9.0256359617e+01   -1.6280320512e+03    3.1326400387e+01    7.0645349581e+02    5.6092692771e+02    7.0650649749e+02    3.9566068839e+04    4.3207774900e+00    9.9951611454e-01
        65   -2.3908854046e+02    5.7164668132e+04   -3.2922845446e+02    9.0139913998e+01   -1.6278916304e+03    3.1386267912e+01    7.0634998031e+02    5.6092692771e+02    7.0640338513e+02    3.9466808497e+04    4.2521781240e+00    9.9951962606e-01
        66   -2.3911137754e+02    5.7175602640e+04   -3.2948910541e+02    9.0377727867e+01   -1.6278428400e+03    3.1162121011e+01    7.0626468590e+02    5.6092692771e+02    7.0631864846e+02    3.9346720858e+04    4.1583494660e+00    9.9951824075e-01
        67   -2.3908919956e+02    5.7165020224e+04   -3.2942987636e+02    9.0340676801e+01   -1.6277030008e+03    3.1068407859e+01    7.0627778890e+02    5.6092692771e+02    7.0633162028e+02    3.9627337441e+04    4.2789256520e+00    9.9950937915e-01
        68   -2.3905921897e+02    5.7150709439e+04   -3.2937443087e+02    9.0315211898e+01   -1.6277094702e+03    3.1177713485e+01    7.0623039814e+02    5.6092692771e+02    7.0628685747e+02    3.9664147629e+04    4.3143647670e+00    9.9952041594e-01
        69   -2.3906123033e+02    5.7151653343e+04   -3.2949609642e+02    9.0434866082e+01   -1.6278029490e+03    3.1020378285e+01    7.0635954661e+02    5.6092692771e+02    7.0641544143e+02    3.9410688267e+04    4.2425973830e+00    9.9951985023e-01
        70   -2.3909292515e+02    5.7166813420e+04   -3.2963576155e+02    9.0542836403e+01   -1.6278239012e+03    3.1015525388e+01    7.0624568659e+02    5.6092692771e+02    7.0630379267e+02    3.9237031925e+04    4.1380738150e+00    9.9952244995e-01
        71   -2.3909490876e+02    5.7167783987e+04   -3.2927414587e+02    9.0179237111e+01   -1.6280513112e+03    3.1568063409e+01    7.0628217421e+02    5.6092692771e+02    7.0634061100e+02    3.9326274744e+04    4.1931422720e+00    9.9951844410e-01
        72   -2.3907957670e+02    5.7160410026e+04   -3.2941676272e+02    9.0337186021e+01   -1.6283240865e+03    3.1562257664e+01    7.0641813844e+02    5.6092692771e+02    7.0647471239e+02    3.9777986969e+04    4.2775160460e+00    9.9952020583e-01
        73   -2.3908353545e+02    5.7162326319e+04   -3.2922387578e+02    9.0140340327e+01   -1.6285947704e+03    3.1758360834e+01    7.0668560604e+02    5.6092692771e+02    7.0674241843e+02    3.9980685554e+04    4.2975498860e+00    9.9950944015e-01
        74   -2.3907311022e+02    5.7157335522e+04   -3.2933282303e+02    9.0259712810e+01   -1.6283078790e+03    3.1543465094e+01    7.0650466313e+02    5.6092692771e+02    7.0656026698e+02    4.0307157317e+04    4.2923975180e+00    9.9952668822e-01
        75   -2.3909171822e+02    5.7166154191e+04   -3.2955021809e+02    9.0458499872e+01   -1.6278975755e+03    3.1055064246e+01    7.0636536549e+02    5.6092692771e+02    7.0642069560e+02    4.0435572289e+04    4.3895573010e+00    9.9952595304e-01
        76   -2.3911027362e+02    5.7175076333e+04   -3.2951889002e+02    9.0408616404e+01   -1.6277667109e+03    3.0971459233e+01    7.0634943397e+02    5.6092692771e+02    7.0640467011e+02    4.0472604021e+04    4.3797750950e+00    9.9952662592e-01
        77   -2.3913505312e+02    5.7186925706e+04   -3.2946722894e+02    9.0332175820e+01   -1.6278198061e+03    3.1142058707e+01    7.0628359070e+02    5.6092692771e+02    7.0633754199e+02    4.0666737781e+04    4.3675280800e+00    9.9952801828e-01
        78   -2.3909923520e+02    5.7169806486e+04   -3.2943658375e+02    9.0337348551e+01   -1.6279711981e+03    3.1114481553e+01    7.0649320509e+02    5.6092692771e+02    7.0654552711e+02    4.0620628392e+04    4.3820758760e+00    9.9953180524e-01
        79   -2.3908774488e+02    5.7164291219e+04   -3.2950752553e+02    9.0419780647e+01   -1.6278821699e+03    3.0978506523e+01    7.0646921010e+02    5.6092692771e+02    7.0652073539e+02    4.0580173062e+04    4.4001379440e+00    9.9950713423e-01
        80   -2.3909111237e+02    5.7165966139e+04   -3.2936051243e+02    9.0269400058e+01   -1.6280972816e+03    3.1370543281e+01    7.0643929817e+02    5.6092692771e+02    7.0649213874e+02    4.0331062588e+04    4.3157313820e+00    9.9949593886e-01
        81   -2.3908934146e+02    5.7165028475e+04   -3.2936650235e+02    9.0277160891e+01   -1.6283790765e+03    3.1490213075e+01    7.0659543341e+02    5.6092692771e+02    7.0664959955e+02    4.0051951835e+04    4.2798647710e+00    9.9951433280e-01
        82   -2.3910790667e+02    5.7173940176e+04   -3.2935845050e+02    9.0250543826e+01   -1.6286611226e+03    3.1688158732e+01    7.0668758567e+02    5.6092692771e+02    7.0674117690e+02    4.0279661698e+04    4.2868682560e+00    9.9951883948e-01
        83   -2.3910062462e+02    5.7170453706e+04   -3.2985130031e+02    9.0750675691e+01   -1.6284754931e+03    3.1080494736e+01    7.0661677038e+02    5.6092692771e+02    7.0667069555e+02    4.0205432400e+04    4.3150515460e+00    9.9952957435e-01
        84   -2.3910463456e+02    5.7172360141e+04   -3.2970230178e+02    9.0597667216e+01   -1.6284619830e+03    3.1185416210e+01    7.0664733727e+02    5.6092692771e+02    7.0670092536e+02    4.0905997195e+04    4.3556958830e+00    9.9952883108e-01
        85   -2.3908505169e+02    5.7163018896e+04   -3.2960367516e+02    9.0518623476e+01   -1.6284242592e+03    3.1246439523e+01    7.0664721676e+02    5.6092692771e+02    7.0670234744e+02    4.1206456613e+04    4.3314088800e+00    9.9952060095e-01
        86   -2.3908022664e+02    5.7160706354e+04   -3.2975855197e+02    9.0678325330e+01   -1.6283562215e+03    3.1105954971e+01    7.0656478682e+02    5.6092692771e+02    7.0661971518e+02    4.1070039667e+04    4.3093308770e+00    9.9951793149e-01
        87   -2.3908455863e+02    5.7162755418e+04   -3.2953252766e+02    9.0447969035e+01   -1.6282378159e+03    3.1421060436e+01    7.0635730011e+02    5.6092692771e+02    7.0641170766e+02    4.0999463771e+04    4.3512828160e+00    9.9950502562e-01
        88   -2.3910835723e+02    5.7174167033e+04   -3.2978460142e+02    9.0676244192e+01   -1.6282718257e+03    3.1209266007e+01    7.0635103055e+02    5.6092692771e+02    7.0640431572e+02    4.0897615301e+04    4.2762490130e+00    9.9950563245e-01
        89   -2.3911190902e+02    5.7175861068e+04   -3.3006147178e+02    9.0949562757e+01   -1.6285133505e+03    3.1080549162e+01    7.0644440188e+02    5.6092692771e+02    7.0649920799e+02    4.0908312935e+04    4.3138351440e+00    9.9952503966e-01
        90   -2.3911556711e+02    5.7177646811e+04   -3.2998940909e+02    9.0873841978e+01   -1.6283139017e+03    3.1166811030e+01    7.0623075390e+02    5.6092692771e+02    7.0628661027e+02    4.0660257780e+04    4.3467296690e+00    9.9950066414e-01
        91   -2.3912076903e+02    5.7180099766e+04   -3.2998116068e+02    9.0860391646e+01   -1.6279169813e+03    3.0803774864e+01    7.0620511803e+02    5.6092692771e+02    7.0626084138e+02    4.0516624936e+04    4.3007106420e+00    9.9951053401e-01
        92   -2.3911420430e+02    5.7176958164e+04   -3.3012125431e+02    9.1007050017e+01   -1.6278839501e+03    3.0411895388e+01    7.0642387271e+02    5.6092692771e+02    7.0647848966e+02    4.0388908932e+04    4.2895313280e+00    9.9951890006e-01
        93   -2.3910460515e+02    5.7172363590e+04   -3.2974285374e+02    9.0638248584e+01   -1.6278467223e+03    3.0841103336e+01    7.0633583754e+02    5.6092692771e+02    7.0639130656e+02    4.0350289610e+04    4.2699368130e+00    9.9952975035e-01
        94   -2.3910239889e+02    5.7171308171e+04   -3.2986606652e+02    9.0763667624e+01   -1.6280897884e+03    3.0831111728e+01    7.0646568248e+02    5.6092692771e+02    7.0652180214e+02    4.0531828025e+04    4.3507192390e+00    9.9951734329e-01
        95   -2.3911463553e+02    5.7177112874e+04   -3.2975474217e+02    9.0640106640e+01   -1.6284278381e+03    3.1146606542e+01    7.0659956171e+02    5.6092692771e+02    7.0665562877e+02    4.0615711984e+04    4.4048069870e+00    9.9951448740e-01
        96   -2.3908126635e+02    5.7161198093e+04   -3.2958817253e+02    9.0506906178e+01   -1.6284898029e+03    3.1331909647e+01    7.0664279305e+02    5.6092692771e+02    7.0669834929e+02    4.0709627548e+04    4.3179666390e+00    9.9952647251e-01
        97   -2.3910118714e+02    5.7170715017e+04   -3.2952246554e+02    9.0421278396e+01   -1.6284732883e+03    3.1288657664e+01    7.0673523742e+02    5.6092692771e+02    7.0679099106e+02    4.0699415812e+04    4.3694348820e+00    9.9951143000e-01
        98   -2.3911106731e+02    5.7175532342e+04   -3.2971460173e+02    9.0603534422e+01   -1.6282403377e+03    3.0944555234e+01    7.0665425306e+02    5.6092692771e+02    7.0670781176e+02    4.0901548231e+04    4.4141721420e+00    9.9951260860e-01
        99   -2.3909413520e+02    5.7167412384e+04   -3.2967633010e+02    9.0582194904e+01   -1.6285814133e+03    3.1240501697e+01    7.0673765376e+02    5.6092692771e+02    7.0678859214e+02    4.0627683356e+04    4.4329058940e+00    9.9951002915e-01
       100   -2.3907080081e+02    5.7158179407e+04   -3.2979515968e+02    9.0724358872e+01   -1.6286091031e+03    3.1122495077e+01    7.0676452065e+02    5.6092692771e+02    7.0681403474e+02    4.0541854663e+04    4.3151207740e+00    9.9951399508e-01
       101   -2.3907509824e+02    5.7158327099e+04   -3.2981355975e+02    9.0738461511e+01   -1.6285131731e+03    3.0999287107e+01    7.0677339854e+02    5.6092692771e+02    7.0682528994e+02    4.0298200657e+04    4.3226582440e+00    9.9951129198e-01
       102   -2.3910372530e+02    5.7171995628e+04   -3.2949560551e+02    9.0391880212e+01   -1.6284020286e+03    3.1247793466e+01    7.0673170190e+02    5.6092692771e+02    7.0678358928e+02    4.0238055338e+04    4.3240953940e+00    9.9952347023e-01
       103   -2.3912000893e+02    5.7179693777e+04   -3.2952857185e+02    9.0408562927e+01   -1.6283632396e+03    3.1247041018e+01    7.0666069902e+02    5.6092692771e+02    7.0671257612e+02    4.0480569700e+04    4.3380380430e+00    9.9951600107e-01
       104   -2.3912343740e+02    5.7181350168e+04   -3.2933849055e+02    9.0215053145e+01   -1.6285097992e+03    3.1441193667e+01    7.0680318730e+02    5.6092692771e+02    7.0685590920e+02    4.1026577592e+04    4.3325077830e+00    9.9952842582e-01
       105   -2.3911196192e+02    5.7175909494e+04   -3.2938263684e+02    9.0270674920e+01   -1.6284344272e+03    3.1405570151e+01    7.0671929247e+02    5.6092692771e+02    7.0677428106e+02    4.1326687961e+04    4.3732377270e+00    9.9950151240e-01
       106   -2.3910217534e+02    5.7171214620e+04   -3.2963932532e+02    9.0537149977e+01   -1.6285370027e+03    3.1249710379e+01    7.0672103929e+02    5.6092692771e+02    7.0677608630e+02    4.1481689321e+04    4.4142767540e+00    9.9950903583e-01
       107   -2.3909957386e+02    5.7169951658e+04   -3.2968335326e+02    9.0583779402e+01   -1.6285812004e+03    3.1234922590e+01    7.0673599687e+02    5.6092692771e+02    7.0678953684e+02    4.1778044230e+04    4.3032385690e+00    9.9952157945e-01
       108   -2.3908725477e+02    5.7164014162e+04   -3.2973387489e+02    9.0646620119e+01   -1.6284758936e+03    3.1147669664e+01    7.0666742132e+02    5.6092692771e+02    7.0672277516e+02    4.1853540369e+04    4.3026895550e+00    9.9950098211e-01
       109   -2.3909250928e+02    5.7166559989e+04   -3.2978445500e+02    9.0691945722e+01   -1.6286709480e+03    3.1340455258e+01    7.0661911008e+02    5.6092692771e+02    7.0667642053e+02    4.1852914426e+04    4.3225026740e+00    9.9952338860e-01
       110   -2.3908627175e+02    5.7163590787e+04   -3.2992794359e+02    9.0841671833e+01   -1.6285384807e+03    3.1289615320e+01    7.0639399405e+02    5.6092692771e+02    7.0644870247e+02    4.1172685886e+04    4.3071068910e+00    9.9951535954e-01
       111   -2.3909829785e+02    5.7169344677e+04   -3.3003095748e+02    9.0932659630e+01   -1.6286757508e+03    3.1228056018e+01    7.0648980960e+02    5.6092692771e+02    7.0654586242e+02    4.1125753371e+04    4.3310096240e+00    9.9952111938e-01
       112   -2.3913307052e+02    5.7185888150e+04   -3.2992648248e+02    9.0793411966e+01   -1.6287275480e+03    3.1361523054e+01    7.0651261480e+02    5.6092692771e+02    7.0656530876e+02    4.0961544777e+04    4.3269706700e+00    9.9951625943e-01
       113   -2.3911385612e+02    5.7176770825e+04   -3.2976595671e+02    9.0652100598e+01   -1.6284991431e+03    3.1327797182e+01    7.0647846152e+02    5.6092692771e+02    7.0653035985e+02    4.0959924749e+04    4.3570031550e+00    9.9952835563e-01
       114   -2.3911454119e+02    5.7177207960e+04   -3.2971812082e+02    9.0603579624e+01   -1.6283955646e+03    3.1241055637e+01    7.0650946045e+02    5.6092692771e+02    7.0656410744e+02    4.0870122343e+04    4.3383970320e+00    9.9951861640e-01
       115   -2.3909224638e+02    5.7166464411e+04   -3.2983451191e+02    9.0742265531e+01   -1.6281186357e+03    3.0959553955e+01    7.0639764217e+02    5.6092692771e+02    7.0645719236e+02    4.0783002557e+04    4.3354686940e+00    9.9952131471e-01
       116   -2.3908505954e+02    5.7163056164e+04   -3.2958102249e+02    9.0495962943e+01   -1.6279107000e+03    3.1082955372e+01    7.0631979439e+02    5.6092692771e+02    7.0637805552e+02    4.0736636399e+04    4.3606128400e+00    9.9952187693e-01
       117   -2.3909618200e+02    5.7168293420e+04   -3.2943804900e+02    9.0341867005e+01   -1.6278682667e+03    3.1362838009e+01    7.0614045201e+02    5.6092692771e+02    7.0619712214e+02    4.0722972551e+04    4.4184516470e+00    9.9951132066e-01
       118   -2.3905477403e+02    5.7148551938e+04   -3.2936293635e+02    9.0308162312e+01   -1.6279178759e+03    3.1488471612e+01    7.0613954019e+02    5.6092692771e+02    7.0619779502e+02    4.0221229862e+04    4.3491143920e+00    9.9950888591e-01
       119   -2.3905021762e+02    5.7146373720e+04   -3.2930868823e+02    9.0258470608e+01   -1.6278332981e+03    3.1479433145e+01    7.0611824902e+02    5.6092692771e+02    7.0617623491e+02    4.0085210905e+04    4.3556603950e+00    9.9951595022e-01
       120   -2.3906455819e+02    5.7153199952e+04   -3.2956614987e+02    9.0501591680e+01   -1.6277441893e+03    3.1194208861e+01    7.0605690284e+02    5.6092692771e+02    7.0611540642e+02    3.9649262865e+04    4.2939976030e+00    9.9952037462e-01
       121   -2.3907724026e+02    5.7159269544e+04   -3.2973177456e+02    9.0654534308e+01   -1.6277140707e+03    3.0998622174e+01    7.0605674622e+02    5.6092692771e+02    7.0611293066e+02    3.9217878095e+04    4.1476055340e+00    9.9951674190e-01
       122   -2.3909076814e+02    5.7165745306e+04   -3.2977644444e+02    9.0685676299e+01   -1.6276302039e+03    3.0761624231e+01    7.0616520748e+02    5.6092692771e+02    7.0622136829e+02    3.9089397115e+04    4.1509231660e+00    9.9952605557e-01
       123   -2.3909779527e+02    5.7169039267e+04   -3.2986974177e+02    9.0771946503e+01   -1.6277156058e+03    3.0810367498e+01    7.0610856883e+02    5.6092692771e+02    7.0616313909e+02    3.9108427152e+04    4.1609280670e+00    9.9952741048e-01
       124   -2.3915915014e+02    5.7198505949e+04   -3.2958122537e+02    9.0422075237e+01   -1.6277752470e+03    3.1195100208e+01    7.0607199372e+02    5.6092692771e+02    7.0612495537e+02    3.9371358727e+04    4.2362113190e+00    9.9951349535e-01
       125   -2.3916435584e+02    5.7200925602e+04   -3.2979600930e+02    9.0631653456e+01   -1.6278814894e+03    3.1173539747e+01    7.0598501261e+02    5.6092692771e+02    7.0603484307e+02    3.9803523833e+04    4.3250462730e+00    9.9953135822e-01
       126   -2.3915689709e+02    5.7197370408e+04   -3.2970714814e+02    9.0550251052e+01   -1.6277441562e+03    3.1067161908e+01    7.0604291844e+02    5.6092692771e+02    7.0608970029e+02    4.0022768149e+04    4.2889405070e+00    9.9951104557e-01
       127   -2.3914428324e+02    5.7191306191e+04   -3.2971878211e+02    9.0574498866e+01   -1.6275428123e+03    3.0788934310e+01    7.0610816821e+02    5.6092692771e+02    7.0615619351e+02    4.0252858293e+04    4.3024557790e+00    9.9952479567e-01
       128   -2.3914638420e+02    5.7192328836e+04   -3.2964084623e+02    9.0494462034e+01   -1.6275207335e+03    3.0679002090e+01    7.0627395749e+02    5.6092692771e+02    7.0632348929e+02    4.0793072243e+04    4.3293867590e+00    9.9952607087e-01
       129   -2.3912522235e+02    5.7182230534e+04   -3.2945659319e+02    9.0331370840e+01   -1.6276882943e+03    3.0910496846e+01    7.0639427652e+02    5.6092692771e+02    7.0644185289e+02    4.1335917475e+04    4.3724760910e+00    9.9953412476e-01
       130   -2.3909272661e+02    5.7166672919e+04   -3.2981077485e+02    9.0718048239e+01   -1.6277733341e+03    3.0680800366e+01    7.0635483122e+02    5.6092692771e+02    7.0640419758e+02    4.1687096370e+04    4.3369792290e+00    9.9952762054e-01
       131   -2.3910907518e+02    5.7174516990e+04   -3.2985302230e+02    9.0743947118e+01   -1.6277680758e+03    3.0661975002e+01    7.0632615076e+02    5.6092692771e+02    7.0637675879e+02    4.1602011906e+04    4.3290666350e+00    9.9951993312e-01
       132   -2.3911357549e+02    5.7176623480e+04   -3.2978945774e+02    9.0675882250e+01   -1.6277486167e+03    3.0743621369e+01    7.0628860989e+02    5.6092692771e+02    7.0634233056e+02    4.1572931243e+04    4.3093108900e+00    9.9951437498e-01
       133   -2.3912175939e+02    5.7180557426e+04   -3.2949394658e+02    9.0372187195e+01   -1.6277255271e+03    3.1091518824e+01    7.0621313394e+02    5.6092692771e+02    7.0626725274e+02    4.1409399486e+04    4.3249906870e+00    9.9952155164e-01
       134   -2.3909145381e+02    5.7166072243e+04   -3.2966732863e+02    9.0575874820e+01   -1.6276542802e+03    3.0863795779e+01    7.0619622804e+02    5.6092692771e+02    7.0624703737e+02    4.1202330855e+04    4.2926687470e+00    9.9951893648e-01
       135   -2.3909140978e+02    5.7166026600e+04   -3.2974582934e+02    9.0654419559e+01   -1.6278461073e+03    3.0924733964e+01    7.0624861625e+02    5.6092692771e+02    7.0630388208e+02    4.1254050087e+04    4.3195574210e+00    9.9951725364e-01
       136   -2.3907406687e+02    5.7157741787e+04   -3.2977622346e+02    9.0702156593e+01   -1.6277760574e+03    3.0864905286e+01    7.0620800092e+02    5.6092692771e+02    7.0626476686e+02    4.0765660733e+04    4.3222636820e+00    9.9952361486e-01
       137   -2.3911415835e+02    5.7176940213e+04   -3.2950607135e+02    9.0391913003e+01   -1.6275203111e+03    3.0891039619e+01    7.0619627237e+02    5.6092692771e+02    7.0625312814e+02    4.0432801229e+04    4.3505413470e+00    9.9950308237e-01
       138   -2.3913221996e+02    5.7185556687e+04   -3.2960995669e+02    9.0477736729e+01   -1.6275279655e+03    3.0779705999e+01    7.0621137513e+02    5.6092692771e+02    7.0626897247e+02    4.0743613212e+04    4.3320037790e+00    9.9951653465e-01
       139   -2.3914734221e+02    5.7192776613e+04   -3.2962828754e+02    9.0480945338e+01   -1.6280116741e+03    3.1065633010e+01    7.0639082584e+02    5.6092692771e+02    7.0644447472e+02    4.1119359035e+04    4.3853475830e+00    9.9950728398e-01
       140   -2.3913695600e+02    5.7187838521e+04   -3.2975395157e+02    9.0616995567e+01   -1.6281433721e+03    3.0985365813e+01    7.0647712700e+02    5.6092692771e+02    7.0653103011e+02    4.1325538536e+04    4.3350811180e+00    9.9952350221e-01
       141   -2.3911841346e+02    5.7178957288e+04   -3.2963209431e+02    9.0513680854e+01   -1.6280726750e+03    3.1030253763e+01    7.0648339919e+02    5.6092692771e+02    7.0654074009e+02    4.1116954862e+04    4.3318960410e+00    9.9950098101e-01
       142   -2.3911528025e+02    5.7177485287e+04   -3.2958086840e+02    9.0465588150e+01   -1.6278759523e+03    3.1023478910e+01    7.0634467729e+02    5.6092692771e+02    7.0640077358e+02    4.1040717230e+04    4.3114542780e+00    9.9952104012e-01
       143   -2.3908851826e+02    5.7164672267e+04   -3.2959747789e+02    9.0508959632e+01   -1.6278447415e+03    3.0972167207e+01    7.0634816874e+02    5.6092692771e+02    7.0640205991e+02    4.1014404056e+04    4.3243866780e+00    9.9951009473e-01
       144   -2.3908270198e+02    5.7161869144e+04   -3.2973048952e+02    9.0647787542e+01   -1.6280457262e+03    3.1030118409e+01    7.0635819054e+02    5.6092692771e+02    7.0641323062e+02    4.1045770221e+04    4.3228003700e+00    9.9951928542e-01
       145   -2.3906221918e+02    5.7152066532e+04   -3.2944553468e+02    9.0383315507e+01   -1.6281419823e+03    3.1389119486e+01    7.0638040041e+02    5.6092692771e+02    7.0643596532e+02    4.0938426701e+04    4.3133808700e+00    9.9952552685e-01
       146   -2.3908773655e+02    5.7164210614e+04   -3.2951417709e+02    9.0426440534e+01   -1.6280901465e+03    3.1339263288e+01    7.0630977847e+02    5.6092692771e+02    7.0636516453e+02    4.0740449072e+04    4.3146742510e+00    9.9953283262e-01
       147   -2.3909105350e+02    5.7165805477e+04   -3.2948107294e+02    9.0390019442e+01   -1.6279907676e+03    3.1369352387e+01    7.0621341460e+02    5.6092692771e+02    7.0626650159e+02    4.0660799047e+04    4.3104041710e+00    9.9952274771e-01
       148   -2.3907720862e+02    5.7159242502e+04   -3.2961258897e+02    9.0535380352e+01   -1.6279778241e+03    3.1152115958e+01    7.0628619147e+02    5.6092692771e+02    7.0634121522e+02    4.0409021619e+04    4.3222892720e+00    9.9952295717e-01
       149   -2.3908781646e+02    5.7164389598e+04   -3.2967743520e+02    9.0589618739e+01   -1.6279285726e+03    3.1255732357e+01    7.0606847735e+02    5.6092692771e+02    7.0612668368e+02    4.0297596912e+04    4.3326786490e+00    9.9952657077e-01
       150   -2.3913563249e+02    5.7187251528e+04   -3.2973005750e+02    9.0594425004e+01   -1.6277362196e+03    3.1122081045e+01    7.0595715335e+02    5.6092692771e+02    7.0601335674e+02    4.0182065378e+04    4.3081013080e+00    9.9951333051e-01
       151   -2.3910554033e+02    5.7172788468e+04   -3.2990352189e+02    9.0797981560e+01   -1.6278096065e+03    3.1105458293e+01    7.0587369860e+02    5.6092692771e+02    7.0592859858e+02    4.0105511590e+04    4.2932313720e+00    9.9951787199e-01
       152   -2.3910148167e+02    5.7170804006e+04   -3.2977170884e+02    9.0670227177e+01   -1.6275544104e+03    3.1177049760e+01    7.0567872410e+02    5.6092692771e+02    7.0573229574e+02    4.0006112182e+04    4.3040932620e+00    9.9950320686e-01
       153   -2.3909567667e+02    5.7168110787e+04   -3.2962217829e+02    9.0526501621e+01   -1.6273566170e+03    3.1183171702e+01    7.0562433934e+02    5.6092692771e+02    7.0567522223e+02    3.9851648897e+04    4.3056804060e+00    9.9951606562e-01
       154   -2.3909595182e+02    5.7168213447e+04   -3.2977273071e+02    9.0676778888e+01   -1.6275249182e+03    3.1108927981e+01    7.0571633180e+02    5.6092692771e+02    7.0576868148e+02    3.9821853939e+04    4.2931247590e+00    9.9952156114e-01
       155   -2.3909474801e+02    5.7167633340e+04   -3.2958500922e+02    9.0490261205e+01   -1.6276934624e+03    3.1305453273e+01    7.0587607224e+02    5.6092692771e+02    7.0592707912e+02    3.9644497315e+04    4.3144088750e+00    9.9952557947e-01
       156   -2.3910397604e+02    5.7172081577e+04   -3.2959466760e+02    9.0490691565e+01   -1.6277632973e+03    3.1289071079e+01    7.0595263087e+02    5.6092692771e+02    7.0600639073e+02    4.0044314334e+04    4.3314539330e+00    9.9948910923e-01
       157   -2.3909173467e+02    5.7166195601e+04   -3.2959300474e+02    9.0501270070e+01   -1.6279425155e+03    3.1315133761e+01    7.0610744929e+02    5.6092692771e+02    7.0615992993e+02    4.0110710015e+04    4.3390640520e+00    9.9951907627e-01
       158   -2.3907035084e+02    5.7155942922e+04   -3.2964202996e+02    9.0571679124e+01   -1.6279549978e+03    3.1119796119e+01    7.0626624404e+02    5.6092692771e+02    7.0631918324e+02    4.0291697530e+04    4.3332801330e+00    9.9950626782e-01
       159   -2.3905643451e+02    5.7149320687e+04   -3.2967517162e+02    9.0618737114e+01   -1.6277905088e+03    3.0970640915e+01    7.0621776852e+02    5.6092692771e+02    7.0627414376e+02    4.0175147225e+04    4.3400270520e+00    9.9951150379e-01
       160   -2.3908525008e+02    5.7163129912e+04   -3.2970020258e+02    9.0614952499e+01   -1.6276812665e+03    3.0853593223e+01    7.0620054299e+02    5.6092692771e+02    7.0625499077e+02    4.0125388388e+04    4.3091762080e+00    9.9950680668e-01
       161   -2.3907673070e+02    5.7159055420e+04   -3.2952359930e+02    9.0446868600e+01   -1.6276454078e+03    3.1093859200e+01    7.0610102164e+02    5.6092692771e+02    7.0615318471e+02    4.0219312449e+04    4.2845773790e+00    9.9949693353e-01
       162   -2.3906433180e+02    5.7153109733e+04   -3.2970460660e+02    9.0640274797e+01   -1.6277835087e+03    3.1105851538e+01    7.0604612283e+02    5.6092692771e+02    7.0609743810e+02    3.9870525802e+04    4.2855994270e+00    9.9952236044e-01
       163   -2.3907093199e+02    5.7156238102e+04   -3.2998215991e+02    9.0911227914e+01   -1.6276490131e+03    3.0926720150e+01    7.0581320532e+02    5.6092692771e+02    7.0586085558e+02    3.9796134015e+04    4.2785454040e+00    9.9953289555e-01
       164   -2.3906129403e+02    5.7151631670e+04   -3.2963328110e+02    9.0571987064e+01   -1.6277206534e+03    3.1250496592e+01    7.0590994802e+02    5.6092692771e+02    7.0596005145e+02    3.9607501096e+04    4.2512978170e+00    9.9950781548e-01
       165   -2.3907419519e+02    5.7157909741e+04   -3.2951691664e+02    9.0442721456e+01   -1.6279994318e+03    3.1441793670e+01    7.0611379373e+02    5.6092692771e+02    7.0616510992e+02    3.9156901749e+04    4.1954602890e+00    9.9951699458e-01
       166   -2.3908164551e+02    5.7161475688e+04   -3.2968328937e+02    9.0601643859e+01   -1.6277868270e+03    3.1122000467e+01    7.0605460941e+02    5.6092692771e+02    7.0610835449e+02    3.9160817952e+04    4.2085304060e+00    9.9952397168e-01
       167   -2.3907755324e+02    5.7159418759e+04   -3.2982741459e+02    9.0749861351e+01   -1.6275601276e+03    3.0827959229e+01    7.0597782604e+02    5.6092692771e+02    7.0603215585e+02    3.9148974407e+04    4.1954518780e+00    9.9952511524e-01
       168   -2.3908259413e+02    5.7161794893e+04   -3.2970965264e+02    9.0627058513e+01   -1.6275730937e+03    3.0926774925e+01    7.0600973844e+02    5.6092692771e+02    7.0606635573e+02    3.9187888653e+04    4.2000616520e+00    9.9953479205e-01
       169   -2.3909057024e+02    5.7165633424e+04   -3.2969079174e+02    9.0600221505e+01   -1.6273033317e+03    3.0642667550e+01    7.0604294468e+02    5.6092692771e+02    7.0610001616e+02    3.9555613478e+04    4.2940346310e+00    9.9951650513e-01
       170   -2.3907603735e+02    5.7158670788e+04   -3.2975411984e+02    9.0678082486e+01   -1.6271941615e+03    3.0572010505e+01    7.0594110345e+02    5.6092692771e+02    7.0599921708e+02    3.9766779463e+04    4.2651327220e+00    9.9952345027e-01
       171   -2.3906472728e+02    5.7153316988e+04   -3.2931978112e+02    9.0255053844e+01   -1.6273790427e+03    3.1234855841e+01    7.0589747807e+02    5.6092692771e+02    7.0595559536e+02    3.9394327268e+04    4.2441647790e+00    9.9951246273e-01
       172   -2.3905090672e+02    5.7146705698e+04   -3.2928069840e+02    9.0229791680e+01   -1.6274997445e+03    3.1391231765e+01    7.0590088664e+02    5.6092692771e+02    7.0595732136e+02    3.8983749175e+04    4.1682904370e+00    9.9951930614e-01
       173   -2.3906804308e+02    5.7154902135e+04   -3.2931496586e+02    9.0246922778e+01   -1.6272885961e+03    3.1306065802e+01    7.0574063673e+02    5.6092692771e+02    7.0579670240e+02    3.9241769163e+04    4.2076310080e+00    9.9951154039e-01
       174   -2.3908220084e+02    5.7161661950e+04   -3.2923361403e+02    9.0151413197e+01   -1.6273116590e+03    3.1519732551e+01    7.0563138473e+02    5.6092692771e+02    7.0569051343e+02    3.9143243010e+04    4.1905438940e+00    9.9952162347e-01
       175   -2.3908386578e+02    5.7162498061e+04   -3.2929905912e+02    9.0215193332e+01   -1.6271163870e+03    3.1383976920e+01    7.0550642330e+02    5.6092692771e+02    7.0556575481e+02    3.9391368893e+04    4.2121492900e+00    9.9951956984e-01
       176   -2.3906915321e+02    5.7155482492e+04   -3.2949974756e+02    9.0430594348e+01   -1.6271847000e+03    3.1270990553e+01    7.0548703420e+02    5.6092692771e+02    7.0554670930e+02    3.9078828753e+04    4.1699979190e+00    9.9951418213e-01
       177   -2.3906258532e+02    5.7152355566e+04   -3.2945179373e+02    9.0389208410e+01   -1.6269802700e+03    3.1210411499e+01    7.0539113701e+02    5.6092692771e+02    7.0545170915e+02    3.9157456633e+04    4.2084174700e+00    9.9952382979e-01
       178   -2.3908549881e+02    5.7163260418e+04   -3.2930277111e+02    9.0217272298e+01   -1.6270158752e+03    3.1432055270e+01    7.0535412115e+02    5.6092692771e+02    7.0541326372e+02    3.9293280893e+04    4.2035161530e+00    9.9949941032e-01
       179   -2.3911263163e+02    5.7176247055e+04   -3.2959961792e+02    9.0486986286e+01   -1.6271572882e+03    3.1172501893e+01    7.0545824065e+02    5.6092692771e+02    7.0551316998e+02    3.9592095985e+04    4.2850775580e+00    9.9952405414e-01
       180   -2.3912743528e+02    5.7183285337e+04   -3.2973186394e+02    9.0604428661e+01   -1.6267983510e+03    3.0744412019e+01    7.0539514733e+02    5.6092692771e+02    7.0544877594e+02    3.9969310227e+04    4.2836760690e+00    9.9951031917e-01
       181   -2.3912178723e+02    5.7180609756e+04   -3.2955440591e+02    9.0432618673e+01   -1.6270002856e+03    3.0832473897e+01    7.0568647813e+02    5.6092692771e+02    7.0574091248e+02    4.0074911578e+04    4.2774172660e+00    9.9952604795e-01
       182   -2.3911535692e+02    5.7177511395e+04   -3.2953904525e+02    9.0423688325e+01   -1.6271220926e+03    3.0859461557e+01    7.0579665811e+02    5.6092692771e+02    7.0585172836e+02    4.0372727610e+04    4.2790369870e+00    9.9952462744e-01
       183   -2.3911492469e+02    5.7177277133e+04   -3.2971468580e+02    9.0599761112e+01   -1.6272537162e+03    3.0711302505e+01    7.0590080023e+02    5.6092692771e+02    7.0595342802e+02    4.0829467751e+04    4.2957177080e+00    9.9953568756e-01
       184   -2.3910892330e+02    5.7174352000e+04   -3.2967001085e+02    9.0561087544e+01   -1.6273975475e+03    3.0843340199e+01    7.0595726871e+02    5.6092692771e+02    7.0601334334e+02    4.0813515581e+04    4.3009389290e+00    9.9952013395e-01
       185   -2.3911221143e+02    5.7175945027e+04   -3.2978264718e+02    9.0670435743e+01   -1.6276688342e+03    3.0926698242e+01    7.0603256110e+02    5.6092692771e+02    7.0609045835e+02    4.0650988280e+04    4.3106897710e+00    9.9952175149e-01
       186   -2.3911259632e+02    5.7176131901e+04   -3.2964778652e+02    9.0535190203e+01   -1.6277689517e+03    3.1080688233e+01    7.0611354920e+02    5.6092692771e+02    7.0617188304e+02    4.0749179856e+04    4.3091378790e+00    9.9951023302e-01
       187   -2.3910377654e+02    5.7171925973e+04   -3.2982199032e+02    9.0718213776e+01   -1.6277507120e+03    3.0857471252e+01    7.0614432268e+02    5.6092692771e+02    7.0620159918e+02    4.0750872457e+04    4.3080717000e+00    9.9952335766e-01
       188   -2.3906192766e+02    5.7151929991e+04   -3.2964775168e+02    9.0585824016e+01   -1.6274626479e+03    3.0829875171e+01    7.0605809335e+02    5.6092692771e+02    7.0611314888e+02    4.1004875842e+04    4.2875353570e+00    9.9952005917e-01
       189   -2.3905773073e+02    5.7149925829e+04   -3.2963762012e+02    9.0579889391e+01   -1.6274598018e+03    3.0884232597e+01    7.0601102137e+02    5.6092692771e+02    7.0606944461e+02    4.0811689729e+04    4.3190204850e+00    9.9951316244e-01
       190   -2.3907425762e+02    5.7157809233e+04   -3.2969593231e+02    9.0621674688e+01   -1.6275427842e+03    3.0803961448e+01    7.0611596278e+02    5.6092692771e+02    7.0617349561e+02    4.0642329585e+04    4.3239049120e+00    9.9953158103e-01
       191   -2.3906766696e+02    5.7154739958e+04   -3.2941025184e+02    9.0342584878e+01   -1.6275137079e+03    3.1139783322e+01    7.0603674502e+02    5.6092692771e+02    7.0609371598e+02    4.0598582277e+04    4.3652558440e+00    9.9952562345e-01
       192   -2.3905686573e+02    5.7149509666e+04   -3.2948436513e+02    9.0427499406e+01   -1.6272567165e+03    3.0907927682e+01    7.0593749601e+02    5.6092692771e+02    7.0599301879e+02    4.0584042212e+04    4.3114259580e+00    9.9952218664e-01
       193   -2.3906222074e+02    5.7152083435e+04   -3.2954579469e+02    9.0483573944e+01   -1.6274956708e+03    3.0967703294e+01    7.0605524510e+02    5.6092692771e+02    7.0610950558e+02    4.0508764573e+04    4.3024188380e+00    9.9952731222e-01
       194   -2.3907827183e+02    5.7159746115e+04   -3.2951234096e+02    9.0434069123e+01   -1.6279142768e+03    3.1213325212e+01    7.0626168288e+02    5.6092692771e+02    7.0631303846e+02    4.0741636299e+04    4.3248111220e+00    9.9952971944e-01
       195   -2.3907784643e+02    5.7159594542e+04   -3.2952288016e+02    9.0445033734e+01   -1.6276616720e+03    3.0927963397e+01    7.0628390069e+02    5.6092692771e+02    7.0633475911e+02    4.0536515284e+04    4.3085710840e+00    9.9952431463e-01
       196   -2.3907245298e+02    5.7156976946e+04   -3.2950110855e+02    9.0428655571e+01   -1.6277013107e+03    3.0853442126e+01    7.0641983232e+02    5.6092692771e+02    7.0647198798e+02    4.0324515533e+04    4.3202301790e+00    9.9952208942e-01
       197   -2.3908112758e+02    5.7161110327e+04   -3.2940249111e+02    9.0321363531e+01   -1.6279211226e+03    3.1049070281e+01    7.0654263349e+02    5.6092692771e+02    7.0659421710e+02    4.0281653584e+04    4.3033232380e+00    9.9949617824e-01
       198   -2.3906107428e+02    5.7151538581e+04   -3.2927134058e+02    9.0210266298e+01   -1.6278963341e+03    3.1182415466e+01    7.0651565030e+02    5.6092692771e+02    7.0656962860e+02    3.9819815961e+04    4.3171030670e+00    9.9951254084e-01
       199   -2.3906881835e+02    5.7155284129e+04   -3.2941163661e+02    9.0342818258e+01   -1.6281201248e+03    3.1292476356e+01    7.0648908416e+02    5.6092692771e+02    7.0654387721e+02    3.9825651904e+04    4.3171356550e+00    9.9950756783e-01
