#   index    LocalEnergy         LocalEnergy_sq      LocalPotential      Kinetic             LocalECP            NonLocalECP         ElecElec            IonIon              BlockWeight         BlockCPU            AcceptRatio         
         0   -1.7143289979e+01    2.9403497102e+02   -3.1492886887e+01    1.4349596908e+01   -5.5364459568e+01    8.3197576927e-01    1.6058833665e+01    6.9807632464e+00    4.0000000000e+01    3.9975840000e-03    4.8125000000e-01
         1   -1.7307645151e+01    2.9984255160e+02   -2.9995489550e+01    1.2687844399e+01   -5.5538354738e+01    1.7033283983e+00    1.6858773543e+01    6.9807632464e+00    4.0000000000e+01    4.0547920000e-03    4.6312500000e-01
         2   -1.7204232293e+01    2.9609250538e+02   -2.9322910640e+01    1.2118678346e+01   -5.4470389591e+01    1.7942429302e+00    1.6372472774e+01    6.9807632464e+00    4.0000000000e+01    4.0586250000e-03    4.9062500000e-01
         3   -1.7332420690e+01    3.0072679843e+02   -3.2320376231e+01    1.4987955542e+01   -5.9574424761e+01    2.7625476976e+00    1.7510737586e+01    6.9807632464e+00    4.0000000000e+01    4.0506670000e-03    4.8187500000e-01
         4   -1.7179750428e+01    2.9526636636e+02   -3.0116443559e+01    1.2936693131e+01   -5.5880682194e+01    2.0407638086e+00    1.6742711580e+01    6.9807632464e+00    4.0000000000e+01    3.8997090000e-03    4.5937500000e-01
         5   -1.7101115473e+01    2.9295338682e+02   -2.8089485283e+01    1.0988369811e+01   -5.2819189915e+01    1.7540161493e+00    1.5994925236e+01    6.9807632464e+00    4.0000000000e+01    4.1486660000e-03    5.0500000000e-01
         6   -1.7206838108e+01    2.9636227106e+02   -3.0816593367e+01    1.3609755260e+01   -5.6298747917e+01    1.6901756374e+00    1.6811215666e+01    6.9807632464e+00    4.0000000000e+01    3.9404170000e-03    4.7500000000e-01
         7   -1.7140772912e+01    2.9410391575e+02   -3.0646659532e+01    1.3505886620e+01   -5.5230863478e+01    1.1261678071e+00    1.6477272893e+01    6.9807632464e+00    4.0000000000e+01    4.1014580000e-03    4.7750000000e-01
         8   -1.7259914991e+01    2.9800377582e+02   -2.9232079290e+01    1.1972164299e+01   -5.3386829847e+01    1.6678173915e+00    1.5506169920e+01    6.9807632464e+00    4.0000000000e+01    3.7751250000e-03    4.9937500000e-01
         9   -1.7234253271e+01    2.9716906394e+02   -3.1044967967e+01    1.3810714696e+01   -5.5958196808e+01    1.7869969681e+00    1.6145468626e+01    6.9807632464e+00    4.0000000000e+01    3.8293750000e-03    4.6750000000e-01
        10   -1.7199292480e+01    2.9589981630e+02   -3.0156591374e+01    1.2957298894e+01   -5.6286924073e+01    2.5354570577e+00    1.6614112395e+01    6.9807632464e+00    4.0000000000e+01    4.0742910000e-03    4.6437500000e-01
        11   -1.7191927380e+01    2.9574333244e+02   -3.2927372767e+01    1.5735445387e+01   -5.9007544010e+01    1.5864875168e+00    1.7512920479e+01    6.9807632464e+00    4.0000000000e+01    3.9950840000e-03    4.6500000000e-01
        12   -1.7171099650e+01    2.9507012092e+02   -3.1380808092e+01    1.4209708442e+01   -5.7895970608e+01    2.1455498887e+00    1.7388849381e+01    6.9807632464e+00    4.0000000000e+01    4.0139160000e-03    4.8000000000e-01
        13   -1.7367472254e+01    3.0190361017e+02   -2.9423594783e+01    1.2056122529e+01   -5.4599259703e+01    2.2974127845e+00    1.5897488890e+01    6.9807632464e+00    4.0000000000e+01    3.9142500000e-03    4.7937500000e-01
        14   -1.7188411151e+01    2.9565097546e+02   -2.9803496560e+01    1.2615085409e+01   -5.4533020209e+01    1.3759127752e+00    1.6372847627e+01    6.9807632464e+00    4.0000000000e+01    3.9968330000e-03    4.7437500000e-01
        15   -1.7388378206e+01    3.0245527016e+02   -2.9994990753e+01    1.2606612546e+01   -5.4734931673e+01    1.8552603997e+00    1.5903917275e+01    6.9807632464e+00    4.0000000000e+01    4.0434160000e-03    4.8875000000e-01
        16   -1.7265414730e+01    2.9823245139e+02   -3.2312116840e+01    1.5046702110e+01   -5.9112713306e+01    2.3528111464e+00    1.7467022073e+01    6.9807632464e+00    4.0000000000e+01    4.0248750000e-03    4.8437500000e-01
        17   -1.7321171206e+01    3.0122915459e+02   -3.2730684416e+01    1.5409513210e+01   -5.9339348813e+01    1.8034109065e+00    1.7824490244e+01    6.9807632464e+00    4.0000000000e+01    3.9899170000e-03    4.7062500000e-01
        18   -1.7392066183e+01    3.0265881447e+02   -3.3273498500e+01    1.5881432317e+01   -6.0370259763e+01    1.3306316074e+00    1.8785366409e+01    6.9807632464e+00    4.0000000000e+01    4.0248750000e-03    4.5187500000e-01
        19   -1.7261454417e+01    2.9819668184e+02   -3.3174492998e+01    1.5913038581e+01   -6.0160911664e+01    1.8569144350e+00    1.8148740984e+01    6.9807632464e+00    4.0000000000e+01    4.2370000000e-03    4.6250000000e-01
        20   -1.7217119155e+01    2.9662519416e+02   -3.2125117205e+01    1.4907998050e+01   -5.8809425607e+01    2.7079741869e+00    1.6995570969e+01    6.9807632464e+00    4.0000000000e+01    3.8499170000e-03    4.4750000000e-01
        21   -1.7234095832e+01    2.9719456742e+02   -3.2281540852e+01    1.5047445020e+01   -5.8360130149e+01    1.9236984970e+00    1.7174127553e+01    6.9807632464e+00    4.0000000000e+01    3.9290410000e-03    4.7687500000e-01
        22   -1.7313782621e+01    2.9994406243e+02   -3.0464612935e+01    1.3150830314e+01   -5.6194902494e+01    1.8350376224e+00    1.6914488690e+01    6.9807632464e+00    4.0000000000e+01    3.9208750000e-03    4.6375000000e-01
        23   -1.7281095773e+01    2.9870526982e+02   -3.5418409494e+01    1.8137313720e+01   -6.4365298476e+01    1.9608131063e+00    2.0005312629e+01    6.9807632464e+00    4.0000000000e+01    4.0804170000e-03    4.5750000000e-01
        24   -1.7186666903e+01    2.9558852757e+02   -2.9545055917e+01    1.2358389014e+01   -5.6294552001e+01    2.6094447344e+00    1.7159288103e+01    6.9807632464e+00    4.0000000000e+01    3.9871250000e-03    4.8437500000e-01
        25   -1.7290684704e+01    2.9911330163e+02   -3.1745842367e+01    1.4455157663e+01   -5.4991868591e+01    4.1079962992e-01    1.5854463347e+01    6.9807632464e+00    4.0000000000e+01    3.8584590000e-03    4.6687500000e-01
        26   -1.7096397058e+01    2.9274028011e+02   -3.1363470691e+01    1.4267073633e+01   -5.7698576822e+01    2.4594051031e+00    1.6894937782e+01    6.9807632464e+00    4.0000000000e+01    3.9274580000e-03    4.6187500000e-01
        27   -1.7271758251e+01    2.9844291015e+02   -3.2576724544e+01    1.5304966293e+01   -6.0663662800e+01    2.8588951322e+00    1.8247279878e+01    6.9807632464e+00    4.0000000000e+01    4.1483750000e-03    4.6687500000e-01
        28   -1.7158489859e+01    2.9453803576e+02   -3.2369490482e+01    1.5211000623e+01   -5.9147350344e+01    2.2214783950e+00    1.7575618221e+01    6.9807632464e+00    4.0000000000e+01    4.0001670000e-03    4.6125000000e-01
        29   -1.7123933639e+01    2.9343418836e+02   -3.1114432115e+01    1.3990498477e+01   -5.6485850345e+01    1.9454041485e+00    1.6445250835e+01    6.9807632464e+00    4.0000000000e+01    3.7872500000e-03    4.6687500000e-01
        30   -1.7290573142e+01    2.9911064812e+02   -3.1944912436e+01    1.4654339293e+01   -5.8093164623e+01    2.6531419014e+00    1.6514347039e+01    6.9807632464e+00    4.0000000000e+01    3.7955840000e-03    4.7750000000e-01
        31   -1.7147179412e+01    2.9417351465e+02   -3.0639765325e+01    1.3492585913e+01   -5.5446312957e+01    8.1142586201e-01    1.7014358524e+01    6.9807632464e+00    4.0000000000e+01    4.1539170000e-03    5.0000000000e-01
        32   -1.7293305010e+01    2.9919512816e+02   -2.8805548777e+01    1.1512243767e+01   -5.4429868885e+01    2.3171275619e+00    1.6326429299e+01    6.9807632464e+00    4.0000000000e+01    3.8729160000e-03    4.8937500000e-01
        33   -1.7438144496e+01    3.0463404669e+02   -3.0936456387e+01    1.3498311891e+01   -5.7670104151e+01    2.4018385439e+00    1.7351045973e+01    6.9807632464e+00    4.0000000000e+01    3.9135830000e-03    4.6375000000e-01
        34   -1.7285179584e+01    2.9892555121e+02   -2.9599783894e+01    1.2314604311e+01   -5.4930643582e+01    1.0502021566e+00    1.7299894285e+01    6.9807632464e+00    4.0000000000e+01    3.9579170000e-03    4.6312500000e-01
        35   -1.7312055546e+01    3.0000525025e+02   -2.8998714389e+01    1.1686658843e+01   -5.3106193652e+01    6.6868656354e-01    1.6458029453e+01    6.9807632464e+00    4.0000000000e+01    3.8630000000e-03    4.9750000000e-01
        36   -1.7161476341e+01    2.9476725560e+02   -3.2953182863e+01    1.5791706522e+01   -6.0614665617e+01    3.6673811541e+00    1.7013338353e+01    6.9807632464e+00    4.0000000000e+01    3.9396250000e-03    4.6125000000e-01
        37   -1.7501590729e+01    3.0711007898e+02   -2.8815249867e+01    1.1313659138e+01   -5.3530250127e+01    2.2231298214e+00    1.5511107192e+01    6.9807632464e+00    4.0000000000e+01    4.0281250000e-03    4.8687500000e-01
        38   -1.7294756319e+01    2.9925563608e+02   -3.1615231720e+01    1.4320475402e+01   -5.8319934366e+01    2.8006657445e+00    1.6923273655e+01    6.9807632464e+00    4.0000000000e+01    3.8039580000e-03    4.7375000000e-01
        39   -1.7181408910e+01    2.9533271686e+02   -3.1334715606e+01    1.4153306696e+01   -5.6832899100e+01    1.9383768047e+00    1.6579043443e+01    6.9807632464e+00    4.0000000000e+01    4.1829580000e-03    4.7687500000e-01
        40   -1.7192456029e+01    2.9589484894e+02   -3.0663878723e+01    1.3471422694e+01   -5.7165194264e+01    2.5740410459e+00    1.6946511249e+01    6.9807632464e+00    4.0000000000e+01    4.2194580000e-03    4.9125000000e-01
        41   -1.7048229276e+01    2.9082409320e+02   -3.0548882134e+01    1.3500652858e+01   -5.6783616996e+01    2.4183084464e+00    1.6835663170e+01    6.9807632464e+00    4.0000000000e+01    3.7782910000e-03    4.5875000000e-01
        42   -1.7120208160e+01    2.9323229400e+02   -3.0576876519e+01    1.3456668359e+01   -5.7221800152e+01    2.3284310540e+00    1.7335729333e+01    6.9807632464e+00    4.0000000000e+01    3.9000420000e-03    4.3875000000e-01
        43   -1.7319831045e+01    3.0012269087e+02   -3.1384416523e+01    1.4064585478e+01   -5.7884275221e+01    2.7470898569e+00    1.6772005595e+01    6.9807632464e+00    4.0000000000e+01    3.9989590000e-03    4.7750000000e-01
        44   -1.7295871642e+01    2.9930262118e+02   -3.0317985472e+01    1.3022113829e+01   -5.7543980650e+01    2.1412664609e+00    1.8103965471e+01    6.9807632464e+00    4.0000000000e+01    4.0982920000e-03    4.7437500000e-01
        45   -1.7274191720e+01    2.9858918029e+02   -2.8472421055e+01    1.1198229335e+01   -5.2972122919e+01    1.0460505232e+00    1.6472888094e+01    6.9807632464e+00    4.0000000000e+01    3.6879160000e-03    4.6625000000e-01
        46   -1.7174411359e+01    2.9517619258e+02   -3.1180324963e+01    1.4005913605e+01   -5.6374363002e+01    1.0622042267e+00    1.7151070565e+01    6.9807632464e+00    4.0000000000e+01    3.9830830000e-03    4.7437500000e-01
        47   -1.7270969502e+01    2.9849376320e+02   -3.2767939085e+01    1.5496969583e+01   -5.9899801118e+01    3.1349753883e+00    1.7016123399e+01    6.9807632464e+00    4.0000000000e+01    3.9109580000e-03    4.7125000000e-01
        48   -1.7255980970e+01    2.9792289085e+02   -3.1174803743e+01    1.3918822773e+01   -5.7542403731e+01    1.6324193925e+00    1.7754417350e+01    6.9807632464e+00    4.0000000000e+01    4.0688330000e-03    4.8000000000e-01
        49   -1.7123711432e+01    2.9389753402e+02   -3.3818013423e+01    1.6694301991e+01   -6.1503376513e+01    2.6299320332e+00    1.8074667810e+01    6.9807632464e+00    4.0000000000e+01    3.8968750000e-03    4.8750000000e-01
        50   -1.7375439331e+01    3.0203229238e+02   -3.0250300873e+01    1.2874861543e+01   -5.5137834466e+01    8.6427626843e-01    1.7042494078e+01    6.9807632464e+00    4.0000000000e+01    3.8959580000e-03    4.7687500000e-01
        51   -1.7299783285e+01    2.9948472341e+02   -3.0623111068e+01    1.3323327783e+01   -5.6803829827e+01    1.8804932941e+00    1.7319462219e+01    6.9807632464e+00    4.0000000000e+01    3.8863750000e-03    4.7375000000e-01
        52   -1.7353206762e+01    3.0128359502e+02   -2.8357793498e+01    1.1004586736e+01   -5.3891748921e+01    1.2220693203e+00    1.7331122856e+01    6.9807632464e+00    4.0000000000e+01    4.0346670000e-03    4.6750000000e-01
        53   -1.7307932562e+01    2.9965673144e+02   -2.9537538736e+01    1.2229606174e+01   -5.3827701370e+01    1.1773970807e+00    1.6132002307e+01    6.9807632464e+00    4.0000000000e+01    3.8852080000e-03    5.1062500000e-01
        54   -1.7246405369e+01    2.9763394713e+02   -3.1481418297e+01    1.4235012928e+01   -5.7429507591e+01    1.6179103520e+00    1.7349415695e+01    6.9807632464e+00    4.0000000000e+01    3.9352500000e-03    4.6437500000e-01
        55   -1.7179193473e+01    2.9527611545e+02   -2.8803018981e+01    1.1623825508e+01   -5.2262704609e+01    4.1518625903e-01    1.6063736123e+01    6.9807632464e+00    4.0000000000e+01    3.9879590000e-03    4.9000000000e-01
        56   -1.7304537232e+01    2.9952566005e+02   -3.0991921901e+01    1.3687384669e+01   -5.7422259947e+01    1.9270604871e+00    1.7522514312e+01    6.9807632464e+00    4.0000000000e+01    3.8045000000e-03    4.2937500000e-01
        57   -1.7156639668e+01    2.9444967371e+02   -2.9016523542e+01    1.1859883874e+01   -5.3770725852e+01    7.2779651455e-01    1.7045642549e+01    6.9807632464e+00    4.0000000000e+01    3.8950840000e-03    4.6875000000e-01
        58   -1.7283716372e+01    2.9885542356e+02   -3.2061010283e+01    1.4777293910e+01   -5.8329396533e+01    2.0321279624e+00    1.7255495041e+01    6.9807632464e+00    4.0000000000e+01    3.8820000000e-03    4.5812500000e-01
        59   -1.7254445846e+01    2.9787024044e+02   -2.8026465087e+01    1.0772019241e+01   -5.1264658376e+01    3.1581818106e-01    1.5941611861e+01    6.9807632464e+00    4.0000000000e+01    3.7824160000e-03    4.8562500000e-01
        60   -1.7268871137e+01    2.9831256440e+02   -3.0531206660e+01    1.3262335523e+01   -5.4097638849e+01    7.4296751043e-01    1.5842701432e+01    6.9807632464e+00    4.0000000000e+01    3.9002090000e-03    4.7937500000e-01
        61   -1.7236627721e+01    2.9721188493e+02   -3.3683909722e+01    1.6447282001e+01   -5.9569490580e+01    1.4275442483e+00    1.7477273364e+01    6.9807632464e+00    4.0000000000e+01    3.9138330000e-03    4.9000000000e-01
        62   -1.7156833105e+01    2.9450044125e+02   -3.1236409800e+01    1.4079576695e+01   -5.7006558202e+01    1.7864922285e+00    1.7002892928e+01    6.9807632464e+00    4.0000000000e+01    3.8274590000e-03    4.8625000000e-01
        63   -1.7359708930e+01    3.0173713747e+02   -3.2217109787e+01    1.4857400857e+01   -6.0770331395e+01    3.8170203801e+00    1.7755437981e+01    6.9807632464e+00    4.0000000000e+01    3.8940830000e-03    4.7375000000e-01
        64   -1.7085898409e+01    2.9214282866e+02   -2.9434444550e+01    1.2348546141e+01   -5.2975179535e+01    9.8097605882e-01    1.5578995680e+01    6.9807632464e+00    4.0000000000e+01    3.9625410000e-03    5.0562500000e-01
        65   -1.7207716100e+01    2.9630033502e+02   -3.1323216107e+01    1.4115500007e+01   -5.8621996040e+01    2.4727096885e+00    1.7845306997e+01    6.9807632464e+00    4.0000000000e+01    3.9694580000e-03    4.5125000000e-01
        66   -1.7275561286e+01    2.9854009945e+02   -3.1356580784e+01    1.4081019499e+01   -5.8470173975e+01    2.5285525407e+00    1.7604277404e+01    6.9807632464e+00    4.0000000000e+01    3.9975420000e-03    4.5500000000e-01
        67   -1.7315528518e+01    2.9988849077e+02   -3.1926320950e+01    1.4610792432e+01   -5.8941720855e+01    1.9388938009e+00    1.8095742858e+01    6.9807632464e+00    4.0000000000e+01    4.0879580000e-03    4.6625000000e-01
        68   -1.7187436098e+01    2.9572122225e+02   -3.2315793776e+01    1.5128357678e+01   -5.9124946565e+01    2.2377126122e+00    1.7590676931e+01    6.9807632464e+00    4.0000000000e+01    4.0154580000e-03    4.7562500000e-01
        69   -1.7353885340e+01    3.0146332059e+02   -2.8592488828e+01    1.1238603488e+01   -5.6436052477e+01    3.1287140309e+00    1.7734086373e+01    6.9807632464e+00    4.0000000000e+01    4.0447080000e-03    5.0437500000e-01
        70   -1.7224233180e+01    2.9710450716e+02   -2.9660901717e+01    1.2436668537e+01   -5.5827645474e+01    2.2725243476e+00    1.6913456162e+01    6.9807632464e+00    4.0000000000e+01    3.9777920000e-03    5.0375000000e-01
        71   -1.7178470697e+01    2.9533731714e+02   -3.3450951930e+01    1.6272481233e+01   -6.0076649242e+01    1.6123505240e+00    1.8032583542e+01    6.9807632464e+00    4.0000000000e+01    4.0880830000e-03    4.5062500000e-01
        72   -1.7348770346e+01    3.0107620839e+02   -3.2125927821e+01    1.4777157475e+01   -5.8183854226e+01    1.9950327692e+00    1.7082130389e+01    6.9807632464e+00    4.0000000000e+01    4.0010000000e-03    4.7375000000e-01
        73   -1.7303499757e+01    2.9956871662e+02   -3.0447826967e+01    1.3144327210e+01   -5.6562379011e+01    1.9454823706e+00    1.7188306426e+01    6.9807632464e+00    4.0000000000e+01    3.9217920000e-03    4.8312500000e-01
        74   -1.7265642813e+01    2.9821501939e+02   -2.9604905710e+01    1.2339262897e+01   -5.5590894726e+01    2.0889302008e+00    1.6916295569e+01    6.9807632464e+00    4.0000000000e+01    3.7461250000e-03    4.6062500000e-01
        75   -1.7242442324e+01    2.9746145540e+02   -3.2240289286e+01    1.4997846963e+01   -5.9719259291e+01    2.6464469150e+00    1.7851759843e+01    6.9807632464e+00    4.0000000000e+01    3.9260000000e-03    4.8812500000e-01
        76   -1.7215182584e+01    2.9648587167e+02   -3.0449136861e+01    1.3233954277e+01   -5.4493979343e+01    1.1584407664e+00    1.5905638470e+01    6.9807632464e+00    4.0000000000e+01    3.9432910000e-03    4.9687500000e-01
        77   -1.7255841270e+01    2.9784802550e+02   -2.9230641913e+01    1.1974800643e+01   -5.4140169215e+01    1.8842492003e+00    1.6044514855e+01    6.9807632464e+00    4.0000000000e+01    3.9765830000e-03    4.8000000000e-01
        78   -1.7351237220e+01    3.0147648597e+02   -3.0266679515e+01    1.2915442295e+01   -5.6679399291e+01    2.3837982739e+00    1.7048158256e+01    6.9807632464e+00    4.0000000000e+01    4.0801670000e-03    4.8625000000e-01
        79   -1.7249786273e+01    2.9773811705e+02   -2.8478011146e+01    1.1228224873e+01   -5.3295044969e+01    1.6071685221e+00    1.6229102055e+01    6.9807632464e+00    4.0000000000e+01    3.9197090000e-03    4.8625000000e-01
        80   -1.7291704594e+01    2.9915788105e+02   -2.8556759086e+01    1.1265054492e+01   -5.2139302071e+01    4.3176926414e-01    1.6170010475e+01    6.9807632464e+00    4.0000000000e+01    3.9582080000e-03    4.9312500000e-01
        81   -1.7215063205e+01    2.9648510623e+02   -2.8585299501e+01    1.1370236296e+01   -5.3474216756e+01    2.1550385398e+00    1.5753115468e+01    6.9807632464e+00    4.0000000000e+01    3.8295420000e-03    5.0000000000e-01
        82   -1.7241363056e+01    2.9754108197e+02   -3.1654527620e+01    1.4413164564e+01   -6.0405935394e+01    3.8343804607e+00    1.7936264067e+01    6.9807632464e+00    4.0000000000e+01    3.8765000000e-03    4.5812500000e-01
        83   -1.7350289227e+01    3.0141523068e+02   -3.1632916508e+01    1.4282627281e+01   -5.8648271523e+01    2.5174481971e+00    1.7517143571e+01    6.9807632464e+00    4.0000000000e+01    4.0247090000e-03    4.8000000000e-01
        84   -1.7163052913e+01    2.9473173643e+02   -2.9748072405e+01    1.2585019491e+01   -5.5346183111e+01    2.6365858475e+00    1.5980761612e+01    6.9807632464e+00    4.0000000000e+01    3.8121250000e-03    5.0562500000e-01
        85   -1.7257913097e+01    2.9808813739e+02   -3.0086844801e+01    1.2828931704e+01   -5.6025238649e+01    2.0377436437e+00    1.6919886957e+01    6.9807632464e+00    4.0000000000e+01    3.9300830000e-03    4.6062500000e-01
        86   -1.7226310431e+01    2.9684886043e+02   -3.0006035776e+01    1.2779725346e+01   -5.3551142304e+01    6.1902615408e-01    1.5945317127e+01    6.9807632464e+00    4.0000000000e+01    4.0414160000e-03    4.6125000000e-01
        87   -1.7419739583e+01    3.0397584560e+02   -3.1831792001e+01    1.4412052417e+01   -5.9935401842e+01    2.6413338542e+00    1.8481512741e+01    6.9807632464e+00    4.0000000000e+01    4.1035000000e-03    4.6562500000e-01
        88   -1.7168928528e+01    2.9486924118e+02   -3.0281021681e+01    1.3112093153e+01   -5.5706844482e+01    1.4607589591e+00    1.6984300595e+01    6.9807632464e+00    4.0000000000e+01    4.3261660000e-03    4.7687500000e-01
        89   -1.7188144703e+01    2.9557980299e+02   -3.1785644179e+01    1.4597499477e+01   -6.1128421345e+01    3.7713829193e+00    1.8590631000e+01    6.9807632464e+00    4.0000000000e+01    3.9956250000e-03    4.6250000000e-01
        90   -1.7172625861e+01    2.9503573860e+02   -3.0733605855e+01    1.3560979994e+01   -5.6122644105e+01    1.3625913312e+00    1.7045683673e+01    6.9807632464e+00    4.0000000000e+01    4.0615410000e-03    4.6500000000e-01
        91   -1.7396458959e+01    3.0289423738e+02   -3.1607080700e+01    1.4210621741e+01   -5.8986683398e+01    3.3702564686e+00    1.7028582983e+01    6.9807632464e+00    4.0000000000e+01    4.0238750000e-03    4.6500000000e-01
        92   -1.7359193605e+01    3.0151725511e+02   -3.1074805274e+01    1.3715611670e+01   -5.6474162038e+01    2.1028592514e+00    1.6315734266e+01    6.9807632464e+00    4.0000000000e+01    3.9510840000e-03    4.6125000000e-01
        93   -1.7355020467e+01    3.0134821825e+02   -3.1788128494e+01    1.4433108027e+01   -5.8526442032e+01    1.9387907836e+00    1.7818759509e+01    6.9807632464e+00    4.0000000000e+01    3.8855420000e-03    4.7625000000e-01
        94   -1.7289750912e+01    2.9901883567e+02   -3.0258090249e+01    1.2968339336e+01   -5.5972942192e+01    1.6371789153e+00    1.7096909781e+01    6.9807632464e+00    4.0000000000e+01    3.9393750000e-03    4.7812500000e-01
        95   -1.7201946655e+01    2.9603581097e+02   -2.8879933517e+01    1.1677986862e+01   -5.4172097395e+01    1.6887026382e+00    1.6622697993e+01    6.9807632464e+00    4.0000000000e+01    4.0301660000e-03    4.8750000000e-01
        96   -1.7356433859e+01    3.0164914590e+02   -3.3312824010e+01    1.5956390151e+01   -5.8438017410e+01    3.0852558401e-01    1.7835904570e+01    6.9807632464e+00    4.0000000000e+01    3.9614170000e-03    4.7750000000e-01
        97   -1.7263378306e+01    2.9818430365e+02   -2.9276037635e+01    1.2012659330e+01   -5.2570219107e+01    4.7917170241e-01    1.5834246523e+01    6.9807632464e+00    4.0000000000e+01    3.8447920000e-03    4.9750000000e-01
        98   -1.7294301130e+01    2.9919364417e+02   -2.6387140468e+01    9.0928393377e+00   -4.8748770497e+01    9.2577153222e-01    1.4455095250e+01    6.9807632464e+00    4.0000000000e+01    3.6484160000e-03    4.8937500000e-01
        99   -1.7247317059e+01    2.9762657295e+02   -3.0584755173e+01    1.3337438114e+01   -5.5393066236e+01    7.4044567001e-01    1.7087102147e+01    6.9807632464e+00    4.0000000000e+01    4.0239170000e-03    4.9375000000e-01
       100   -1.7190209322e+01    2.9566062507e+02   -3.0347317990e+01    1.3157108668e+01   -5.7275431482e+01    2.3357200721e+00    1.7611630173e+01    6.9807632464e+00    4.0000000000e+01    3.8370840000e-03    4.5375000000e-01
       101   -1.7220122147e+01    2.9661802372e+02   -3.0457741573e+01    1.3237619426e+01   -5.6885565482e+01    2.7343146078e+00    1.6712746055e+01    6.9807632464e+00    4.0000000000e+01    3.9358750000e-03    4.7062500000e-01
       102   -1.7209507652e+01    2.9635154004e+02   -3.0616340336e+01    1.3406832684e+01   -5.6644417146e+01    2.4298525731e+00    1.6617460990e+01    6.9807632464e+00    4.0000000000e+01    4.0134580000e-03    4.6875000000e-01
       103   -1.7104085789e+01    2.9291951033e+02   -2.9505082284e+01    1.2400996495e+01   -5.5462748318e+01    2.3982402885e+00    1.6578662499e+01    6.9807632464e+00    4.0000000000e+01    3.9189590000e-03    4.8500000000e-01
       104   -1.7113025027e+01    2.9328241244e+02   -3.0785179973e+01    1.3672154946e+01   -5.9145281979e+01    4.5198179734e+00    1.6859520786e+01    6.9807632464e+00    4.0000000000e+01    3.9111250000e-03    4.7375000000e-01
       105   -1.7147462279e+01    2.9443474319e+02   -3.0857356332e+01    1.3709894053e+01   -5.7049425352e+01    1.9033733445e+00    1.7307932429e+01    6.9807632464e+00    4.0000000000e+01    3.9217920000e-03    4.6187500000e-01
       106   -1.7207151272e+01    2.9630690063e+02   -3.1161850237e+01    1.3954698965e+01   -5.8193132088e+01    2.4764694857e+00    1.7574049119e+01    6.9807632464e+00    4.0000000000e+01    4.0644170000e-03    4.6875000000e-01
       107   -1.7223937920e+01    2.9678190286e+02   -3.1452864808e+01    1.4228926888e+01   -5.8247863423e+01    2.7781042889e+00    1.7036131080e+01    6.9807632464e+00    4.0000000000e+01    3.8394170000e-03    4.8375000000e-01
       108   -1.7130080988e+01    2.9361155043e+02   -3.0809492350e+01    1.3679411362e+01   -5.7540337871e+01    2.3465334100e+00    1.7403548864e+01    6.9807632464e+00    4.0000000000e+01    3.9240830000e-03    4.7562500000e-01
       109   -1.7236367796e+01    2.9727286616e+02   -2.7798242881e+01    1.0561875085e+01   -5.3269630033e+01    2.4104003066e+00    1.6080223599e+01    6.9807632464e+00    4.0000000000e+01    4.0749160000e-03    5.0937500000e-01
       110   -1.7183103919e+01    2.9538530687e+02   -2.8951656962e+01    1.1768553043e+01   -5.4738781097e+01    1.8868299622e+00    1.6919530925e+01    6.9807632464e+00    4.0000000000e+01    4.0061670000e-03    4.7875000000e-01
       111   -1.7159522133e+01    2.9455600678e+02   -2.9573759057e+01    1.2414236924e+01   -5.6295748345e+01    2.1015286819e+00    1.7639697360e+01    6.9807632464e+00    4.0000000000e+01    3.9950830000e-03    4.7812500000e-01
       112   -1.7220302898e+01    2.9670642083e+02   -3.1111207940e+01    1.3890905042e+01   -5.7435750283e+01    2.3604187419e+00    1.6983360355e+01    6.9807632464e+00    4.0000000000e+01    3.9720420000e-03    4.7875000000e-01
       113   -1.7214780113e+01    2.9646155539e+02   -2.9345176825e+01    1.2130396712e+01   -5.3467282198e+01    9.6782868685e-01    1.6173513439e+01    6.9807632464e+00    4.0000000000e+01    7.1123330000e-03    5.0062500000e-01
       114   -1.7228078157e+01    2.9699252165e+02   -3.2782398182e+01    1.5554320025e+01   -5.9468034212e+01    1.3314657529e+00    1.8373407031e+01    6.9807632464e+00    4.0000000000e+01    4.1490840000e-03    4.8125000000e-01
       115   -1.7366935880e+01    3.0196807426e+02   -3.1256275497e+01    1.3889339616e+01   -5.7386552324e+01    2.1021576745e+00    1.7047355907e+01    6.9807632464e+00    4.0000000000e+01    3.9626670000e-03    4.6750000000e-01
       116   -1.7491702531e+01    3.0672755127e+02   -2.9367603149e+01    1.1875900619e+01   -5.6768899820e+01    2.8480244325e+00    1.7572508992e+01    6.9807632464e+00    4.0000000000e+01    4.0679580000e-03    4.7437500000e-01
       117   -1.7151035482e+01    2.9460107037e+02   -3.1263939656e+01    1.4112904174e+01   -5.7316744503e+01    1.1639807076e+00    1.7908060893e+01    6.9807632464e+00    4.0000000000e+01    4.0630830000e-03    4.7062500000e-01
       118   -1.7283715198e+01    2.9886838837e+02   -2.7374351746e+01    1.0090636548e+01   -5.3083219990e+01    2.8182517048e+00    1.5909853292e+01    6.9807632464e+00    4.0000000000e+01    3.8897500000e-03    4.7125000000e-01
       119   -1.7427400096e+01    3.0383850054e+02   -3.0786855209e+01    1.3359455113e+01   -5.4501088000e+01   -1.2046059303e-01    1.6853930137e+01    6.9807632464e+00    4.0000000000e+01    3.8077080000e-03    4.6500000000e-01
       120   -1.7316341434e+01    2.9997899520e+02   -3.1530997816e+01    1.4214656382e+01   -5.8384044194e+01    2.5700235371e+00    1.7302259595e+01    6.9807632464e+00    4.0000000000e+01    4.1643750000e-03    4.8687500000e-01
       121   -1.7096821905e+01    2.9256798463e+02   -3.1369358217e+01    1.4272536312e+01   -5.7548569521e+01    2.9766501547e+00    1.6221797902e+01    6.9807632464e+00    4.0000000000e+01    3.8314160000e-03    4.5937500000e-01
       122   -1.7247866672e+01    2.9773040501e+02   -2.9363152150e+01    1.2115285479e+01   -5.6089821194e+01    3.2096012678e+00    1.6536304530e+01    6.9807632464e+00    4.0000000000e+01    3.7415000000e-03    4.7000000000e-01
       123   -1.7147546287e+01    2.9419681869e+02   -3.2630938111e+01    1.5483391824e+01   -5.9056695123e+01    2.2209461613e+00    1.7224047604e+01    6.9807632464e+00    4.0000000000e+01    3.9309580000e-03    4.7312500000e-01
       124   -1.7334578661e+01    3.0067683027e+02   -3.1873961384e+01    1.4539382724e+01   -5.9158456712e+01    2.9413643134e+00    1.7362367768e+01    6.9807632464e+00    4.0000000000e+01    3.9690830000e-03    4.8500000000e-01
       125   -1.7239910547e+01    2.9738028258e+02   -3.0124785675e+01    1.2884875129e+01   -5.4747639956e+01    1.8672370037e+00    1.5774854030e+01    6.9807632464e+00    4.0000000000e+01    3.8545830000e-03    4.6125000000e-01
       126   -1.7442201415e+01    3.0546656694e+02   -3.4237170962e+01    1.6794969547e+01   -5.9734151288e+01    6.7709826625e-01    1.7839118814e+01    6.9807632464e+00    4.0000000000e+01    3.7979170000e-03    4.5437500000e-01
       127   -1.7247614310e+01    2.9755249287e+02   -3.0364765114e+01    1.3117150805e+01   -5.7137883359e+01    2.5549200169e+00    1.7237434982e+01    6.9807632464e+00    4.0000000000e+01    4.1570830000e-03    4.8875000000e-01
       128   -1.7252862947e+01    2.9779837117e+02   -3.0663263163e+01    1.3410400216e+01   -5.7979781239e+01    2.5182278672e+00    1.7817526962e+01    6.9807632464e+00    4.0000000000e+01    3.9077090000e-03    4.6625000000e-01
       129   -1.7190357551e+01    2.9564756247e+02   -3.3611718179e+01    1.6421360628e+01   -5.9737771256e+01    1.8445253414e+00    1.7300764489e+01    6.9807632464e+00    4.0000000000e+01    4.0546250000e-03    4.7375000000e-01
       130   -1.7128783685e+01    2.9359657882e+02   -3.1927594627e+01    1.4798810942e+01   -5.8834713626e+01    2.3631177684e+00    1.7563237984e+01    6.9807632464e+00    4.0000000000e+01    3.9252080000e-03    4.4500000000e-01
       131   -1.7402942593e+01    3.0318337760e+02   -3.1779465836e+01    1.4376523243e+01   -5.8073961170e+01    1.2588703030e+00    1.8054861785e+01    6.9807632464e+00    4.0000000000e+01    6.6618750000e-03    4.6062500000e-01
       132   -1.7186585799e+01    2.9551928856e+02   -3.3755892105e+01    1.6569306305e+01   -6.0018839812e+01    1.3113261521e+00    1.7970858309e+01    6.9807632464e+00    4.0000000000e+01    4.0385420000e-03    4.5500000000e-01
       133   -1.7354513613e+01    3.0130551931e+02   -3.1598043618e+01    1.4243530006e+01   -5.8315281182e+01    1.3338461958e+00    1.8402628122e+01    6.9807632464e+00    4.0000000000e+01    4.1344160000e-03    4.9437500000e-01
       134   -1.7232095673e+01    2.9710345988e+02   -3.3994875936e+01    1.6762780263e+01   -6.0881639445e+01    1.6988832178e+00    1.8207117045e+01    6.9807632464e+00    4.0000000000e+01    4.0897910000e-03    4.5500000000e-01
       135   -1.7207427429e+01    2.9622878266e+02   -3.1822451656e+01    1.4615024227e+01   -5.6644038158e+01    8.8526192019e-01    1.6955561335e+01    6.9807632464e+00    4.0000000000e+01    4.0882080000e-03    4.8625000000e-01
       136   -1.7226383782e+01    2.9689397762e+02   -3.2202480297e+01    1.4976096514e+01   -5.8199577123e+01    2.1874203491e+00    1.6828913231e+01    6.9807632464e+00    4.0000000000e+01    3.9334170000e-03    4.7125000000e-01
       137   -1.7106578751e+01    2.9285221609e+02   -2.8770961065e+01    1.1664382314e+01   -5.3518396948e+01    1.9812548106e+00    1.5785417826e+01    6.9807632464e+00    4.0000000000e+01    4.0023750000e-03    4.9375000000e-01
       138   -1.7269982169e+01    2.9856506919e+02   -3.3561577929e+01    1.6291595759e+01   -6.1024124265e+01    2.6446620715e+00    1.7837121018e+01    6.9807632464e+00    4.0000000000e+01    3.9805830000e-03    4.6312500000e-01
       139   -1.7231107056e+01    2.9710746928e+02   -2.8571106717e+01    1.1339999661e+01   -5.2204187880e+01    9.5070313629e-01    1.5701614780e+01    6.9807632464e+00    4.0000000000e+01    3.7442500000e-03    4.8562500000e-01
       140   -1.7295999813e+01    2.9937102662e+02   -3.0915667229e+01    1.3619667416e+01   -5.6894912631e+01    2.3470472176e+00    1.6651434939e+01    6.9807632464e+00    4.0000000000e+01    4.1370000000e-03    4.6937500000e-01
       141   -1.7335260429e+01    3.0063077344e+02   -2.9411208981e+01    1.2075948551e+01   -5.4591087485e+01    1.8355439521e+00    1.6363571305e+01    6.9807632464e+00    4.0000000000e+01    3.7814580000e-03    4.6875000000e-01
       142   -1.7221232822e+01    2.9672551689e+02   -3.0178751496e+01    1.2957518674e+01   -5.5554183137e+01    1.6965308451e+00    1.6698137549e+01    6.9807632464e+00    4.0000000000e+01    3.9869160000e-03    4.7625000000e-01
       143   -1.7150223844e+01    2.9431741740e+02   -3.1151408447e+01    1.4001184603e+01   -5.7653000868e+01    2.9747341011e+00    1.6546095073e+01    6.9807632464e+00    4.0000000000e+01    4.1363750000e-03    4.6562500000e-01
       144   -1.7104599270e+01    2.9306624056e+02   -3.0983103884e+01    1.3878504614e+01   -5.9845259363e+01    4.2486574168e+00    1.7632734816e+01    6.9807632464e+00    4.0000000000e+01    3.8380830000e-03    4.7000000000e-01
       145   -1.7339237314e+01    3.0117449764e+02   -3.0301137463e+01    1.2961900149e+01   -5.3779734040e+01    7.8821929014e-01    1.5709614041e+01    6.9807632464e+00    4.0000000000e+01    3.7461670000e-03    4.6812500000e-01
       146   -1.7034770079e+01    2.9140763560e+02   -2.9608319316e+01    1.2573549237e+01   -5.5314178979e+01    2.0963111211e+00    1.6628785295e+01    6.9807632464e+00    4.0000000000e+01    3.8688330000e-03    4.7375000000e-01
       147   -1.7219490688e+01    2.9674419094e+02   -3.2679649582e+01    1.5460158894e+01   -5.9614508581e+01    1.8123652746e+00    1.8141730478e+01    6.9807632464e+00    4.0000000000e+01    3.9100000000e-03    4.5187500000e-01
       148   -1.7257791466e+01    2.9819739021e+02   -3.1036692654e+01    1.3778901187e+01   -5.8341756157e+01    2.4808707236e+00    1.7843429533e+01    6.9807632464e+00    4.0000000000e+01    4.2185000000e-03    4.7000000000e-01
       149   -1.7211487990e+01    2.9650095584e+02   -3.1483485442e+01    1.4271997451e+01   -5.7748183962e+01    1.6600337931e+00    1.7623901481e+01    6.9807632464e+00    4.0000000000e+01    3.7524580000e-03    4.5250000000e-01
       150   -1.7208519318e+01    2.9621820700e+02   -3.0213184645e+01    1.3004665328e+01   -5.4916268640e+01    1.4474433706e+00    1.6274877378e+01    6.9807632464e+00    4.0000000000e+01    3.7857910000e-03    4.6187500000e-01
       151   -1.7176585924e+01    2.9526761661e+02   -2.9049659546e+01    1.1873073622e+01   -5.3828415120e+01    1.6143745931e+00    1.6183617735e+01    6.9807632464e+00    4.0000000000e+01    4.0342500000e-03    4.9875000000e-01
       152   -1.7183265820e+01    2.9545805675e+02   -3.0115972723e+01    1.2932706903e+01   -5.5749122606e+01    1.4994172572e+00    1.7152969379e+01    6.9807632464e+00    4.0000000000e+01    4.1384580000e-03    4.8875000000e-01
       153   -1.7276679476e+01    2.9862166891e+02   -3.0380731023e+01    1.3104051546e+01   -5.6802505592e+01    2.2765115864e+00    1.7164499736e+01    6.9807632464e+00    4.0000000000e+01    3.9855420000e-03    4.5312500000e-01
       154   -1.7299527812e+01    2.9951009176e+02   -3.0879753609e+01    1.3580225796e+01   -5.8242123575e+01    2.6424384171e+00    1.7739168303e+01    6.9807632464e+00    4.0000000000e+01    3.9637500000e-03    4.7312500000e-01
       155   -1.7206808473e+01    2.9622789631e+02   -2.7058085386e+01    9.8512769134e+00   -5.0548251825e+01    8.0621815896e-01    1.5703185033e+01    6.9807632464e+00    4.0000000000e+01    3.8588340000e-03    5.0562500000e-01
       156   -1.7295516819e+01    2.9929725607e+02   -3.0970453254e+01    1.3674936435e+01   -5.6905821881e+01    1.0624666506e+00    1.7892138730e+01    6.9807632464e+00    4.0000000000e+01    4.3465000000e-03    4.6000000000e-01
       157   -1.7303422739e+01    2.9950299580e+02   -2.9673853432e+01    1.2370430694e+01   -5.5579926294e+01    2.2098087500e+00    1.6715500866e+01    6.9807632464e+00    4.0000000000e+01    3.7636670000e-03    4.5437500000e-01
       158   -1.7294658592e+01    2.9923959906e+02   -3.1012557341e+01    1.3717898749e+01   -5.7100069153e+01    1.8744267360e+00    1.7232321829e+01    6.9807632464e+00    4.0000000000e+01    3.9373750000e-03    4.6625000000e-01
       159   -1.7222437342e+01    2.9671737614e+02   -3.0246379501e+01    1.3023942159e+01   -5.5755558551e+01    1.0373873659e+00    1.7491028438e+01    6.9807632464e+00    4.0000000000e+01    3.9462920000e-03    4.7750000000e-01
       160   -1.7234655318e+01    2.9709994183e+02   -3.0684066508e+01    1.3449411191e+01   -5.6822685547e+01    2.3025607232e+00    1.6855295069e+01    6.9807632464e+00    4.0000000000e+01    4.0546670000e-03    4.7750000000e-01
       161   -1.7218659783e+01    2.9662777023e+02   -3.3844416865e+01    1.6625757082e+01   -6.2374146621e+01    3.3433759345e+00    1.8205590575e+01    6.9807632464e+00    4.0000000000e+01    3.8333750000e-03    4.5500000000e-01
       162   -1.7287080577e+01    2.9904798580e+02   -3.3232979683e+01    1.5945899105e+01   -5.8869647507e+01    1.6099233876e+00    1.7045981190e+01    6.9807632464e+00    4.0000000000e+01    3.8997920000e-03    4.5500000000e-01
       163   -1.7180060092e+01    2.9533722855e+02   -3.2013475893e+01    1.4833415801e+01   -6.0368431672e+01    3.5407485640e+00    1.7833443968e+01    6.9807632464e+00    4.0000000000e+01    3.9947920000e-03    4.6125000000e-01
       164   -1.7352164136e+01    3.0127182707e+02   -3.0367464493e+01    1.3015300356e+01   -5.4992282371e+01    1.5386255794e+00    1.6105429053e+01    6.9807632464e+00    4.0000000000e+01    8.0221250000e-03    4.8187500000e-01
       165   -1.7194402573e+01    2.9574166563e+02   -3.0090035980e+01    1.2895633407e+01   -5.5757588581e+01    1.9929752681e+00    1.6693814086e+01    6.9807632464e+00    4.0000000000e+01    7.5440000000e-03    4.9250000000e-01
       166   -1.7103497938e+01    2.9288510487e+02   -2.9651210620e+01    1.2547712682e+01   -5.3858337638e+01    4.7223408688e-01    1.6754129685e+01    6.9807632464e+00    4.0000000000e+01    3.9586250000e-03    4.7875000000e-01
       167   -1.7173684461e+01    2.9528874410e+02   -3.0535411313e+01    1.3361726852e+01   -5.5313851183e+01    1.2134621693e+00    1.6584214454e+01    6.9807632464e+00    4.0000000000e+01    3.7907500000e-03    4.8000000000e-01
       168   -1.7294481169e+01    2.9929864735e+02   -3.0022162682e+01    1.2727681513e+01   -5.6209123787e+01    1.9077199620e+00    1.7298477897e+01    6.9807632464e+00    4.0000000000e+01    4.1540000000e-03    4.6625000000e-01
       169   -1.7147860817e+01    2.9420082320e+02   -3.0295054484e+01    1.3147193667e+01   -5.6271137303e+01    2.1727273572e+00    1.6822592215e+01    6.9807632464e+00    4.0000000000e+01    3.9215420000e-03    4.7000000000e-01
       170   -1.7225153774e+01    2.9680926160e+02   -2.9793090081e+01    1.2567936307e+01   -5.5582767724e+01    1.8914662348e+00    1.6917448161e+01    6.9807632464e+00    4.0000000000e+01    4.0164580000e-03    4.7937500000e-01
       171   -1.7247790944e+01    2.9763985526e+02   -2.9944398752e+01    1.2696607808e+01   -5.6083026220e+01    2.2713294009e+00    1.6886534821e+01    6.9807632464e+00    4.0000000000e+01    3.8810830000e-03    4.7687500000e-01
       172   -1.7132205380e+01    2.9380970690e+02   -3.0667111692e+01    1.3534906312e+01   -5.8393324896e+01    2.7923824141e+00    1.7953067544e+01    6.9807632464e+00    4.0000000000e+01    3.8164170000e-03    4.6687500000e-01
       173   -1.7259425800e+01    2.9820640586e+02   -3.0906164086e+01    1.3646738287e+01   -5.6306012675e+01    1.6562013803e+00    1.6762883962e+01    6.9807632464e+00    4.0000000000e+01    3.8527090000e-03    4.7625000000e-01
       174   -1.7054542290e+01    2.9128816024e+02   -3.5909647688e+01    1.8855105398e+01   -6.3548226273e+01    1.9382277483e+00    1.8719587590e+01    6.9807632464e+00    4.0000000000e+01    3.9197500000e-03    4.4812500000e-01
       175   -1.7344731560e+01    3.0144320176e+02   -2.9569925012e+01    1.2225193452e+01   -5.3918362105e+01    1.2718583925e+00    1.6095815454e+01    6.9807632464e+00    4.0000000000e+01    3.9171250000e-03    4.7875000000e-01
       176   -1.7234906221e+01    2.9712619387e+02   -3.1302201999e+01    1.4067295778e+01   -5.6848343149e+01    1.8818290635e+00    1.6683548841e+01    6.9807632464e+00    4.0000000000e+01    3.9799580000e-03    4.5687500000e-01
       177   -1.7223701247e+01    2.9674673855e+02   -2.9559618220e+01    1.2335916973e+01   -5.5077329407e+01    1.8252243251e+00    1.6711723615e+01    6.9807632464e+00    4.0000000000e+01    4.0498750000e-03    4.8250000000e-01
       178   -1.7380623151e+01    3.0236084166e+02   -2.9315693214e+01    1.1935070063e+01   -5.6297279904e+01    2.6185416946e+00    1.7382281749e+01    6.9807632464e+00    4.0000000000e+01    3.8284170000e-03    4.8250000000e-01
       179   -1.7215486940e+01    2.9651982668e+02   -3.1107793851e+01    1.3892306911e+01   -5.7359219079e+01    1.7551240056e+00    1.7515537976e+01    6.9807632464e+00    4.0000000000e+01    4.0342080000e-03    4.9625000000e-01
       180   -1.7185642720e+01    2.9566793614e+02   -3.3904586040e+01    1.6718943320e+01   -6.2349374617e+01    3.4724139868e+00    1.7991611344e+01    6.9807632464e+00    4.0000000000e+01    3.8456250000e-03    4.8000000000e-01
       181   -1.7265232249e+01    2.9821352862e+02   -2.9758953792e+01    1.2493721542e+01   -5.5355099024e+01    1.5807073086e+00    1.7034674677e+01    6.9807632464e+00    4.0000000000e+01    4.0264170000e-03    4.5312500000e-01
       182   -1.7199792822e+01    2.9591372341e+02   -2.8426166302e+01    1.1226373480e+01   -5.2682871018e+01    8.6088249911e-01    1.6415058970e+01    6.9807632464e+00    4.0000000000e+01    3.8944580000e-03    4.7312500000e-01
       183   -1.7354623350e+01    3.0140582085e+02   -2.9244635058e+01    1.1890011708e+01   -5.5123557913e+01    1.6813148187e+00    1.7216844790e+01    6.9807632464e+00    4.0000000000e+01    4.9555000000e-03    4.7375000000e-01
       184   -1.7247567742e+01    2.9755807033e+02   -3.2198722330e+01    1.4951154588e+01   -5.8446217670e+01    1.8697990821e+00    1.7396933012e+01    6.9807632464e+00    4.0000000000e+01    3.9152500000e-03    4.6250000000e-01
       185   -1.7246696320e+01    2.9805933341e+02   -3.1916563957e+01    1.4669867637e+01   -6.1779844000e+01    4.4888234231e+00    1.8393693373e+01    6.9807632464e+00    4.0000000000e+01    4.0618330000e-03    4.8250000000e-01
       186   -1.7251330998e+01    2.9776437572e+02   -3.2177489601e+01    1.4926158603e+01   -5.8753323206e+01    1.7941555020e+00    1.7800914857e+01    6.9807632464e+00    4.0000000000e+01    3.9998340000e-03    4.7625000000e-01
       187   -1.7326089225e+01    3.0031523607e+02   -3.1405299843e+01    1.4079210618e+01   -5.7880633010e+01    2.5963385625e+00    1.6898231358e+01    6.9807632464e+00    4.0000000000e+01    3.8648750000e-03    4.7500000000e-01
       188   -1.7191802239e+01    2.9585823623e+02   -2.5989268631e+01    8.7974663921e+00   -5.1068216756e+01    2.8316565741e+00    1.5266528305e+01    6.9807632464e+00    4.0000000000e+01    3.6831250000e-03    4.8687500000e-01
       189   -1.7170159513e+01    2.9505346882e+02   -3.2963830345e+01    1.5793670832e+01   -5.9208262359e+01    2.2261188175e+00    1.7037549950e+01    6.9807632464e+00    4.0000000000e+01    3.7002090000e-03    4.5312500000e-01
       190   -1.7153092375e+01    2.9449787677e+02   -3.3712812885e+01    1.6559720509e+01   -6.2285054491e+01    3.1967430966e+00    1.8394735263e+01    6.9807632464e+00    4.0000000000e+01    3.9509590000e-03    4.6000000000e-01
       191   -1.7270421018e+01    2.9869269812e+02   -3.2352060690e+01    1.5081639673e+01   -5.8681971735e+01    2.2600696733e+00    1.7089078125e+01    6.9807632464e+00    4.0000000000e+01    4.0880000000e-03    4.7375000000e-01
       192   -1.7171384381e+01    2.9494461216e+02   -3.0476548016e+01    1.3305163635e+01   -5.6337252377e+01    2.2658802479e+00    1.6614060867e+01    6.9807632464e+00    4.0000000000e+01    3.9990830000e-03    4.6375000000e-01
       193   -1.7257233797e+01    2.9810439740e+02   -3.4147397438e+01    1.6890163641e+01   -6.1954907261e+01    2.5151184478e+00    1.8311628129e+01    6.9807632464e+00    4.0000000000e+01    3.8635410000e-03    4.6000000000e-01
       194   -1.7366461507e+01    3.0173918941e+02   -2.9435031906e+01    1.2068570399e+01   -5.5558373796e+01    2.1564918976e+00    1.6986086746e+01    6.9807632464e+00    4.0000000000e+01    3.9657080000e-03    4.7875000000e-01
       195   -1.7225536374e+01    2.9683810509e+02   -3.0742876662e+01    1.3517340288e+01   -5.6613107805e+01    2.3149197794e+00    1.6574548118e+01    6.9807632464e+00    4.0000000000e+01    3.9576670000e-03    4.5625000000e-01
       196   -1.7306143466e+01    2.9969462304e+02   -3.0346047335e+01    1.3039903870e+01   -5.6450790532e+01    1.6303890382e+00    1.7493590911e+01    6.9807632464e+00    4.0000000000e+01    3.9970420000e-03    4.6750000000e-01
       197   -1.7249115936e+01    2.9775209404e+02   -3.0549954185e+01    1.3300838249e+01   -5.6418819431e+01    2.3154719634e+00    1.6572630036e+01    6.9807632464e+00    4.0000000000e+01    3.9513330000e-03    4.6750000000e-01
       198   -1.7262355395e+01    2.9810709698e+02   -2.9053981742e+01    1.1791626347e+01   -5.4237059258e+01    1.7247940065e+00    1.6477520262e+01    6.9807632464e+00    4.0000000000e+01    3.8366660000e-03    4.6562500000e-01
       199   -1.7290356394e+01    2.9914148910e+02   -3.3785653706e+01    1.6495297311e+01   -5.9236814958e+01    1.4639400629e+00    1.7006457943e+01    6.9807632464e+00    4.0000000000e+01    3.9985830000e-03    4.6125000000e-01
       200   -1.7191326159e+01    2.9566456831e+02   -3.1885268462e+01    1.4693942302e+01   -5.8370458202e+01    2.4137776085e+00    1.7090648885e+01    6.9807632464e+00    4.0000000000e+01    3.9408330000e-03    4.7125000000e-01
       201   -1.7285740450e+01    2.9884805709e+02   -3.0570479373e+01    1.3284738922e+01   -5.6196410946e+01    1.8763443598e+00    1.6768823967e+01    6.9807632464e+00    4.0000000000e+01    3.9841660000e-03    4.7000000000e-01
       202   -1.7229317783e+01    2.9693316355e+02   -2.8376509452e+01    1.1147191668e+01   -5.4001649465e+01    1.9930519732e+00    1.6651324794e+01    6.9807632464e+00    4.0000000000e+01    3.8815420000e-03    4.7375000000e-01
       203   -1.7306693639e+01    2.9969075597e+02   -3.2001708652e+01    1.4695015013e+01   -5.7460250807e+01    1.0436139283e+00    1.7434164981e+01    6.9807632464e+00    4.0000000000e+01    3.9655830000e-03    4.6812500000e-01
       204   -1.7292735364e+01    2.9909186356e+02   -2.8363378789e+01    1.1070643425e+01   -5.2986296061e+01    1.2890192660e+00    1.6353134759e+01    6.9807632464e+00    4.0000000000e+01    4.0115840000e-03    4.7687500000e-01
       205   -1.7316631386e+01    3.0012052102e+02   -3.0854478542e+01    1.3537847157e+01   -5.6296413751e+01    1.6112191264e+00    1.6849952836e+01    6.9807632464e+00    4.0000000000e+01    4.0813750000e-03    4.8375000000e-01
       206   -1.7281279104e+01    2.9879426279e+02   -2.9808062751e+01    1.2526783647e+01   -5.3556521192e+01    6.3590054926e-01    1.6131794645e+01    6.9807632464e+00    4.0000000000e+01    4.0923330000e-03    4.7500000000e-01
       207   -1.7273458806e+01    2.9845561315e+02   -3.0793343763e+01    1.3519884957e+01   -5.6248215991e+01    1.6076782500e+00    1.6866430731e+01    6.9807632464e+00    4.0000000000e+01    4.0619160000e-03    4.7500000000e-01
       208   -1.7242810999e+01    2.9742878120e+02   -3.1952447977e+01    1.4709636978e+01   -5.9378662480e+01    2.1193308203e+00    1.8326120436e+01    6.9807632464e+00    4.0000000000e+01    3.9810420000e-03    4.6750000000e-01
       209   -1.7245446496e+01    2.9757166284e+02   -2.9825753694e+01    1.2580307199e+01   -5.4152179853e+01    1.2996780415e+00    1.6045984871e+01    6.9807632464e+00    4.0000000000e+01    3.7885830000e-03    4.8312500000e-01
       210   -1.7208656519e+01    2.9623511721e+02   -3.1282541475e+01    1.4073884957e+01   -5.8639115078e+01    3.4280614175e+00    1.6947748939e+01    6.9807632464e+00    4.0000000000e+01    4.0880000000e-03    4.8000000000e-01
       211   -1.7262180425e+01    2.9835289043e+02   -2.9995201622e+01    1.2733021197e+01   -5.5414851521e+01    1.4594227672e+00    1.6979463886e+01    6.9807632464e+00    4.0000000000e+01    3.9497920000e-03    4.6375000000e-01
       212   -1.7236304422e+01    2.9721877423e+02   -3.0729567468e+01    1.3493263046e+01   -5.7350809718e+01    2.7109819605e+00    1.6929497043e+01    6.9807632464e+00    4.0000000000e+01    3.8124580000e-03    4.6750000000e-01
       213   -1.7200630286e+01    2.9610163609e+02   -3.2904539836e+01    1.5703909550e+01   -5.9266006830e+01    1.3712910266e+00    1.8009412721e+01    6.9807632464e+00    4.0000000000e+01    7.4882500000e-03    4.3812500000e-01
       214   -1.7196815937e+01    2.9592230572e+02   -3.0833495861e+01    1.3636679924e+01   -5.6789783885e+01    1.8926772612e+00    1.7082847516e+01    6.9807632464e+00    4.0000000000e+01    6.8394160000e-03    4.8937500000e-01
       215   -1.7185999326e+01    2.9565016590e+02   -3.0605067349e+01    1.3419068022e+01   -5.6601989495e+01    2.3163369439e+00    1.6699821956e+01    6.9807632464e+00    4.0000000000e+01    3.9322910000e-03    4.8375000000e-01
       216   -1.7433391543e+01    3.0466764557e+02   -3.1757548038e+01    1.4324156495e+01   -5.8994921917e+01    1.7410813176e+00    1.8515529315e+01    6.9807632464e+00    4.0000000000e+01    3.9192090000e-03    4.5875000000e-01
       217   -1.7340843849e+01    3.0089003601e+02   -3.1915459172e+01    1.4574615323e+01   -5.9444763106e+01    2.4635291643e+00    1.8085011523e+01    6.9807632464e+00    4.0000000000e+01    4.0117920000e-03    4.6625000000e-01
       218   -1.7253859729e+01    2.9778183122e+02   -3.1877287537e+01    1.4623427808e+01   -5.7865592806e+01    2.0032062733e+00    1.7004335749e+01    6.9807632464e+00    4.0000000000e+01    3.8909590000e-03    4.5125000000e-01
       219   -1.7356757792e+01    3.0148786691e+02   -3.2485191550e+01    1.5128433757e+01   -5.8006865045e+01    3.3818924818e-01    1.8202721000e+01    6.9807632464e+00    4.0000000000e+01    4.3550830000e-03    4.7812500000e-01
       220   -1.7218319835e+01    2.9662334500e+02   -3.2427338342e+01    1.5209018507e+01   -5.8219675037e+01    2.0063675639e+00    1.6805205885e+01    6.9807632464e+00    4.0000000000e+01    4.1630830000e-03    4.7187500000e-01
       221   -1.7361464522e+01    3.0155648222e+02   -3.0252779562e+01    1.2891315040e+01   -5.4799504421e+01    1.2402141812e+00    1.6325747432e+01    6.9807632464e+00    4.0000000000e+01    4.0109580000e-03    4.9687500000e-01
       222   -1.7420655776e+01    3.0441232600e+02   -3.2372347431e+01    1.4951691656e+01   -5.6249625174e+01    1.4975013181e-01    1.6746764364e+01    6.9807632464e+00    4.0000000000e+01    3.9318340000e-03    4.7250000000e-01
       223   -1.7096860014e+01    2.9263039057e+02   -3.0734791447e+01    1.3637931433e+01   -5.7183786432e+01    1.9896261122e+00    1.7478605626e+01    6.9807632464e+00    4.0000000000e+01    4.1077910000e-03    4.9250000000e-01
       224   -1.7341535898e+01    3.0094676561e+02   -3.5008352665e+01    1.7666816767e+01   -6.2363278576e+01    2.5214504989e+00    1.7852712165e+01    6.9807632464e+00    4.0000000000e+01    3.8689160000e-03    4.6187500000e-01
       225   -1.7160251666e+01    2.9465197282e+02   -3.0378182804e+01    1.3217931138e+01   -5.5881636950e+01    2.2483135511e+00    1.6274377349e+01    6.9807632464e+00    4.0000000000e+01    4.1782920000e-03    4.8687500000e-01
       226   -1.7230303872e+01    2.9715151954e+02   -3.1951429876e+01    1.4721126004e+01   -5.9632878817e+01    2.9067970160e+00    1.7793888679e+01    6.9807632464e+00    4.0000000000e+01    3.9536660000e-03    4.8500000000e-01
       227   -1.7194906718e+01    2.9576075099e+02   -3.1658343457e+01    1.4463436738e+01   -5.8522328334e+01    1.9576511940e+00    1.7925570437e+01    6.9807632464e+00    4.0000000000e+01    4.0166670000e-03    4.7750000000e-01
       228   -1.7266739711e+01    2.9833009063e+02   -3.0377093002e+01    1.3110353291e+01   -5.6220591842e+01    2.1075022291e+00    1.6755233364e+01    6.9807632464e+00    4.0000000000e+01    4.0365830000e-03    4.8062500000e-01
       229   -1.7192284665e+01    2.9651483257e+02   -2.8801815632e+01    1.1609530968e+01   -5.5741499839e+01    3.3171070135e+00    1.6641813946e+01    6.9807632464e+00    4.0000000000e+01    4.1687920000e-03    5.0375000000e-01
       230   -1.7309409877e+01    2.9974687257e+02   -3.1986926843e+01    1.4677516966e+01   -6.0708660357e+01    3.2901021972e+00    1.8450868071e+01    6.9807632464e+00    4.0000000000e+01    5.0227920000e-03    4.5687500000e-01
       231   -1.7102372604e+01    2.9275248399e+02   -3.0930031166e+01    1.3827658562e+01   -5.6146944809e+01    1.4044656606e+00    1.6831684736e+01    6.9807632464e+00    4.0000000000e+01    4.0153330000e-03    4.6125000000e-01
       232   -1.7156149158e+01    2.9460434098e+02   -2.9325669646e+01    1.2169520487e+01   -5.4513056883e+01    1.8400124111e+00    1.6366611579e+01    6.9807632464e+00    4.0000000000e+01    8.1034580000e-03    4.9687500000e-01
       233   -1.7201662858e+01    2.9604958609e+02   -2.9797922344e+01    1.2596259487e+01   -5.7198154668e+01    3.0458334750e+00    1.7373635602e+01    6.9807632464e+00    4.0000000000e+01    6.3684160000e-03    4.6312500000e-01
       234   -1.7265434373e+01    2.9837767007e+02   -3.2724284411e+01    1.5458850038e+01   -5.9694426407e+01    2.7512711287e+00    1.7238107621e+01    6.9807632464e+00    4.0000000000e+01    3.9857910000e-03    4.6750000000e-01
       235   -1.7302557843e+01    2.9953067340e+02   -2.9787986148e+01    1.2485428304e+01   -5.6042074351e+01    1.9507366778e+00    1.7322588279e+01    6.9807632464e+00    4.0000000000e+01    4.0253330000e-03    4.8500000000e-01
       236   -1.7290404756e+01    2.9910235916e+02   -3.0544715758e+01    1.3254311002e+01   -5.5412211798e+01    1.3876576316e+00    1.6499075162e+01    6.9807632464e+00    4.0000000000e+01    3.7691250000e-03    4.8312500000e-01
       237   -1.7307161130e+01    2.9966297554e+02   -2.9785265533e+01    1.2478104403e+01   -5.4676638499e+01    1.7202974798e+00    1.6190312239e+01    6.9807632464e+00    4.0000000000e+01    3.9551670000e-03    4.8000000000e-01
       238   -1.7257624881e+01    2.9798659912e+02   -2.7026360652e+01    9.7687357713e+00   -5.2017157973e+01    2.0694465131e+00    1.5940587561e+01    6.9807632464e+00    4.0000000000e+01    3.9711250000e-03    4.8500000000e-01
       239   -1.7256018076e+01    2.9789636795e+02   -3.2210431578e+01    1.4954413502e+01   -5.8541545214e+01    1.6734920449e+00    1.7676858344e+01    6.9807632464e+00    4.0000000000e+01    3.9407920000e-03    4.6187500000e-01
       240   -1.7226792169e+01    2.9687338087e+02   -2.9879371399e+01    1.2652579230e+01   -5.5843004039e+01    1.7514409826e+00    1.7231428411e+01    6.9807632464e+00    4.0000000000e+01    3.9827080000e-03    4.8187500000e-01
       241   -1.7437382364e+01    3.0434813447e+02   -3.4237582040e+01    1.6800199676e+01   -6.1220216591e+01    1.9458116199e+00    1.8056059684e+01    6.9807632464e+00    4.0000000000e+01    4.0733750000e-03    4.6062500000e-01
       242   -1.7269195160e+01    2.9838765101e+02   -3.1379443125e+01    1.4110247965e+01   -5.7845184272e+01    1.6602742315e+00    1.7824703669e+01    6.9807632464e+00    4.0000000000e+01    4.1429160000e-03    4.5125000000e-01
       243   -1.7210543720e+01    2.9645889776e+02   -2.9094610677e+01    1.1884066958e+01   -5.4459554653e+01    1.5826593073e+00    1.6801521422e+01    6.9807632464e+00    4.0000000000e+01    3.9634580000e-03    4.8062500000e-01
       244   -1.7273220283e+01    2.9851353504e+02   -3.1489605899e+01    1.4216385616e+01   -5.6589420720e+01    1.4209295350e+00    1.6698122039e+01    6.9807632464e+00    4.0000000000e+01    3.6818330000e-03    4.7750000000e-01
       245   -1.7247879545e+01    2.9779684306e+02   -3.1642075011e+01    1.4394195467e+01   -5.9646492321e+01    3.5329967539e+00    1.7490657309e+01    6.9807632464e+00    4.0000000000e+01    3.9268750000e-03    4.9000000000e-01
       246   -1.7147523512e+01    2.9421582521e+02   -3.1000932473e+01    1.3853408960e+01   -5.6122788147e+01    1.2705439901e+00    1.6870548438e+01    6.9807632464e+00    4.0000000000e+01    4.0667090000e-03    4.7125000000e-01
       247   -1.7416352509e+01    3.0350990219e+02   -3.1373936854e+01    1.3957584345e+01   -5.7025616181e+01    1.6928914080e+00    1.6978024672e+01    6.9807632464e+00    4.0000000000e+01    3.9391250000e-03    4.7125000000e-01
       248   -1.7228796885e+01    2.9701830494e+02   -2.9867547177e+01    1.2638750292e+01   -5.5211908339e+01    1.8558235888e+00    1.6507774327e+01    6.9807632464e+00    4.0000000000e+01    8.5401660000e-03    4.5812500000e-01
       249   -1.7135020907e+01    2.9378842695e+02   -2.9398942931e+01    1.2263922024e+01   -5.4179510324e+01    1.0241416560e+00    1.6775662491e+01    6.9807632464e+00    4.0000000000e+01    6.9423750000e-03    4.9562500000e-01
       250   -1.7364309595e+01    3.0166133829e+02   -2.9868645193e+01    1.2504335598e+01   -5.5399781569e+01    1.8772763347e+00    1.6673096795e+01    6.9807632464e+00    4.0000000000e+01    3.8647500000e-03    4.5500000000e-01
       251   -1.7305581579e+01    2.9989452875e+02   -3.3122142120e+01    1.5816560541e+01   -5.9926444061e+01    2.0065975196e+00    1.7816941175e+01    6.9807632464e+00    4.0000000000e+01    3.7186670000e-03    4.5812500000e-01
       252   -1.7285769258e+01    2.9928089835e+02   -2.9529161134e+01    1.2243391876e+01   -5.3862157446e+01    6.9416609731e-01    1.6658066969e+01    6.9807632464e+00    4.0000000000e+01    3.7134160000e-03    4.6875000000e-01
       253   -1.7251937132e+01    2.9789997304e+02   -2.9836532780e+01    1.2584595648e+01   -5.5726207188e+01    2.1669313173e+00    1.6741979843e+01    6.9807632464e+00    4.0000000000e+01    3.8396660000e-03    4.6375000000e-01
       254   -1.7157290458e+01    2.9453947405e+02   -3.6022290327e+01    1.8864999868e+01   -6.2056016261e+01    1.2439802198e+00    1.7808982468e+01    6.9807632464e+00    4.0000000000e+01    3.9252910000e-03    4.7937500000e-01
       255   -1.7009121952e+01    2.8967491384e+02   -3.1377814400e+01    1.4368692448e+01   -5.7089580746e+01    2.2811318979e+00    1.6449871202e+01    6.9807632464e+00    4.0000000000e+01    3.9475000000e-03    5.0250000000e-01
       256   -1.7224575935e+01    2.9692324456e+02   -3.2504784496e+01    1.5280208562e+01   -5.8550354953e+01    1.8444344001e+00    1.7220372810e+01    6.9807632464e+00    4.0000000000e+01    4.4978750000e-03    4.5812500000e-01
       257   -1.7398423465e+01    3.0296312731e+02   -3.3142017189e+01    1.5743593724e+01   -5.8670081229e+01    1.5987196041e+00    1.6948581189e+01    6.9807632464e+00    4.0000000000e+01    3.8505000000e-03    4.5062500000e-01
       258   -1.7282686819e+01    2.9880655498e+02   -3.1156296359e+01    1.3873609540e+01   -5.6743613701e+01    1.8434102390e+00    1.6763143857e+01    6.9807632464e+00    4.0000000000e+01    3.7935840000e-03    4.7500000000e-01
       259   -1.7126200310e+01    2.9341006445e+02   -2.9004116402e+01    1.1877916092e+01   -5.5086187038e+01    2.0316641549e+00    1.7069643235e+01    6.9807632464e+00    4.0000000000e+01    4.2167920000e-03    4.9062500000e-01
       260   -1.7355389926e+01    3.0137509725e+02   -2.9943822999e+01    1.2588433073e+01   -5.5889055906e+01    2.5462136221e+00    1.6418256038e+01    6.9807632464e+00    4.0000000000e+01    3.9035420000e-03    4.5625000000e-01
       261   -1.7355112358e+01    3.0131373677e+02   -3.3533218389e+01    1.6178106032e+01   -6.0248261511e+01    1.4232022673e+00    1.8311077608e+01    6.9807632464e+00    4.0000000000e+01    3.9132090000e-03    4.2875000000e-01
       262   -1.7284336689e+01    2.9896654302e+02   -3.5025064229e+01    1.7740727539e+01   -6.3968494402e+01    3.2132089627e+00    1.8749457964e+01    6.9807632464e+00    4.0000000000e+01    3.9801670000e-03    4.4000000000e-01
       263   -1.7238148939e+01    2.9736750162e+02   -3.0599820212e+01    1.3361671273e+01   -5.6582701163e+01    1.7091322143e+00    1.7292985490e+01    6.9807632464e+00    4.0000000000e+01    3.9559580000e-03    4.8500000000e-01
       264   -1.7395467243e+01    3.0328500203e+02   -3.2893420507e+01    1.5497953264e+01   -5.9267790193e+01    1.9362177149e+00    1.7457388725e+01    6.9807632464e+00    4.0000000000e+01    4.0635000000e-03    4.7500000000e-01
       265   -1.7316472592e+01    3.0000331250e+02   -3.3267439101e+01    1.5950966509e+01   -5.9890916678e+01    1.9956617622e+00    1.7647052568e+01    6.9807632464e+00    4.0000000000e+01    4.1261250000e-03    4.7937500000e-01
       266   -1.7327500158e+01    3.0036086949e+02   -2.9091697937e+01    1.1764197778e+01   -5.4705877937e+01    1.8455133505e+00    1.6787903404e+01    6.9807632464e+00    4.0000000000e+01    8.7115420000e-03    4.8812500000e-01
       267   -1.7155313239e+01    2.9448925923e+02   -3.0561133453e+01    1.3405820214e+01   -5.5222452831e+01    1.1038230685e+00    1.6576733064e+01    6.9807632464e+00    4.0000000000e+01    7.5080000000e-03    4.7937500000e-01
       268   -1.7236754193e+01    2.9731835009e+02   -3.4719242100e+01    1.7482487907e+01   -6.1715467020e+01    1.7856844958e+00    1.8229777178e+01    6.9807632464e+00    4.0000000000e+01    3.9541250000e-03    4.5312500000e-01
       269   -1.7313874365e+01    2.9999104595e+02   -3.3409353447e+01    1.6095479082e+01   -6.1490464043e+01    2.6390600683e+00    1.8461287281e+01    6.9807632464e+00    4.0000000000e+01    4.0259580000e-03    4.6125000000e-01
       270   -1.7174658129e+01    2.9523875830e+02   -3.3813914213e+01    1.6639256084e+01   -6.0166519799e+01    1.2637469076e+00    1.8108095432e+01    6.9807632464e+00    4.0000000000e+01    3.8060000000e-03    4.4312500000e-01
       271   -1.7222646096e+01    2.9671823577e+02   -3.0549229098e+01    1.3326583002e+01   -5.4473966110e+01    5.9437031895e-01    1.6349603446e+01    6.9807632464e+00    4.0000000000e+01    4.3819170000e-03    4.9000000000e-01
       272   -1.7340282875e+01    3.0091468365e+02   -3.2660613769e+01    1.5320330894e+01   -5.9615394754e+01    3.5294527703e+00    1.6444564968e+01    6.9807632464e+00    4.0000000000e+01    3.8936670000e-03    4.6812500000e-01
       273   -1.7237877632e+01    2.9756907553e+02   -3.0510893263e+01    1.3273015631e+01   -5.5678012015e+01    1.4560394033e+00    1.6730316102e+01    6.9807632464e+00    4.0000000000e+01    3.9454580000e-03    4.8000000000e-01
       274   -1.7303225286e+01    2.9951641463e+02   -2.8459982224e+01    1.1156756938e+01   -5.2822523922e+01    1.9791608352e+00    1.5402617617e+01    6.9807632464e+00    4.0000000000e+01    3.9513330000e-03    4.9000000000e-01
       275   -1.7194818410e+01    2.9581608669e+02   -3.1422258409e+01    1.4227439998e+01   -5.8307234537e+01    2.6356282205e+00    1.7268584661e+01    6.9807632464e+00    4.0000000000e+01    3.9022080000e-03    4.5562500000e-01
       276   -1.7159595221e+01    2.9477386343e+02   -3.0734103420e+01    1.3574508199e+01   -5.6707120150e+01    1.5931354929e+00    1.7399117991e+01    6.9807632464e+00    4.0000000000e+01    3.9554580000e-03    4.8187500000e-01
       277   -1.7315719084e+01    3.0032971808e+02   -3.0022658830e+01    1.2706939746e+01   -5.6231608614e+01    2.0179066883e+00    1.7210279849e+01    6.9807632464e+00    4.0000000000e+01    3.7457500000e-03    4.8312500000e-01
       278   -1.7274624010e+01    2.9857121929e+02   -3.2846036176e+01    1.5571412166e+01   -5.9954671178e+01    2.5203919958e+00    1.7607479760e+01    6.9807632464e+00    4.0000000000e+01    3.9962080000e-03    4.6875000000e-01
       279   -1.7156189081e+01    2.9453874346e+02   -3.2676784983e+01    1.5520595902e+01   -5.8403394400e+01    1.1106548991e+00    1.7635191271e+01    6.9807632464e+00    4.0000000000e+01    4.2420420000e-03    4.8750000000e-01
       280   -1.7226007564e+01    2.9683408781e+02   -3.1191533304e+01    1.3965525739e+01   -5.6705349745e+01    1.5666828388e+00    1.6966370356e+01    6.9807632464e+00    4.0000000000e+01    3.9407910000e-03    4.7500000000e-01
       281   -1.7186447449e+01    2.9559476886e+02   -3.3563186265e+01    1.6376738816e+01   -5.9715342122e+01    1.2749933397e+00    1.7896399271e+01    6.9807632464e+00    4.0000000000e+01    3.9749580000e-03    4.6187500000e-01
       282   -1.7268390912e+01    2.9832024084e+02   -3.0043966620e+01    1.2775575707e+01   -5.5284975151e+01    1.6178129707e+00    1.6642432315e+01    6.9807632464e+00    4.0000000000e+01    3.9813330000e-03    5.1000000000e-01
       283   -1.7134859409e+01    2.9387241154e+02   -3.0094943598e+01    1.2960084189e+01   -5.6094221911e+01    1.8413518873e+00    1.7177163179e+01    6.9807632464e+00    4.0000000000e+01    3.9290830000e-03    4.5500000000e-01
       284   -1.7156687438e+01    2.9447571766e+02   -2.9171638748e+01    1.2014951310e+01   -5.3831987797e+01    1.3603557926e+00    1.6319230010e+01    6.9807632464e+00    4.0000000000e+01    3.9981250000e-03    4.7625000000e-01
       285   -1.7276924811e+01    2.9858849545e+02   -2.9976278182e+01    1.2699353370e+01   -5.6199949738e+01    2.3261167070e+00    1.6916791603e+01    6.9807632464e+00    4.0000000000e+01    3.7861250000e-03    4.6750000000e-01
       286   -1.7276785773e+01    2.9865653317e+02   -2.9050107649e+01    1.1773321876e+01   -5.4142599389e+01    1.5320361970e+00    1.6579692297e+01    6.9807632464e+00    4.0000000000e+01    4.4119170000e-03    4.7625000000e-01
       287   -1.7268019402e+01    2.9830691036e+02   -3.0213135557e+01    1.2945116156e+01   -5.5781975352e+01    1.5358519603e+00    1.7052224587e+01    6.9807632464e+00    4.0000000000e+01    3.9785420000e-03    4.4812500000e-01
       288   -1.7373178829e+01    3.0200244898e+02   -3.0023663802e+01    1.2650484973e+01   -5.6161578730e+01    2.0070030373e+00    1.7150148644e+01    6.9807632464e+00    4.0000000000e+01    3.8976670000e-03    4.6187500000e-01
       289   -1.7114882749e+01    2.9304416386e+02   -3.1835826384e+01    1.4720943635e+01   -5.8555906196e+01    1.4830063705e+00    1.8256310195e+01    6.9807632464e+00    4.0000000000e+01    4.0311670000e-03    4.5625000000e-01
       290   -1.7190784894e+01    2.9574838628e+02   -3.4185665392e+01    1.6994880498e+01   -6.1304443989e+01    2.5375402459e+00    1.7600475105e+01    6.9807632464e+00    4.0000000000e+01    3.7697500000e-03    4.5687500000e-01
       291   -1.7136686299e+01    2.9379901062e+02   -2.9772480182e+01    1.2635793883e+01   -5.5153578465e+01    2.5400891852e+00    1.5860245852e+01    6.9807632464e+00    4.0000000000e+01    3.9763330000e-03    4.9187500000e-01
       292   -1.7260397018e+01    2.9804047831e+02   -3.0660296570e+01    1.3399899552e+01   -5.7592954985e+01    1.5823064767e+00    1.8369588692e+01    6.9807632464e+00    4.0000000000e+01    3.9878340000e-03    4.7187500000e-01
       293   -1.7272549822e+01    2.9852011014e+02   -3.4771066877e+01    1.7498517056e+01   -6.0477014120e+01    7.1404866865e-01    1.8011135327e+01    6.9807632464e+00    4.0000000000e+01    3.8599590000e-03    4.5187500000e-01
       294   -1.7395189693e+01    3.0281649478e+02   -3.1666747231e+01    1.4271557537e+01   -5.8714955003e+01    2.9921119322e+00    1.7075332594e+01    6.9807632464e+00    4.0000000000e+01    3.8600830000e-03    4.6562500000e-01
       295   -1.7266893109e+01    2.9820470136e+02   -3.2407816873e+01    1.5140923765e+01   -5.8030990878e+01    1.9058450847e+00    1.6736565674e+01    6.9807632464e+00    4.0000000000e+01    4.0717080000e-03    4.7312500000e-01
       296   -1.7230735652e+01    2.9713494867e+02   -3.3415624028e+01    1.6184888376e+01   -6.0952220803e+01    2.2035734874e+00    1.8352260042e+01    6.9807632464e+00    4.0000000000e+01    3.9848750000e-03    4.5687500000e-01
       297   -1.7373325980e+01    3.0200800216e+02   -3.1995665187e+01    1.4622339206e+01   -5.8249309668e+01    9.4214401821e-01    1.8330737216e+01    6.9807632464e+00    4.0000000000e+01    4.0589580000e-03    4.7000000000e-01
       298   -1.7366289964e+01    3.0168586544e+02   -2.9093011365e+01    1.1726721401e+01   -5.5158785612e+01    1.9291640111e+00    1.7155846989e+01    6.9807632464e+00    4.0000000000e+01    4.0290000000e-03    4.9250000000e-01
       299   -1.7197645400e+01    2.9580873045e+02   -2.7726933234e+01    1.0529287833e+01   -5.3022156531e+01    1.9178715716e+00    1.6396588479e+01    6.9807632464e+00    4.0000000000e+01    4.0154580000e-03    4.7062500000e-01
       300   -1.7280022057e+01    2.9878021292e+02   -3.2413581269e+01    1.5133559212e+01   -5.8772715743e+01    1.9318156006e+00    1.7446555627e+01    6.9807632464e+00    4.0000000000e+01    3.9823750000e-03    4.5250000000e-01
       301   -1.7123949816e+01    2.9350391138e+02   -3.4013789633e+01    1.6889839816e+01   -5.9922646565e+01    1.3752279214e+00    1.7552865765e+01    6.9807632464e+00    4.0000000000e+01    4.0887090000e-03    4.7187500000e-01
       302   -1.7209949483e+01    2.9638239851e+02   -3.0652216753e+01    1.3442267270e+01   -5.9056874293e+01    2.5514806659e+00    1.8872413627e+01    6.9807632464e+00    4.0000000000e+01    4.0104590000e-03    4.7125000000e-01
       303   -1.7329433060e+01    3.0046976642e+02   -3.2802575728e+01    1.5473142668e+01   -5.8988414207e+01    2.1426774411e+00    1.7062397791e+01    6.9807632464e+00    4.0000000000e+01    3.8629580000e-03    4.6500000000e-01
       304   -1.7232311042e+01    2.9720418527e+02   -2.6772356736e+01    9.5400456933e+00   -5.1540563624e+01    1.3682826424e+00    1.6419160999e+01    6.9807632464e+00    4.0000000000e+01    3.9844170000e-03    4.8250000000e-01
       305   -1.7119832514e+01    2.9347138733e+02   -3.1099353431e+01    1.3979520917e+01   -5.8302094339e+01    2.6748020189e+00    1.7547175643e+01    6.9807632464e+00    4.0000000000e+01    3.9185420000e-03    4.7000000000e-01
       306   -1.7362717231e+01    3.0159557054e+02   -3.1787476365e+01    1.4424759135e+01   -5.8209209848e+01    2.7752737585e+00    1.6665696478e+01    6.9807632464e+00    4.0000000000e+01    3.8182920000e-03    5.0250000000e-01
       307   -1.7183977054e+01    2.9555235593e+02   -3.1303170093e+01    1.4119193039e+01   -5.8626402110e+01    2.5296095029e+00    1.7812859268e+01    6.9807632464e+00    4.0000000000e+01    4.0396250000e-03    4.4875000000e-01
       308   -1.7326352202e+01    3.0047525317e+02   -3.0423034616e+01    1.3096682414e+01   -5.8114480123e+01    3.1968300007e+00    1.7513852260e+01    6.9807632464e+00    4.0000000000e+01    3.9751250000e-03    4.8687500000e-01
       309   -1.7225881060e+01    2.9682332346e+02   -3.0931218978e+01    1.3705337919e+01   -5.6605640001e+01    1.8558563836e+00    1.6837801393e+01    6.9807632464e+00    4.0000000000e+01    4.1458340000e-03    4.6000000000e-01
       310   -1.7292970514e+01    2.9912012081e+02   -3.0580497333e+01    1.3287526819e+01   -5.6703914511e+01    1.8728391564e+00    1.7269814775e+01    6.9807632464e+00    4.0000000000e+01    3.9451670000e-03    4.5500000000e-01
       311   -1.7164944100e+01    2.9479470667e+02   -2.9576153636e+01    1.2411209536e+01   -5.4657923864e+01    1.5603083923e+00    1.6540698589e+01    6.9807632464e+00    4.0000000000e+01    3.8416670000e-03    4.7000000000e-01
       312   -1.7212918195e+01    2.9646457970e+02   -3.0267141847e+01    1.3054223653e+01   -5.6466841584e+01    2.5549702589e+00    1.6663966231e+01    6.9807632464e+00    4.0000000000e+01    3.6609170000e-03    4.7312500000e-01
       313   -1.7393118689e+01    3.0296364393e+02   -3.1121864905e+01    1.3728746216e+01   -5.7663234676e+01    1.8380319161e+00    1.7722574608e+01    6.9807632464e+00    4.0000000000e+01    4.0222500000e-03    4.6812500000e-01
       314   -1.7231571042e+01    2.9704564530e+02   -3.1230202781e+01    1.3998631739e+01   -5.7621443484e+01    1.9452611128e+00    1.7465216344e+01    6.9807632464e+00    4.0000000000e+01    3.9723330000e-03    4.6312500000e-01
       315   -1.7245979237e+01    2.9759536388e+02   -3.1395301579e+01    1.4149322342e+01   -5.6482382974e+01    1.1799212164e+00    1.6926396932e+01    6.9807632464e+00    4.0000000000e+01    3.9736250000e-03    4.8562500000e-01
       316   -1.7169651074e+01    2.9496865063e+02   -3.1985542338e+01    1.4815891264e+01   -5.7391932129e+01    1.1529693625e+00    1.7272657182e+01    6.9807632464e+00    4.0000000000e+01    3.9892500000e-03    4.9000000000e-01
       317   -1.7237095836e+01    2.9729073071e+02   -2.9521247376e+01    1.2284151540e+01   -5.4642035719e+01    1.8813732294e+00    1.6258651867e+01    6.9807632464e+00    4.0000000000e+01    3.7927920000e-03    4.7812500000e-01
       318   -1.7238436749e+01    2.9729942849e+02   -2.9182430378e+01    1.1943993629e+01   -5.4133129008e+01    9.6235942978e-01    1.7007575953e+01    6.9807632464e+00    4.0000000000e+01    3.9479590000e-03    4.8750000000e-01
       319   -1.7321034262e+01    3.0015336852e+02   -3.0745291316e+01    1.3424257054e+01   -5.5777438254e+01    1.1128809279e+00    1.6938502764e+01    6.9807632464e+00    4.0000000000e+01    3.9863750000e-03    4.8937500000e-01
       320   -1.7217977672e+01    2.9652551086e+02   -2.9136416232e+01    1.1918438560e+01   -5.4359225389e+01    1.5578349689e+00    1.6684210942e+01    6.9807632464e+00    4.0000000000e+01    4.0238750000e-03    4.7250000000e-01
       321   -1.7380408716e+01    3.0221025241e+02   -3.1968096853e+01    1.4587688138e+01   -5.7686295898e+01    1.4307783319e+00    1.7306657466e+01    6.9807632464e+00    4.0000000000e+01    3.9780840000e-03    4.5000000000e-01
       322   -1.7331655703e+01    3.0056979349e+02   -3.4046014473e+01    1.6714358770e+01   -5.9605129612e+01    8.0566969147e-01    1.7772682201e+01    6.9807632464e+00    4.0000000000e+01    3.9478330000e-03    4.8687500000e-01
       323   -1.7198744098e+01    2.9591581608e+02   -3.3475734589e+01    1.6276990491e+01   -5.9818359896e+01    1.4021273669e+00    1.7959734693e+01    6.9807632464e+00    4.0000000000e+01    4.0225000000e-03    4.6500000000e-01
       324   -1.7312848385e+01    2.9988288697e+02   -3.1389682225e+01    1.4076833840e+01   -5.8713356140e+01    2.8659712823e+00    1.7476939386e+01    6.9807632464e+00    4.0000000000e+01    4.1877500000e-03    4.7812500000e-01
       325   -1.7185611490e+01    2.9558316101e+02   -2.9788479260e+01    1.2602867770e+01   -5.6402591154e+01    2.4445701208e+00    1.7188778527e+01    6.9807632464e+00    4.0000000000e+01    9.0452920000e-03    4.6250000000e-01
       326   -1.7344045541e+01    3.0092586336e+02   -3.2105640585e+01    1.4761595044e+01   -5.9162293389e+01    2.1892992361e+00    1.7886590322e+01    6.9807632464e+00    4.0000000000e+01    7.6069580000e-03    4.9000000000e-01
       327   -1.7168480328e+01    2.9490887754e+02   -2.9242869197e+01    1.2074388869e+01   -5.3591946396e+01    1.2827009701e+00    1.6085612983e+01    6.9807632464e+00    4.0000000000e+01    3.8622080000e-03    4.6937500000e-01
       328   -1.7202252098e+01    2.9620059625e+02   -2.9043588012e+01    1.1841335914e+01   -5.4801179628e+01    3.0836615781e+00    1.5693166792e+01    6.9807632464e+00    4.0000000000e+01    3.7787920000e-03    4.6500000000e-01
       329   -1.7277719487e+01    2.9880723183e+02   -3.1343793770e+01    1.4066074283e+01   -5.8557005872e+01    2.6514295896e+00    1.7581019266e+01    6.9807632464e+00    4.0000000000e+01    4.1102080000e-03    5.0875000000e-01
       330   -1.7292289782e+01    2.9926933764e+02   -3.1385389607e+01    1.4093099824e+01   -5.8828110332e+01    2.9407559018e+00    1.7521201577e+01    6.9807632464e+00    4.0000000000e+01    3.7390000000e-03    4.5750000000e-01
       331   -1.7386117082e+01    3.0243773715e+02   -3.0614026857e+01    1.3227909776e+01   -5.6272811997e+01    2.3408118378e+00    1.6337210055e+01    6.9807632464e+00    4.0000000000e+01    4.4046250000e-03    4.4250000000e-01
       332   -1.7292188900e+01    2.9918230311e+02   -3.0720635647e+01    1.3428446747e+01   -5.6459172659e+01    2.1878030859e+00    1.6569970680e+01    6.9807632464e+00    4.0000000000e+01    4.4452920000e-03    5.1000000000e-01
       333   -1.7287287389e+01    2.9926532654e+02   -3.1372688668e+01    1.4085401279e+01   -5.4845950208e+01    9.1967050108e-01    1.5572827792e+01    6.9807632464e+00    4.0000000000e+01    4.4272500000e-03    5.0062500000e-01
       334   -1.7399800122e+01    3.0290258824e+02   -2.9906341753e+01    1.2506541631e+01   -5.6316157229e+01    1.9564290562e+00    1.7472623174e+01    6.9807632464e+00    4.0000000000e+01    4.5346250000e-03    4.7437500000e-01
       335   -1.7160310753e+01    2.9462260225e+02   -2.8378452221e+01    1.1218141468e+01   -5.2546773124e+01    8.9225876067e-01    1.6295298896e+01    6.9807632464e+00    4.0000000000e+01    4.8636250000e-03    4.7312500000e-01
       336   -1.7233831423e+01    2.9717575362e+02   -3.0398717770e+01    1.3164886347e+01   -5.6775483317e+01    2.3098789561e+00    1.7086123344e+01    6.9807632464e+00    4.0000000000e+01    4.0878330000e-03    4.8062500000e-01
       337   -1.7310446820e+01    2.9971623013e+02   -2.7220709474e+01    9.9102626537e+00   -5.2888007669e+01    2.3622661200e+00    1.6324268829e+01    6.9807632464e+00    4.0000000000e+01    3.9981670000e-03    4.8750000000e-01
       338   -1.7251574643e+01    2.9774347834e+02   -2.9999683296e+01    1.2748108653e+01   -5.7529156742e+01    2.8135942138e+00    1.7735115986e+01    6.9807632464e+00    4.0000000000e+01    4.1877500000e-03    4.8250000000e-01
       339   -1.7237319131e+01    2.9741799846e+02   -3.1501336901e+01    1.4264017770e+01   -5.8465724487e+01    2.6814373549e+00    1.7302186985e+01    6.9807632464e+00    4.0000000000e+01    3.9480000000e-03    4.6875000000e-01
       340   -1.7331439038e+01    3.0058052369e+02   -3.4627620586e+01    1.7296181548e+01   -6.1146589095e+01    1.9914250774e+00    1.7546780185e+01    6.9807632464e+00    4.0000000000e+01    3.8655410000e-03    4.5812500000e-01
       341   -1.7222393439e+01    2.9676195402e+02   -2.9551600140e+01    1.2329206701e+01   -5.4372779252e+01    1.6940320862e+00    1.6146383779e+01    6.9807632464e+00    4.0000000000e+01    3.9149170000e-03    4.9812500000e-01
       342   -1.7193625735e+01    2.9582747320e+02   -2.9615986136e+01    1.2422360401e+01   -5.4431586516e+01    1.5973541258e+00    1.6237483009e+01    6.9807632464e+00    4.0000000000e+01    3.7140410000e-03    4.6125000000e-01
       343   -1.7422971655e+01    3.0382532746e+02   -2.9312015908e+01    1.1889044253e+01   -5.4725060846e+01    2.3070549251e+00    1.6125226766e+01    6.9807632464e+00    4.0000000000e+01    3.9535410000e-03    4.8250000000e-01
       344   -1.7131974552e+01    2.9369309749e+02   -3.2522962831e+01    1.5390988280e+01   -5.8222394580e+01    2.0844473529e+00    1.6634221149e+01    6.9807632464e+00    4.0000000000e+01    3.9202500000e-03    4.6937500000e-01
       345   -1.7231099824e+01    2.9700743096e+02   -3.0505104158e+01    1.3274004334e+01   -5.5904283069e+01    2.1191344746e+00    1.6299281190e+01    6.9807632464e+00    4.0000000000e+01    3.8271250000e-03    4.7500000000e-01
       346   -1.7216784213e+01    2.9664007225e+02   -3.0660387900e+01    1.3443603687e+01   -5.6158288259e+01    1.3292123374e+00    1.7187924775e+01    6.9807632464e+00    4.0000000000e+01    3.9626670000e-03    4.9000000000e-01
       347   -1.7231351886e+01    2.9717059876e+02   -3.1677144102e+01    1.4445792215e+01   -5.7794325512e+01    1.9640801249e+00    1.7172338039e+01    6.9807632464e+00    4.0000000000e+01    4.1614160000e-03    4.7937500000e-01
       348   -1.7189604750e+01    2.9558479795e+02   -3.0953615471e+01    1.3764010721e+01   -5.7521233883e+01    2.6979367472e+00    1.6888918418e+01    6.9807632464e+00    4.0000000000e+01    3.8302920000e-03    4.5750000000e-01
       349   -1.7279973366e+01    2.9873899886e+02   -3.3127734162e+01    1.5847760796e+01   -5.9503946772e+01    1.6054469380e+00    1.7790002425e+01    6.9807632464e+00    4.0000000000e+01    4.0299590000e-03    4.5937500000e-01
       350   -1.7597060622e+01    3.1054688842e+02   -3.0591244475e+01    1.2994183853e+01   -5.6391158998e+01    1.7961363186e+00    1.7023014958e+01    6.9807632464e+00    4.0000000000e+01    4.5926670000e-03    4.8937500000e-01
       351   -1.7299362610e+01    2.9941373409e+02   -2.9538483465e+01    1.2239120854e+01   -5.5719199569e+01    2.7230211380e+00    1.6476931720e+01    6.9807632464e+00    4.0000000000e+01    4.1262080000e-03    4.8812500000e-01
       352   -1.7239038874e+01    2.9735929997e+02   -2.8812506877e+01    1.1573468003e+01   -5.3845477676e+01    1.4948963186e+00    1.6557311234e+01    6.9807632464e+00    4.0000000000e+01    3.8846250000e-03    4.8125000000e-01
       353   -1.7253916863e+01    2.9783629077e+02   -3.4394148797e+01    1.7140231934e+01   -6.1751694556e+01    1.9772010847e+00    1.8399581428e+01    6.9807632464e+00    4.0000000000e+01    4.0482500000e-03    4.6562500000e-01
       354   -1.7322586143e+01    3.0021754069e+02   -3.1259538581e+01    1.3936952438e+01   -5.8063508536e+01    2.0837539751e+00    1.7739452733e+01    6.9807632464e+00    4.0000000000e+01    4.0945000000e-03    4.6000000000e-01
       355   -1.7266578541e+01    2.9829646239e+02   -3.0565255107e+01    1.3298676566e+01   -5.5984841248e+01    1.1846043260e+00    1.7254218568e+01    6.9807632464e+00    4.0000000000e+01    3.7337500000e-03    4.5625000000e-01
       356   -1.7351763680e+01    3.0137126878e+02   -3.1163917183e+01    1.3812153503e+01   -5.8314055316e+01    2.6762631691e+00    1.7493111718e+01    6.9807632464e+00    4.0000000000e+01    4.0763340000e-03    4.6125000000e-01
       357   -1.7210994382e+01    2.9633755949e+02   -2.9569728709e+01    1.2358734327e+01   -5.3950748236e+01    9.2000099985e-01    1.6480255280e+01    6.9807632464e+00    4.0000000000e+01    3.8534580000e-03    4.6687500000e-01
       358   -1.7292556163e+01    2.9913134461e+02   -2.8906223397e+01    1.1613667234e+01   -5.3128347321e+01    7.9221221868e-01    1.6449148458e+01    6.9807632464e+00    4.0000000000e+01    3.9321670000e-03    4.6812500000e-01
       359   -1.7263007856e+01    2.9821157989e+02   -3.1018077717e+01    1.3755069862e+01   -5.5282330726e+01    8.8733985379e-01    1.6396149909e+01    6.9807632464e+00    4.0000000000e+01    3.9427920000e-03    4.8625000000e-01
       360   -1.7276124908e+01    2.9858004270e+02   -2.9923456988e+01    1.2647332080e+01   -5.6358182177e+01    2.4975069254e+00    1.6956455018e+01    6.9807632464e+00    4.0000000000e+01    3.9552910000e-03    4.9437500000e-01
       361   -1.7175131857e+01    2.9572506031e+02   -3.1094506519e+01    1.3919374662e+01   -5.6004139969e+01    5.6191437816e-01    1.7366955825e+01    6.9807632464e+00    4.0000000000e+01    3.8781250000e-03    4.8750000000e-01
       362   -1.7349399539e+01    3.0161887708e+02   -3.0870223584e+01    1.3520824045e+01   -5.4915381189e+01   -7.0179420533e-02    1.7134573778e+01    6.9807632464e+00    4.0000000000e+01    3.8802920000e-03    4.6000000000e-01
       363   -1.7185256404e+01    2.9545168861e+02   -3.0679772921e+01    1.3494516517e+01   -5.6702490313e+01    1.8352124748e+00    1.7206741671e+01    6.9807632464e+00    4.0000000000e+01    3.9655410000e-03    4.7687500000e-01
       364   -1.7320779663e+01    3.0020593133e+02   -2.9562285657e+01    1.2241505994e+01   -5.3847726706e+01    6.6440010083e-01    1.6640277703e+01    6.9807632464e+00    4.0000000000e+01    3.9847920000e-03    4.7000000000e-01
       365   -1.7235206270e+01    2.9727346259e+02   -3.1556365181e+01    1.4321158910e+01   -5.6815716380e+01    1.2437802286e+00    1.7034807724e+01    6.9807632464e+00    4.0000000000e+01    3.9400830000e-03    4.8187500000e-01
       366   -1.7194434137e+01    2.9586169333e+02   -2.9862577287e+01    1.2668143149e+01   -5.6651762843e+01    2.2902640027e+00    1.7518158307e+01    6.9807632464e+00    4.0000000000e+01    3.8992500000e-03    4.7750000000e-01
       367   -1.7237474470e+01    2.9728554978e+02   -3.0658179702e+01    1.3420705232e+01   -5.6742229037e+01    1.9418921214e+00    1.7161393967e+01    6.9807632464e+00    4.0000000000e+01    3.8675420000e-03    4.5812500000e-01
       368   -1.7227232649e+01    2.9689475420e+02   -3.2615173106e+01    1.5387940457e+01   -6.0288244704e+01    2.2844007135e+00    1.8407907638e+01    6.9807632464e+00    4.0000000000e+01    3.9161250000e-03    4.8000000000e-01
       369   -1.7278574107e+01    2.9874604461e+02   -3.0868500184e+01    1.3589926077e+01   -5.7944697019e+01    2.5045889861e+00    1.7590844602e+01    6.9807632464e+00    4.0000000000e+01    4.2046660000e-03    4.9625000000e-01
       370   -1.7264495799e+01    2.9824446773e+02   -3.0995595257e+01    1.3731099458e+01   -5.8800471823e+01    4.0165164550e+00    1.6807596864e+01    6.9807632464e+00    4.0000000000e+01    3.9252500000e-03    4.7437500000e-01
       371   -1.7148127029e+01    2.9421722502e+02   -3.0720601817e+01    1.3572474788e+01   -5.6010231087e+01    2.2999857412e+00    1.6008880283e+01    6.9807632464e+00    4.0000000000e+01    3.7644580000e-03    4.7437500000e-01
       372   -1.7212892349e+01    2.9650713283e+02   -3.1354663018e+01    1.4141770669e+01   -5.8046697734e+01    2.5765218204e+00    1.7134749649e+01    6.9807632464e+00    4.0000000000e+01    3.9438750000e-03    4.5750000000e-01
       373   -1.7286309586e+01    2.9894888977e+02   -2.9886614739e+01    1.2600305153e+01   -5.6123067869e+01    1.7657548943e+00    1.7489934989e+01    6.9807632464e+00    4.0000000000e+01    4.0760000000e-03    4.9187500000e-01
       374   -1.7266377914e+01    2.9838674999e+02   -3.2295211299e+01    1.5028833385e+01   -5.7104164249e+01    2.8352161082e-01    1.7544668092e+01    6.9807632464e+00    4.0000000000e+01    3.9363330000e-03    4.5937500000e-01
       375   -1.7244921949e+01    2.9750579929e+02   -2.9366403524e+01    1.2121481575e+01   -5.3811925450e+01    1.5405675138e+00    1.5924191165e+01    6.9807632464e+00    4.0000000000e+01    3.9249590000e-03    4.9187500000e-01
       376   -1.7340403029e+01    3.0108599726e+02   -3.1842215775e+01    1.4501812745e+01   -5.9536628103e+01    2.8887234578e+00    1.7824925625e+01    6.9807632464e+00    4.0000000000e+01    3.8019590000e-03    4.5812500000e-01
       377   -1.7212213480e+01    2.9639580412e+02   -3.1202657178e+01    1.3990443698e+01   -5.6436658848e+01    9.5507365553e-01    1.7298164768e+01    6.9807632464e+00    4.0000000000e+01    3.9532500000e-03    4.8312500000e-01
       378   -1.7228809176e+01    2.9692878692e+02   -3.0652574182e+01    1.3423765006e+01   -5.5907910783e+01    1.9536864092e+00    1.6320886946e+01    6.9807632464e+00    4.0000000000e+01    3.6393340000e-03    4.7687500000e-01
       379   -1.7361515684e+01    3.0161352139e+02   -2.9994600672e+01    1.2633084988e+01   -5.4364560389e+01    1.1649818470e+00    1.6224214624e+01    6.9807632464e+00    4.0000000000e+01    3.8898750000e-03    4.8437500000e-01
       380   -1.7246192437e+01    2.9754416939e+02   -2.9842759306e+01    1.2596566869e+01   -5.5559366190e+01    2.2516360273e+00    1.6484207611e+01    6.9807632464e+00    4.0000000000e+01    3.9517500000e-03    4.8312500000e-01
       381   -1.7172878201e+01    2.9502589289e+02   -2.9235992372e+01    1.2063114172e+01   -5.6203469583e+01    3.7284599636e+00    1.6258254001e+01    6.9807632464e+00    4.0000000000e+01    3.8613750000e-03    4.8312500000e-01
       382   -1.7074717546e+01    2.9166215593e+02   -2.8368663211e+01    1.1293945665e+01   -5.2974946059e+01    1.1896727010e+00    1.6435846901e+01    6.9807632464e+00    4.0000000000e+01    3.8539170000e-03    4.9500000000e-01
       383   -1.7279509404e+01    2.9897070806e+02   -2.9134498680e+01    1.1854989275e+01   -5.4581446047e+01    2.1480061263e+00    1.6318177995e+01    6.9807632464e+00    4.0000000000e+01    3.9224590000e-03    4.8250000000e-01
       384   -1.7268419005e+01    2.9834624603e+02   -3.0682644319e+01    1.3414225314e+01   -5.8070271864e+01    1.7229565580e+00    1.8683907740e+01    6.9807632464e+00    4.0000000000e+01    3.9502090000e-03    4.5437500000e-01
       385   -1.7208720052e+01    2.9628087659e+02   -3.0150712324e+01    1.2941992272e+01   -5.6632490021e+01    2.3539594173e+00    1.7147055033e+01    6.9807632464e+00    4.0000000000e+01    4.1467090000e-03    4.9062500000e-01
       386   -1.7274768755e+01    2.9851745964e+02   -2.9140459506e+01    1.1865690751e+01   -5.3837726127e+01    1.5359421090e+00    1.6180561265e+01    6.9807632464e+00    4.0000000000e+01    3.9142500000e-03    4.7312500000e-01
       387   -1.7111945146e+01    2.9302637827e+02   -2.9452937780e+01    1.2340992634e+01   -5.7300805935e+01    2.9470512336e+00    1.7920053675e+01    6.9807632464e+00    4.0000000000e+01    4.0922500000e-03    4.9500000000e-01
       388   -1.7232783777e+01    2.9710595456e+02   -2.9708052289e+01    1.2475268512e+01   -5.5184083817e+01    1.7033034688e+00    1.6791964813e+01    6.9807632464e+00    4.0000000000e+01    3.8750830000e-03    4.6312500000e-01
       389   -1.7332457222e+01    3.0055046164e+02   -3.2041233048e+01    1.4708775826e+01   -5.7510513969e+01    2.1002704631e+00    1.6388247211e+01    6.9807632464e+00    4.0000000000e+01    3.8593750000e-03    4.7375000000e-01
       390   -1.7227127993e+01    2.9696239945e+02   -3.0765214624e+01    1.3538086631e+01   -5.6587412034e+01    1.7581292263e+00    1.7083304937e+01    6.9807632464e+00    4.0000000000e+01    3.9730420000e-03    4.8687500000e-01
       391   -1.7289394441e+01    2.9910795304e+02   -2.9135012358e+01    1.1845617917e+01   -5.4866539343e+01    2.7322327215e+00    1.6018531017e+01    6.9807632464e+00    4.0000000000e+01    3.6626670000e-03    4.6312500000e-01
       392   -1.7235486193e+01    2.9723887484e+02   -3.2541730814e+01    1.5306244621e+01   -5.8603996522e+01    1.9864476572e+00    1.7095054804e+01    6.9807632464e+00    4.0000000000e+01    3.8623330000e-03    4.7437500000e-01
       393   -1.7220036278e+01    2.9666804134e+02   -2.9618722174e+01    1.2398685895e+01   -5.5506370888e+01    1.6563525147e+00    1.7250532953e+01    6.9807632464e+00    4.0000000000e+01    3.9635830000e-03    4.7750000000e-01
       394   -1.7189184117e+01    2.9553692441e+02   -3.2488479803e+01    1.5299295685e+01   -5.8118774504e+01    2.1129747811e+00    1.6536556674e+01    6.9807632464e+00    4.0000000000e+01    3.8030830000e-03    4.4375000000e-01
       395   -1.7256643107e+01    2.9788744021e+02   -2.8725593876e+01    1.1468950769e+01   -5.4256777568e+01    1.5392448142e+00    1.7011175631e+01    6.9807632464e+00    4.0000000000e+01    3.8986670000e-03    4.7750000000e-01
       396   -1.7175453873e+01    2.9512038529e+02   -2.9256809104e+01    1.2081355232e+01   -5.4336531992e+01    2.0888884815e+00    1.6010071160e+01    6.9807632464e+00    4.0000000000e+01    3.8059160000e-03    4.9250000000e-01
       397   -1.7161528254e+01    2.9467389202e+02   -3.5548330547e+01    1.8386802293e+01   -6.2447903932e+01    2.3181665097e+00    1.7600643629e+01    6.9807632464e+00    4.0000000000e+01    3.8954590000e-03    4.7750000000e-01
       398   -1.7204255428e+01    2.9616078418e+02   -3.1188281336e+01    1.3984025908e+01   -5.7315496110e+01    1.6745997895e+00    1.7471851738e+01    6.9807632464e+00    4.0000000000e+01    4.1400000000e-03    4.8750000000e-01
       399   -1.7237372219e+01    2.9730555022e+02   -2.9271607785e+01    1.2034235566e+01   -5.4254402645e+01    1.4423736366e+00    1.6559657977e+01    6.9807632464e+00    4.0000000000e+01    3.8923330000e-03    4.8687500000e-01
