#   index    LocalEnergy         LocalEnergy_sq      LocalPotential      Kinetic             LocalECP            NonLocalECP         ElecElec            IonIon              BlockWeight         BlockCPU            AcceptRatio         
         0   -1.7151471059e+01    2.9426766680e+02   -2.7787129458e+01    1.0635658399e+01   -5.1385109467e+01    1.3975341264e+00    1.5219682636e+01    6.9807632464e+00    1.2800173919e+03    7.2852500000e-02    9.9755859375e-01
         1   -1.7192743211e+01    2.9568061410e+02   -2.8435313109e+01    1.1242569899e+01   -5.2040530895e+01    1.1259982137e+00    1.5498456326e+01    6.9807632464e+00    1.2799966800e+03    6.9684208000e-02    9.9804687500e-01
         2   -1.7251673709e+01    2.9777683133e+02   -2.8854046441e+01    1.1602372732e+01   -5.2468738199e+01    9.3876150929e-01    1.5695167003e+01    6.9807632464e+00    1.2810289547e+03    6.5328583000e-02    9.9853744150e-01
         3   -1.7292905267e+01    2.9924039499e+02   -2.9177295915e+01    1.1884390648e+01   -5.3457141618e+01    1.4158826611e+00    1.5883199796e+01    6.9807632464e+00    1.2779652872e+03    6.7971833000e-02    9.9686520376e-01
         4   -1.7263490067e+01    2.9825526405e+02   -2.9327129565e+01    1.2063639497e+01   -5.3458837210e+01    1.2212953167e+00    1.5929649082e+01    6.9807632464e+00    1.2829800402e+03    6.3968417000e-02    9.9747278383e-01
         5   -1.7239043147e+01    2.9739833771e+02   -2.9248809472e+01    1.2009766325e+01   -5.3932268248e+01    1.5415610131e+00    1.6161134517e+01    6.9807632464e+00    1.2780023032e+03    6.3820792000e-02    9.9794440094e-01
         6   -1.7252985315e+01    2.9791843632e+02   -2.9214704635e+01    1.1961719320e+01   -5.4036881448e+01    1.5960169757e+00    1.6245396591e+01    6.9807632464e+00    1.2799675018e+03    6.4229125000e-02    9.9735915493e-01
         7   -1.7212916428e+01    2.9647287486e+02   -3.0371794538e+01    1.3158878110e+01   -5.4445236106e+01    9.5726490635e-01    1.6135413415e+01    6.9807632464e+00    1.2809945162e+03    6.3945458000e-02    9.9678487919e-01
         8   -1.7255538263e+01    2.9807532110e+02   -3.1362561407e+01    1.4107023144e+01   -5.5597974738e+01    9.0005722308e-01    1.6354592862e+01    6.9807632464e+00    1.2780037548e+03    6.6524375000e-02    9.9755285826e-01
         9   -1.7263336217e+01    2.9824900621e+02   -3.1178227332e+01    1.3914891115e+01   -5.5515091639e+01    9.2799592118e-01    1.6428105140e+01    6.9807632464e+00    1.2779624559e+03    7.1394375000e-02    9.9647058824e-01
        10   -1.7291421353e+01    2.9915772892e+02   -3.0191742889e+01    1.2900321536e+01   -5.5492604665e+01    1.9933556447e+00    1.6326742884e+01    6.9807632464e+00    1.2822903986e+03    6.9929042000e-02    9.9775741030e-01
        11   -1.7298881206e+01    2.9944369901e+02   -3.0025141343e+01    1.2726260136e+01   -5.4607246767e+01    1.3198504186e+00    1.6281491760e+01    6.9807632464e+00    1.2889789429e+03    6.4813667000e-02    9.9747866563e-01
        12   -1.7227217894e+01    2.9695436363e+02   -3.0248632553e+01    1.3021414658e+01   -5.5366968237e+01    1.8790713662e+00    1.6258501072e+01    6.9807632464e+00    1.2945923709e+03    6.7497417000e-02    9.9777992278e-01
        13   -1.7252144986e+01    2.9778032590e+02   -3.0659721377e+01    1.3407576391e+01   -5.6231228980e+01    2.2415493081e+00    1.6349195048e+01    6.9807632464e+00    1.3047417638e+03    6.6407416000e-02    9.9760536398e-01
        14   -1.7282975986e+01    2.9894157692e+02   -3.0749127558e+01    1.3466151572e+01   -5.6544995467e+01    2.3409335856e+00    1.6474171077e+01    6.9807632464e+00    1.2970056196e+03    6.5535250000e-02    9.9662683115e-01
        15   -1.7255925950e+01    2.9802696655e+02   -3.0936986524e+01    1.3681060574e+01   -5.7433747962e+01    2.8288056627e+00    1.6687192529e+01    6.9807632464e+00    1.2898923807e+03    6.4454333000e-02    9.9806201550e-01
        16   -1.7258367090e+01    2.9805532712e+02   -3.0157311985e+01    1.2898944895e+01   -5.5987563815e+01    2.0733461048e+00    1.6776142479e+01    6.9807632464e+00    1.2898483072e+03    6.4146167000e-02    9.9680232558e-01
        17   -1.7339871177e+01    3.0104575833e+02   -3.0301094298e+01    1.2961223122e+01   -5.5304408876e+01    1.4469562613e+00    1.6575595070e+01    6.9807632464e+00    1.2993379862e+03    6.4415833000e-02    9.9797921478e-01
        18   -1.7295865938e+01    2.9934129945e+02   -3.0004777982e+01    1.2708912044e+01   -5.4872919140e+01    1.4077141626e+00    1.6479663750e+01    6.9807632464e+00    1.2950650993e+03    6.4235834000e-02    9.9826254826e-01
        19   -1.7279394967e+01    2.9879590059e+02   -3.0342571150e+01    1.3063176183e+01   -5.5387349324e+01    1.5142226623e+00    1.6549792265e+01    6.9807632464e+00    1.3068661377e+03    6.6675041000e-02    9.9799158378e-01
        20   -1.7290115612e+01    2.9914321845e+02   -3.0507386706e+01    1.3217271093e+01   -5.5582843582e+01    1.4369678562e+00    1.6657725774e+01    6.9807632464e+00    1.2949915667e+03    6.5248083000e-02    9.9710424710e-01
        21   -1.7310606534e+01    2.9982297583e+02   -3.0616231977e+01    1.3305625443e+01   -5.6310900909e+01    2.1088476313e+00    1.6605058054e+01    6.9807632464e+00    1.2941169104e+03    6.6047125000e-02    9.9777820711e-01
        22   -1.7272363990e+01    2.9857512101e+02   -3.0685014978e+01    1.3412650988e+01   -5.6577042307e+01    2.1902360721e+00    1.6721028011e+01    6.9807632464e+00    1.3018671331e+03    7.0223584000e-02    9.9702380952e-01
        23   -1.7219962315e+01    2.9669179989e+02   -3.1338684773e+01    1.4118722459e+01   -5.6635802344e+01    1.4597118361e+00    1.6856642488e+01    6.9807632464e+00    1.2995180112e+03    6.5737333000e-02    9.9740384615e-01
        24   -1.7211885577e+01    2.9647813802e+02   -3.1110174880e+01    1.3898289303e+01   -5.6963637586e+01    1.8258441867e+00    1.7046855273e+01    6.9807632464e+00    1.2985192352e+03    6.6333167000e-02    9.9682448037e-01
        25   -1.7224950942e+01    2.9684474959e+02   -3.1072960903e+01    1.3848009961e+01   -5.7213819581e+01    1.9451009648e+00    1.7214994467e+01    6.9807632464e+00    1.2995821277e+03    6.5919500000e-02    9.9673076923e-01
        26   -1.7250350320e+01    2.9781410049e+02   -3.1353492351e+01    1.4103142032e+01   -5.7122916706e+01    1.7414922299e+00    1.7047168878e+01    6.9807632464e+00    1.2927856163e+03    6.6884291000e-02    9.9690641918e-01
        27   -1.7295006088e+01    2.9934059971e+02   -3.1733379232e+01    1.4438373144e+01   -5.7814861573e+01    1.8643276611e+00    1.7236391434e+01    6.9807632464e+00    1.2801582209e+03    6.5140417000e-02    9.9726562500e-01
        28   -1.7269128549e+01    2.9843756175e+02   -3.1432233714e+01    1.4163105165e+01   -5.7427446524e+01    1.7868245612e+00    1.7227625002e+01    6.9807632464e+00    1.2799923793e+03    6.5583250000e-02    9.9814453125e-01
        29   -1.7283516950e+01    2.9893163394e+02   -3.1861951929e+01    1.4578434978e+01   -5.8207006377e+01    2.1549685785e+00    1.7209322623e+01    6.9807632464e+00    1.2850725087e+03    6.7485792000e-02    9.9688715953e-01
        30   -1.7272562219e+01    2.9863322324e+02   -3.1578925535e+01    1.4306363316e+01   -5.8242612121e+01    2.4805407901e+00    1.7202382549e+01    6.9807632464e+00    1.2969342538e+03    6.8054541000e-02    9.9730146492e-01
        31   -1.7254143011e+01    2.9816829628e+02   -3.1602387255e+01    1.4348244243e+01   -5.8486311861e+01    2.6062882568e+00    1.7296873103e+01    6.9807632464e+00    1.2997679378e+03    7.1041167000e-02    9.9836538462e-01
        32   -1.7306832074e+01    2.9982033780e+02   -3.1906680676e+01    1.4599848603e+01   -5.8393693758e+01    2.0661352722e+00    1.7440114563e+01    6.9807632464e+00    1.3011449773e+03    6.8448334000e-02    9.9740584166e-01
        33   -1.7313696949e+01    3.0002141358e+02   -3.2025082493e+01    1.4711385543e+01   -5.7859394246e+01    1.5741636281e+00    1.7279384879e+01    6.9807632464e+00    1.3141002245e+03    6.8768916000e-02    9.9743150685e-01
        34   -1.7312529483e+01    2.9993299370e+02   -3.1700412246e+01    1.4387882763e+01   -5.7335055187e+01    1.5623055284e+00    1.7091574167e+01    6.9807632464e+00    1.3021516751e+03    6.9016416000e-02    9.9731182796e-01
        35   -1.7307051509e+01    2.9980338868e+02   -3.1210536147e+01    1.3903484638e+01   -5.6590966887e+01    1.4952175582e+00    1.6904449935e+01    6.9807632464e+00    1.3190180876e+03    6.8229125000e-02    9.9763078089e-01
        36   -1.7287247596e+01    2.9907598268e+02   -3.0616936964e+01    1.3329689368e+01   -5.5651195761e+01    1.2042176405e+00    1.6849277909e+01    6.9807632464e+00    1.3178790650e+03    6.6027458000e-02    9.9677541730e-01
        37   -1.7286330444e+01    2.9897295517e+02   -3.0015984794e+01    1.2729654351e+01   -5.4764586834e+01    1.1775935678e+00    1.6590245226e+01    6.9807632464e+00    1.3099195250e+03    6.5364417000e-02    9.9742366412e-01
        38   -1.7228785062e+01    2.9698386137e+02   -2.9893629200e+01    1.2664844137e+01   -5.4715784636e+01    1.3678886206e+00    1.6473503569e+01    6.9807632464e+00    1.2976055773e+03    6.5229625000e-02    9.9759244992e-01
        39   -1.7225875851e+01    2.9694267679e+02   -3.0580429911e+01    1.3354554060e+01   -5.5318034323e+01    1.3183483312e+00    1.6438492834e+01    6.9807632464e+00    1.2906369818e+03    6.5195875000e-02    9.9748257165e-01
        40   -1.7239035641e+01    2.9733339407e+02   -2.9888616919e+01    1.2649581278e+01   -5.5198320844e+01    2.0256287019e+00    1.6303311977e+01    6.9807632464e+00    1.2897298374e+03    6.5735334000e-02    9.9806201550e-01
        41   -1.7287579281e+01    2.9903811526e+02   -3.0069291177e+01    1.2781711897e+01   -5.5726624753e+01    2.2256094415e+00    1.6450960888e+01    6.9807632464e+00    1.2910213646e+03    6.2846458000e-02    9.9786986832e-01
        42   -1.7276326801e+01    2.9866840635e+02   -2.9703769909e+01    1.2427443108e+01   -5.5171395353e+01    2.1152518252e+00    1.6371610373e+01    6.9807632464e+00    1.2979609042e+03    6.3593208000e-02    9.9682203390e-01
        43   -1.7258482286e+01    2.9797906202e+02   -3.0566392124e+01    1.3307909839e+01   -5.5772450442e+01    1.7517001416e+00    1.6473594930e+01    6.9807632464e+00    1.2998014320e+03    6.5620875000e-02    9.9721153846e-01
        44   -1.7302095125e+01    2.9951954964e+02   -3.0697950513e+01    1.3395855388e+01   -5.6282440267e+01    1.9921668955e+00    1.6611559612e+01    6.9807632464e+00    1.3000716064e+03    6.4464000000e-02    9.9750000000e-01
        45   -1.7296022882e+01    2.9949497923e+02   -3.1518101848e+01    1.4222078966e+01   -5.6772987213e+01    1.5374311051e+00    1.6736691014e+01    6.9807632464e+00    1.2990488427e+03    6.4541459000e-02    9.9807544265e-01
        46   -1.7274035609e+01    2.9865103466e+02   -3.1429958647e+01    1.4155923038e+01   -5.6519707199e+01    1.4305133689e+00    1.6678471937e+01    6.9807632464e+00    1.2829682294e+03    7.0736000000e-02    9.9697973500e-01
        47   -1.7270922790e+01    2.9862254286e+02   -3.1510342174e+01    1.4239419385e+01   -5.7714375500e+01    2.3710098183e+00    1.6852260261e+01    6.9807632464e+00    1.2849773012e+03    6.4989208000e-02    9.9747081712e-01
        48   -1.7198190542e+01    2.9606982336e+02   -3.0851657611e+01    1.3653467069e+01   -5.6661243771e+01    2.1403105961e+00    1.6688512318e+01    6.9807632464e+00    1.2646162503e+03    6.3653542000e-02    9.9644268775e-01
        49   -1.7209752625e+01    2.9640343920e+02   -3.1200341326e+01    1.3990588701e+01   -5.7024755769e+01    2.0920916694e+00    1.6751559527e+01    6.9807632464e+00    1.2597065780e+03    6.4994291000e-02    9.9632936508e-01
        50   -1.7220389053e+01    2.9670232594e+02   -3.1081735412e+01    1.3861346359e+01   -5.6763506600e+01    1.8579050504e+00    1.6843102892e+01    6.9807632464e+00    1.2657522306e+03    7.3719000000e-02    9.9763033175e-01
        51   -1.7237084923e+01    2.9728011907e+02   -3.1034316344e+01    1.3797231421e+01   -5.6397941368e+01    1.6718866979e+00    1.6710975079e+01    6.9807632464e+00    1.2818125551e+03    6.3752125000e-02    9.9697737910e-01
        52   -1.7251008150e+01    2.9777465828e+02   -3.0809552010e+01    1.3558543861e+01   -5.6456073961e+01    1.8715460428e+00    1.6794212661e+01    6.9807632464e+00    1.2738989087e+03    6.2942958000e-02    9.9784144427e-01
        53   -1.7287782651e+01    2.9917469630e+02   -3.1046578792e+01    1.3758796141e+01   -5.6639475799e+01    1.7258962810e+00    1.6886237480e+01    6.9807632464e+00    1.2800942472e+03    6.3603750000e-02    9.9716796875e-01
        54   -1.7261078706e+01    2.9818026065e+02   -3.1435196197e+01    1.4174117492e+01   -5.7756392129e+01    2.2037035678e+00    1.7136729118e+01    6.9807632464e+00    1.2899180303e+03    6.5132500000e-02    9.9796511628e-01
        55   -1.7328736909e+01    3.0052142506e+02   -3.0818080639e+01    1.3489343730e+01   -5.6852580689e+01    2.0376557789e+00    1.7016081024e+01    6.9807632464e+00    1.2893341807e+03    6.5907791000e-02    9.9844840962e-01
        56   -1.7287244264e+01    2.9906101680e+02   -3.1070021996e+01    1.3782777732e+01   -5.6866269782e+01    2.0069244822e+00    1.6808560057e+01    6.9807632464e+00    1.2820951285e+03    6.5314834000e-02    9.9726989080e-01
        57   -1.7261799704e+01    2.9811297952e+02   -3.0891173164e+01    1.3629373461e+01   -5.6168383900e+01    1.6164597615e+00    1.6679987728e+01    6.9807632464e+00    1.2700111380e+03    6.3893791000e-02    9.9753937008e-01
        58   -1.7285533153e+01    2.9892546355e+02   -3.0498702609e+01    1.3213169456e+01   -5.5378924532e+01    1.1932250356e+00    1.6706233641e+01    6.9807632464e+00    1.2820926828e+03    6.8939833000e-02    9.9882995320e-01
        59   -1.7308364092e+01    2.9971969886e+02   -3.0352127311e+01    1.3043763219e+01   -5.6037731419e+01    1.8039920705e+00    1.6900848791e+01    6.9807632464e+00    1.2812214804e+03    6.4810001000e-02    9.9775565964e-01
        60   -1.7303557809e+01    2.9987325558e+02   -3.1463751640e+01    1.4160193831e+01   -5.6579353467e+01    1.2657509566e+00    1.6869087623e+01    6.9807632464e+00    1.2911819050e+03    6.4226875000e-02    9.9593338497e-01
        61   -1.7334835330e+01    3.0098466869e+02   -3.1770431004e+01    1.4435595673e+01   -5.7080577625e+01    1.4935307209e+00    1.6835852654e+01    6.9807632464e+00    1.2803618284e+03    6.3716666000e-02    9.9736328125e-01
        62   -1.7302968092e+01    3.0165554964e+02   -3.0820459041e+01    1.3517490949e+01   -5.7111438364e+01    2.3314036723e+00    1.6978812405e+01    6.9807632464e+00    1.2699194417e+03    6.3662541000e-02    9.9675196850e-01
        63   -1.7213192144e+01    2.9650716771e+02   -3.1209429910e+01    1.3996237765e+01   -5.7541980920e+01    2.1942503567e+00    1.7157537407e+01    6.9807632464e+00    1.2726550667e+03    6.4177375000e-02    9.9705420267e-01
        64   -1.7250267272e+01    2.9785079637e+02   -3.1938607887e+01    1.4688340615e+01   -5.7680523376e+01    1.6177881630e+00    1.7143364079e+01    6.9807632464e+00    1.2788766722e+03    6.5003750000e-02    9.9569976544e-01
        65   -1.7227848369e+01    2.9711094115e+02   -3.0708561250e+01    1.3480712882e+01   -5.7237108309e+01    2.3367508502e+00    1.7211032963e+01    6.9807632464e+00    1.2617989408e+03    6.3361709000e-02    9.9712757528e-01
        66   -1.7308265405e+01    2.9999009629e+02   -3.0996746950e+01    1.3688481544e+01   -5.7490255061e+01    2.1918025456e+00    1.7320942320e+01    6.9807632464e+00    1.2662852982e+03    6.3401666000e-02    9.9684044234e-01
        67   -1.7270825101e+01    2.9848705314e+02   -3.1159053461e+01    1.3888228360e+01   -5.7400925797e+01    2.1157532721e+00    1.7145355818e+01    6.9807632464e+00    1.2630940880e+03    6.7872958000e-02    9.9762470309e-01
        68   -1.7313470823e+01    2.9998137163e+02   -3.1665217252e+01    1.4351746429e+01   -5.7935239502e+01    2.0228855535e+00    1.7266373450e+01    6.9807632464e+00    1.2702962058e+03    6.4952375000e-02    9.9724409449e-01
        69   -1.7285098488e+01    2.9895401823e+02   -3.1434656751e+01    1.4149558263e+01   -5.7728513277e+01    2.1243851567e+00    1.7188708123e+01    6.9807632464e+00    1.2601728883e+03    6.3749875000e-02    9.9603174603e-01
        70   -1.7271680527e+01    2.9851548712e+02   -3.1583100387e+01    1.4311419859e+01   -5.7890561702e+01    2.2931075688e+00    1.7033590500e+01    6.9807632464e+00    1.2740309236e+03    6.3680250000e-02    9.9617346939e-01
        71   -1.7301957922e+01    2.9966108790e+02   -3.1243788655e+01    1.3941830733e+01   -5.6973214082e+01    1.7412484004e+00    1.7007413780e+01    6.9807632464e+00    1.2821738437e+03    6.4398500000e-02    9.9746489860e-01
        72   -1.7313911776e+01    3.0010961349e+02   -3.0620033919e+01    1.3306122142e+01   -5.5999950218e+01    1.3826660703e+00    1.7016486983e+01    6.9807632464e+00    1.2812485734e+03    6.4376625000e-02    9.9677985948e-01
        73   -1.7243205959e+01    2.9757977444e+02   -3.0695328366e+01    1.3452122407e+01   -5.5830481436e+01    1.3824673595e+00    1.6771922463e+01    6.9807632464e+00    1.2718552764e+03    6.3105292000e-02    9.9734669811e-01
        74   -1.7279047542e+01    2.9882417314e+02   -3.1209175506e+01    1.3930127965e+01   -5.6008636914e+01    1.1516424497e+00    1.6667055712e+01    6.9807632464e+00    1.2601186332e+03    6.3275500000e-02    9.9781746032e-01
        75   -1.7298912331e+01    2.9952913832e+02   -3.0974803155e+01    1.3675890824e+01   -5.6604680552e+01    1.8523814013e+00    1.6796732749e+01    6.9807632464e+00    1.2672296447e+03    6.4109500000e-02    9.9792817680e-01
        76   -1.7275599485e+01    2.9864775410e+02   -3.0243611330e+01    1.2968011845e+01   -5.5826065531e+01    1.8385149979e+00    1.6763175957e+01    6.9807632464e+00    1.2800260155e+03    6.7583875000e-02    9.9804687500e-01
        77   -1.7303803952e+01    2.9967616188e+02   -3.1016475354e+01    1.3712671402e+01   -5.6733848286e+01    1.7505939154e+00    1.6986015770e+01    6.9807632464e+00    1.2741950128e+03    6.6165500000e-02    9.9754709576e-01
        78   -1.7231777422e+01    2.9838952392e+02   -3.2143636018e+01    1.4911858596e+01   -5.7403019652e+01    1.2289502844e+00    1.7049670103e+01    6.9807632464e+00    1.2767712316e+03    6.7915334000e-02    9.9696554424e-01
        79   -1.7230308009e+01    2.9713852681e+02   -3.1670112131e+01    1.4439804122e+01   -5.7685947535e+01    1.9110469434e+00    1.7124025214e+01    6.9807632464e+00    1.2558116396e+03    6.6246541000e-02    9.9771098726e-01
        80   -1.7185799434e+01    2.9557300028e+02   -3.1669201664e+01    1.4483402230e+01   -5.7799631400e+01    1.9920689397e+00    1.7157597550e+01    6.9807632464e+00    1.2426612429e+03    6.5631667000e-02    9.9748592116e-01
        81   -1.7249563861e+01    2.9775368284e+02   -3.1146922239e+01    1.3897358379e+01   -5.6861998198e+01    1.7914605736e+00    1.6942852139e+01    6.9807632464e+00    1.2221139851e+03    6.3195583000e-02    9.9754500818e-01
        82   -1.7314404477e+01    3.0008660612e+02   -3.0988545491e+01    1.3674141014e+01   -5.6695866216e+01    1.7508608721e+00    1.6975696606e+01    6.9807632464e+00    1.2175653163e+03    6.2092959000e-02    9.9630238291e-01
        83   -1.7199974733e+01    2.9597433557e+02   -3.1393143431e+01    1.4193168698e+01   -5.6440552412e+01    1.2597443291e+00    1.6806901406e+01    6.9807632464e+00    1.2069293956e+03    6.1929500000e-02    9.9710024855e-01
        84   -1.7196854627e+01    2.9587201623e+02   -3.0971293382e+01    1.3774438755e+01   -5.6038289371e+01    1.4498370587e+00    1.6636395683e+01    6.9807632464e+00    1.1919771931e+03    6.0545333000e-02    9.9695889262e-01
        85   -1.7242964070e+01    2.9762040016e+02   -3.0192120018e+01    1.2949155948e+01   -5.5818878446e+01    2.0594979952e+00    1.6586497186e+01    6.9807632464e+00    1.1992276829e+03    5.9735958000e-02    9.9791492911e-01
        86   -1.7266026342e+01    2.9835277858e+02   -3.0402468661e+01    1.3136442319e+01   -5.6201403857e+01    2.1497692628e+00    1.6668402687e+01    6.9807632464e+00    1.2052997316e+03    6.1506083000e-02    9.9688796680e-01
        87   -1.7300896341e+01    2.9968506809e+02   -3.0674330847e+01    1.3373434506e+01   -5.6027360460e+01    1.7138061233e+00    1.6658460243e+01    6.9807632464e+00    1.2015897668e+03    5.8717541000e-02    9.9698168193e-01
        88   -1.7225820793e+01    2.9706509626e+02   -3.0362189623e+01    1.3136368830e+01   -5.5865036372e+01    1.8617266376e+00    1.6660356865e+01    6.9807632464e+00    1.2021134575e+03    5.8646333000e-02    9.9771214642e-01
        89   -1.7274677577e+01    2.9866484486e+02   -2.9725217121e+01    1.2450539544e+01   -5.5254823471e+01    1.9760443872e+00    1.6572798716e+01    6.9807632464e+00    1.2183180819e+03    6.1249416000e-02    9.9835796388e-01
        90   -1.7259779520e+01    2.9807233662e+02   -2.9848494768e+01    1.2588715248e+01   -5.4708712077e+01    1.2842127974e+00    1.6595241265e+01    6.9807632464e+00    1.2103079297e+03    6.0552792000e-02    9.9690082645e-01
        91   -1.7222634537e+01    2.9685999262e+02   -2.9425874328e+01    1.2203239792e+01   -5.5128188136e+01    1.9171401582e+00    1.6804410403e+01    6.9807632464e+00    1.2219865301e+03    6.1373292000e-02    9.9764729951e-01
        92   -1.7203504951e+01    2.9613732934e+02   -2.9878698612e+01    1.2675193660e+01   -5.5014794288e+01    1.5555383149e+00    1.6599794115e+01    6.9807632464e+00    1.2248782316e+03    5.9815250000e-02    9.9785714286e-01
        93   -1.7225115204e+01    2.9695508832e+02   -2.9628449460e+01    1.2403334256e+01   -5.4387295735e+01    1.1906065062e+00    1.6587476522e+01    6.9807632464e+00    1.2339506089e+03    6.1098041000e-02    9.9817666126e-01
        94   -1.7256449326e+01    2.9802084065e+02   -2.9991113842e+01    1.2734664516e+01   -5.4951692161e+01    1.2270745460e+00    1.6752740526e+01    6.9807632464e+00    1.2590596813e+03    6.3223125000e-02    9.9791501191e-01
        95   -1.7267575202e+01    2.9831336982e+02   -3.0234573415e+01    1.2966998213e+01   -5.5295705280e+01    1.3672132831e+00    1.6713155336e+01    6.9807632464e+00    1.2570970481e+03    6.3073750000e-02    9.9781225139e-01
        96   -1.7276324904e+01    2.9863291248e+02   -3.0335312674e+01    1.3058987770e+01   -5.6005704575e+01    1.6967437197e+00    1.6992884935e+01    6.9807632464e+00    1.2581535041e+03    6.4785875000e-02    9.9711844197e-01
        97   -1.7282789356e+01    2.9887527450e+02   -3.0892146294e+01    1.3609356938e+01   -5.6486027088e+01    1.6090289186e+00    1.7004088629e+01    6.9807632464e+00    1.2572330902e+03    6.3526333000e-02    9.9771280827e-01
        98   -1.7252543791e+01    2.9782353171e+02   -3.0258028508e+01    1.3005484717e+01   -5.6300342225e+01    2.0718494838e+00    1.6989700986e+01    6.9807632464e+00    1.2649882405e+03    6.4589334000e-02    9.9673913043e-01
        99   -1.7266395008e+01    2.9840631305e+02   -2.9980624027e+01    1.2714229019e+01   -5.6207429308e+01    2.2098786627e+00    1.7036163372e+01    6.9807632464e+00    1.2630622527e+03    6.4341291000e-02    9.9772367379e-01
       100   -1.7253415073e+01    2.9790255680e+02   -2.9709517975e+01    1.2456102902e+01   -5.5766109479e+01    2.1962628644e+00    1.6879565393e+01    6.9807632464e+00    1.2500635628e+03    6.9148542000e-02    9.9730000000e-01
       101   -1.7286656757e+01    2.9921513146e+02   -3.0211924202e+01    1.2925267445e+01   -5.6417065926e+01    2.2349973607e+00    1.6989381117e+01    6.9807632464e+00    1.2462699943e+03    6.2063916000e-02    9.9689004815e-01
       102   -1.7271970379e+01    2.9862929842e+02   -3.0783315605e+01    1.3511345227e+01   -5.7137264490e+01    2.1177155729e+00    1.7255470066e+01    6.9807632464e+00    1.2322561169e+03    6.2598583000e-02    9.9786931818e-01
       103   -1.7236929370e+01    2.9732801096e+02   -3.0912308276e+01    1.3675378906e+01   -5.7631018424e+01    2.5536201868e+00    1.7184326715e+01    6.9807632464e+00    1.2330446019e+03    6.1290001000e-02    9.9726277372e-01
       104   -1.7267418912e+01    2.9837998089e+02   -3.0485999410e+01    1.3218580498e+01   -5.6957040903e+01    2.4625305506e+00    1.7027747696e+01    6.9807632464e+00    1.2561084263e+03    6.2283500000e-02    9.9661624204e-01
       105   -1.7278438278e+01    2.9886874920e+02   -3.1345581003e+01    1.4067142725e+01   -5.7078906839e+01    1.7093420249e+00    1.7043220565e+01    6.9807632464e+00    1.2731195603e+03    6.6175041000e-02    9.9715239592e-01
       106   -1.7215693554e+01    2.9661735755e+02   -3.0574402242e+01    1.3358708688e+01   -5.6744719642e+01    2.0373848872e+00    1.7152169267e+01    6.9807632464e+00    1.2797055492e+03    6.3907708000e-02    9.9667968750e-01
       107   -1.7202396839e+01    2.9614386046e+02   -3.0195289402e+01    1.2992892563e+01   -5.6890521796e+01    2.5399107310e+00    1.7174558417e+01    6.9807632464e+00    1.2746091361e+03    6.4100625000e-02    9.9686274510e-01
       108   -1.7224257173e+01    2.9690992701e+02   -3.0243559897e+01    1.3019302724e+01   -5.6805174762e+01    2.3821667808e+00    1.7198684838e+01    6.9807632464e+00    1.2737756976e+03    6.4739875000e-02    9.9764521193e-01
       109   -1.7292182132e+01    2.9932627859e+02   -3.0140287935e+01    1.2848105803e+01   -5.6196239223e+01    2.1989084585e+00    1.6876279583e+01    6.9807632464e+00    1.2791291602e+03    6.2641000000e-02    9.9863174355e-01
       110   -1.7278505790e+01    2.9880465597e+02   -3.0293978659e+01    1.3015472869e+01   -5.5785729715e+01    1.9622755975e+00    1.6548712212e+01    6.9807632464e+00    1.2840861188e+03    6.2502583000e-02    9.9717679128e-01
       111   -1.7253841605e+01    2.9783768438e+02   -3.0434684822e+01    1.3180843217e+01   -5.5988055831e+01    2.0426858139e+00    1.6529921949e+01    6.9807632464e+00    1.2839035273e+03    6.2677625000e-02    9.9698208723e-01
       112   -1.7258106520e+01    2.9805437891e+02   -3.0432733239e+01    1.3174626719e+01   -5.6099126951e+01    2.0391398807e+00    1.6646490585e+01    6.9807632464e+00    1.2938732169e+03    6.4353792000e-02    9.9758500773e-01
       113   -1.7232319587e+01    2.9715057105e+02   -2.9679599869e+01    1.2447280282e+01   -5.5735873456e+01    2.2199963489e+00    1.6855513991e+01    6.9807632464e+00    1.2817683540e+03    6.3744208000e-02    9.9736739470e-01
       114   -1.7236154321e+01    2.9734480918e+02   -2.9677137807e+01    1.2440983486e+01   -5.5476071049e+01    1.9357898259e+00    1.6882380170e+01    6.9807632464e+00    1.2838067034e+03    6.7567292000e-02    9.9766355140e-01
       115   -1.7245840072e+01    2.9762701789e+02   -2.9794667924e+01    1.2548827852e+01   -5.5673898983e+01    2.0872925397e+00    1.6811175272e+01    6.9807632464e+00    1.2868325063e+03    6.5372292000e-02    9.9708624709e-01
       116   -1.7194339022e+01    2.9582122494e+02   -3.0160094509e+01    1.2965755487e+01   -5.6399684619e+01    2.3440339319e+00    1.6914792931e+01    6.9807632464e+00    1.2716088667e+03    6.4048792000e-02    9.9773977987e-01
       117   -1.7288735159e+01    2.9915606340e+02   -3.0830472343e+01    1.3541737184e+01   -5.6961673760e+01    2.2114360265e+00    1.6939002144e+01    6.9807632464e+00    1.2771396049e+03    6.5637333000e-02    9.9745497259e-01
       118   -1.7278354941e+01    2.9870934113e+02   -3.0758493301e+01    1.3480138360e+01   -5.6771806513e+01    2.1950408308e+00    1.6837509135e+01    6.9807632464e+00    1.2502073371e+03    6.2488875000e-02    9.9750000000e-01
       119   -1.7281716272e+01    2.9884274389e+02   -2.9829846570e+01    1.2548130299e+01   -5.5677709773e+01    1.9644784483e+00    1.6902621507e+01    6.9807632464e+00    1.2522612000e+03    6.3641958000e-02    9.9790335463e-01
       120   -1.7265553806e+01    2.9825314010e+02   -3.0029609724e+01    1.2764055918e+01   -5.5629987103e+01    1.8812219169e+00    1.6738392216e+01    6.9807632464e+00    1.2491433305e+03    6.3339625000e-02    9.9789831865e-01
       121   -1.7284883039e+01    2.9893636557e+02   -3.0518662865e+01    1.3233779826e+01   -5.6521590473e+01    2.1123125803e+00    1.6909851782e+01    6.9807632464e+00    1.2333381891e+03    6.2452875000e-02    9.9898621249e-01
       122   -1.7298265121e+01    2.9952219941e+02   -3.1067189315e+01    1.3768924194e+01   -5.6749516308e+01    1.7461737838e+00    1.6955389963e+01    6.9807632464e+00    1.2363983111e+03    6.2520208000e-02    9.9726941748e-01
       123   -1.7253050253e+01    2.9787589899e+02   -3.1260659002e+01    1.4007608748e+01   -5.7306884799e+01    1.9830203152e+00    1.7082442236e+01    6.9807632464e+00    1.2480980840e+03    6.3507375000e-02    9.9749599359e-01
       124   -1.7228316352e+01    2.9702950943e+02   -3.1054470638e+01    1.3826154286e+01   -5.7464337382e+01    2.3207842714e+00    1.7108319226e+01    6.9807632464e+00    1.2399790667e+03    6.5877958000e-02    9.9677419355e-01
       125   -1.7237441160e+01    2.9740996395e+02   -3.0231708779e+01    1.2994267619e+01   -5.6777762185e+01    2.4954732883e+00    1.7069816871e+01    6.9807632464e+00    1.2410086535e+03    6.2456666000e-02    9.9788477035e-01
       126   -1.7287066941e+01    2.9917761177e+02   -3.1074793205e+01    1.3787726264e+01   -5.6794348059e+01    1.6551368489e+00    1.7083654759e+01    6.9807632464e+00    1.2582204416e+03    6.3795042000e-02    9.9781399046e-01
       127   -1.7307003656e+01    2.9975594290e+02   -3.0595615492e+01    1.3288611836e+01   -5.6949026553e+01    2.0438173097e+00    1.7328830505e+01    6.9807632464e+00    1.2384695377e+03    6.2944834000e-02    9.9767770598e-01
       128   -1.7246002272e+01    2.9761643268e+02   -3.0514070123e+01    1.3268067850e+01   -5.7128857873e+01    2.4480634180e+00    1.7185961086e+01    6.9807632464e+00    1.2231583744e+03    6.2172709000e-02    9.9662714636e-01
       129   -1.7289440716e+01    2.9910463121e+02   -3.0198877755e+01    1.2909437039e+01   -5.6321686225e+01    2.1415599581e+00    1.7000485265e+01    6.9807632464e+00    1.2204273625e+03    6.1955500000e-02    9.9651639344e-01
       130   -1.7265727143e+01    2.9833969754e+02   -3.0474238539e+01    1.3208511396e+01   -5.6469856122e+01    1.9684619454e+00    1.7046392390e+01    6.9807632464e+00    1.2252916849e+03    6.1869542000e-02    9.9795918367e-01
       131   -1.7288691412e+01    2.9912854340e+02   -3.0634852118e+01    1.3346160706e+01   -5.6370625724e+01    1.4247989468e+00    1.7330211413e+01    6.9807632464e+00    1.2363418882e+03    6.2722000000e-02    9.9696601942e-01
       132   -1.7251969344e+01    2.9780817539e+02   -3.0032373366e+01    1.2780404021e+01   -5.6025081210e+01    1.7674526158e+00    1.7244491982e+01    6.9807632464e+00    1.2351378839e+03    6.2722459000e-02    9.9696356275e-01
       133   -1.7233949367e+01    2.9718966202e+02   -3.0058425945e+01    1.2824476579e+01   -5.5987872764e+01    1.9684162215e+00    1.6980267351e+01    6.9807632464e+00    1.2121545727e+03    6.2193750000e-02    9.9773102310e-01
       134   -1.7255350001e+01    2.9792488013e+02   -3.0029621021e+01    1.2774271020e+01   -5.5861866152e+01    1.7815846795e+00    1.7069897204e+01    6.9807632464e+00    1.2172256023e+03    6.2300833000e-02    9.9774034511e-01
       135   -1.7228783600e+01    2.9700069677e+02   -3.0080963477e+01    1.2852179877e+01   -5.5609665374e+01    1.5418440248e+00    1.7006094625e+01    6.9807632464e+00    1.2121191711e+03    6.0628042000e-02    9.9700907591e-01
       136   -1.7234448437e+01    2.9721532051e+02   -3.0597023962e+01    1.3362575526e+01   -5.6233214149e+01    1.6726500089e+00    1.6982776931e+01    6.9807632464e+00    1.2101315340e+03    6.0099958000e-02    9.9731404959e-01
       137   -1.7258199848e+01    2.9801063389e+02   -3.0234615043e+01    1.2976415195e+01   -5.5653751432e+01    1.5840093058e+00    1.6854363837e+01    6.9807632464e+00    1.2113127599e+03    6.1021042000e-02    9.9824525186e-01
       138   -1.7210465668e+01    2.9636342112e+02   -3.0118421309e+01    1.2907955642e+01   -5.5866554028e+01    1.9108576707e+00    1.6856511801e+01    6.9807632464e+00    1.2149891454e+03    6.1345792000e-02    9.9814814815e-01
       139   -1.7248026949e+01    2.9768805876e+02   -2.9951867290e+01    1.2703840341e+01   -5.5712995744e+01    1.8489298249e+00    1.6931435383e+01    6.9807632464e+00    1.2281570164e+03    6.1966083000e-02    9.9704804560e-01
       140   -1.7249123960e+01    2.9773729645e+02   -3.0477853393e+01    1.3228729433e+01   -5.7075643569e+01    2.5037970931e+00    1.7113229836e+01    6.9807632464e+00    1.2361218857e+03    6.1881333000e-02    9.9686488673e-01
       141   -1.7293979201e+01    2.9925465301e+02   -3.0608066532e+01    1.3314087331e+01   -5.6853431315e+01    2.1696293405e+00    1.7094972197e+01    6.9807632464e+00    1.2333943927e+03    6.0920542000e-02    9.9756690998e-01
       142   -1.7259042387e+01    2.9805819058e+02   -3.0552220140e+01    1.3293177753e+01   -5.6844012440e+01    2.3467221064e+00    1.6964306947e+01    6.9807632464e+00    1.2401765754e+03    6.2076625000e-02    9.9838709677e-01
       143   -1.7274063849e+01    2.9860865995e+02   -3.0953586647e+01    1.3679522798e+01   -5.6909271103e+01    1.9939984452e+00    1.6980922764e+01    6.9807632464e+00    1.2203311778e+03    6.3377625000e-02    9.9713114754e-01
       144   -1.7284400675e+01    2.9895070035e+02   -3.1489865009e+01    1.4205464334e+01   -5.7153289708e+01    1.5660660038e+00    1.7116595449e+01    6.9807632464e+00    1.2333598685e+03    6.2882292000e-02    9.9756690998e-01
       145   -1.7265239940e+01    2.9822082022e+02   -3.0761094342e+01    1.3495854402e+01   -5.6872282601e+01    1.9486639415e+00    1.7181761071e+01    6.9807632464e+00    1.2432058966e+03    6.2205625000e-02    9.9798873693e-01
       146   -1.7236846470e+01    2.9735069250e+02   -3.0792154998e+01    1.3555308529e+01   -5.6711436049e+01    1.7846833848e+00    1.7153834419e+01    6.9807632464e+00    1.2410290743e+03    6.1280667000e-02    9.9707896857e-01
       147   -1.7194592678e+01    2.9593304722e+02   -3.0068000923e+01    1.2873408245e+01   -5.6470018754e+01    2.1247417718e+00    1.7296512812e+01    6.9807632464e+00    1.2497228130e+03    6.3143375000e-02    9.9660000000e-01
       148   -1.7200052777e+01    2.9646637580e+02   -2.9969099668e+01    1.2769046891e+01   -5.6033500586e+01    1.8653865952e+00    1.7218251076e+01    6.9807632464e+00    1.2308386737e+03    6.2229750000e-02    9.9827376117e-01
       149   -1.7239428677e+01    2.9735305313e+02   -2.9741975737e+01    1.2502547060e+01   -5.5698727208e+01    1.7166276148e+00    1.7259360610e+01    6.9807632464e+00    1.2330713771e+03    6.2528042000e-02    9.9766828873e-01
       150   -1.7207082195e+01    2.9630870239e+02   -3.0420693426e+01    1.3213611231e+01   -5.6786964038e+01    2.0038823457e+00    1.7381625019e+01    6.9807632464e+00    1.2199618520e+03    6.9291625000e-02    9.9713114754e-01
       151   -1.7227897765e+01    2.9698126801e+02   -3.0710702600e+01    1.3482804835e+01   -5.6893795115e+01    1.8552417875e+00    1.7347087480e+01    6.9807632464e+00    1.2389802539e+03    6.2239833000e-02    9.9737691687e-01
       152   -1.7268703522e+01    2.9838367576e+02   -3.0912315639e+01    1.3643612117e+01   -5.7233656801e+01    1.9451587414e+00    1.7395419174e+01    6.9807632464e+00    1.2501834431e+03    6.5461584000e-02    9.9810000000e-01
       153   -1.7265456393e+01    2.9823287973e+02   -3.1083972686e+01    1.3818516294e+01   -5.7272638592e+01    1.9443055367e+00    1.7263597123e+01    6.9807632464e+00    1.2581208573e+03    6.8615500000e-02    9.9781399046e-01
       154   -1.7237737870e+01    2.9734440617e+02   -3.2042706127e+01    1.4804968257e+01   -5.8321442516e+01    2.0477853532e+00    1.7250187789e+01    6.9807632464e+00    1.2579676363e+03    6.4366208000e-02    9.9811208267e-01
       155   -1.7245107090e+01    2.9757821869e+02   -3.1975998632e+01    1.4730891542e+01   -5.8314336192e+01    2.1019933991e+00    1.7255580914e+01    6.9807632464e+00    1.2500370513e+03    6.2890041000e-02    9.9670000000e-01
       156   -1.7248550452e+01    2.9765575659e+02   -3.1536214592e+01    1.4287664141e+01   -5.7491513392e+01    1.8114445621e+00    1.7163090991e+01    6.9807632464e+00    1.2470703150e+03    6.2471833000e-02    9.9779470730e-01
       157   -1.7219969750e+01    2.9665149400e+02   -3.1390811626e+01    1.4170841876e+01   -5.7224761453e+01    1.6589171317e+00    1.7194269449e+01    6.9807632464e+00    1.2349687910e+03    6.3070917000e-02    9.9726720648e-01
       158   -1.7229472780e+01    2.9701606108e+02   -3.1175813748e+01    1.3946340969e+01   -5.6931391054e+01    1.7412825904e+00    1.7033531469e+01    6.9807632464e+00    1.2270497599e+03    6.2032875000e-02    9.9806438468e-01
       159   -1.7254222725e+01    2.9786506186e+02   -3.1201021254e+01    1.3946798529e+01   -5.7210205093e+01    1.9432730207e+00    1.7085147572e+01    6.9807632464e+00    1.2351643308e+03    6.2055125000e-02    9.9706477733e-01
       160   -1.7218889829e+01    2.9667012371e+02   -3.1446197149e+01    1.4227307319e+01   -5.7705297595e+01    2.1988125332e+00    1.7079524667e+01    6.9807632464e+00    1.2469211709e+03    6.2345167000e-02    9.9779470730e-01
       161   -1.7247537463e+01    2.9763054466e+02   -3.1321792707e+01    1.4074255244e+01   -5.7432206342e+01    1.9387410313e+00    1.7190909357e+01    6.9807632464e+00    1.2460655689e+03    6.2765250000e-02    9.9779293740e-01
       162   -1.7236412089e+01    2.9728375301e+02   -3.1487643424e+01    1.4251231335e+01   -5.7528581189e+01    1.8865133836e+00    1.7173661134e+01    6.9807632464e+00    1.2390479543e+03    6.6254458000e-02    9.9717514124e-01
       163   -1.7229718051e+01    2.9742419709e+02   -3.1886940808e+01    1.4657222756e+01   -5.8221967912e+01    2.0961453319e+00    1.7258118526e+01    6.9807632464e+00    1.2499937507e+03    6.2564083000e-02    9.9580000000e-01
       164   -1.7203475020e+01    2.9619559535e+02   -3.1788241043e+01    1.4584766023e+01   -5.8047134999e+01    1.9593353951e+00    1.7318795315e+01    6.9807632464e+00    1.2517609283e+03    6.2717375000e-02    9.9710463259e-01
       165   -1.7224107134e+01    2.9683537389e+02   -3.1437390510e+01    1.4213283376e+01   -5.7601335268e+01    1.9198149017e+00    1.7263366610e+01    6.9807632464e+00    1.2598664997e+03    6.3689833000e-02    9.9751984127e-01
       166   -1.7176812893e+01    2.9532988701e+02   -3.1177734760e+01    1.4000921867e+01   -5.7678148739e+01    2.3224834624e+00    1.7197167270e+01    6.9807632464e+00    1.2615969930e+03    6.2612292000e-02    9.9762282092e-01
       167   -1.7218353429e+01    2.9669361582e+02   -3.1372449342e+01    1.4154095914e+01   -5.8100739130e+01    2.4484447827e+00    1.7299081759e+01    6.9807632464e+00    1.2697581306e+03    6.3688000000e-02    9.9694881890e-01
       168   -1.7294108761e+01    2.9950406263e+02   -3.1564409318e+01    1.4270300557e+01   -5.8268934254e+01    2.4636626201e+00    1.7260099070e+01    6.9807632464e+00    1.2702510760e+03    6.4202250000e-02    9.9714566929e-01
       169   -1.7252252327e+01    2.9782837240e+02   -3.1496935144e+01    1.4244682816e+01   -5.7731678013e+01    2.1253805673e+00    1.7128599056e+01    6.9807632464e+00    1.2689954465e+03    6.3829751000e-02    9.9655240347e-01
       170   -1.7267736479e+01    2.9866258538e+02   -3.1266111139e+01    1.3998374660e+01   -5.7216348439e+01    1.8280342379e+00    1.7141439816e+01    6.9807632464e+00    1.2571536060e+03    6.3192042000e-02    9.9821002387e-01
       171   -1.7236217558e+01    2.9724215252e+02   -3.1782976857e+01    1.4546759298e+01   -5.7465894058e+01    1.5101635954e+00    1.7191990360e+01    6.9807632464e+00    1.2460392787e+03    6.2747541000e-02    9.9689004815e-01
       172   -1.7243703222e+01    2.9756464253e+02   -3.1098998120e+01    1.3855294898e+01   -5.7057455628e+01    1.8544262677e+00    1.7123267995e+01    6.9807632464e+00    1.2430784394e+03    6.1917000000e-02    9.9738535800e-01
       173   -1.7276760302e+01    2.9869592923e+02   -3.0371523462e+01    1.3094763160e+01   -5.6762191031e+01    2.5024179167e+00    1.6907486405e+01    6.9807632464e+00    1.2363022574e+03    6.1656875000e-02    9.9828074434e-01
       174   -1.7261535088e+01    2.9815083018e+02   -3.0111623873e+01    1.2850088785e+01   -5.5899000967e+01    2.0537272979e+00    1.6752886550e+01    6.9807632464e+00    1.2402226631e+03    6.1098333000e-02    9.9697580645e-01
       175   -1.7263686336e+01    2.9817118895e+02   -2.9924587675e+01    1.2660901339e+01   -5.5419645949e+01    1.6764380019e+00    1.6837857026e+01    6.9807632464e+00    1.2402108751e+03    6.1554500000e-02    9.9798387097e-01
       176   -1.7310400094e+01    2.9985868457e+02   -3.0405584074e+01    1.3095183980e+01   -5.5566214539e+01    1.3242804997e+00    1.6855586719e+01    6.9807632464e+00    1.2405053300e+03    6.1483125000e-02    9.9778225806e-01
       177   -1.7269985601e+01    2.9847524148e+02   -3.1250187368e+01    1.3980201767e+01   -5.6689162188e+01    1.4848880792e+00    1.6973323494e+01    6.9807632464e+00    1.2462554430e+03    6.2733125000e-02    9.9769261637e-01
       178   -1.7266957371e+01    2.9833728716e+02   -3.0787788981e+01    1.3520831610e+01   -5.6844710976e+01    2.0986680857e+00    1.6977490662e+01    6.9807632464e+00    1.2412116037e+03    6.2360166000e-02    9.9728041902e-01
       179   -1.7273611621e+01    2.9853696731e+02   -3.0712205781e+01    1.3438594160e+01   -5.6465465511e+01    1.7261783582e+00    1.7046318125e+01    6.9807632464e+00    1.2522479932e+03    6.3693958000e-02    9.9710463259e-01
       180   -1.7364854827e+01    3.0207308483e+02   -3.0891916028e+01    1.3527061200e+01   -5.7407023641e+01    2.3796828771e+00    1.7154661490e+01    6.9807632464e+00    1.2865378240e+03    6.4918958000e-02    9.9795878694e-01
       181   -1.7274491450e+01    2.9854803057e+02   -3.0757141380e+01    1.3482649929e+01   -5.7136165416e+01    2.2021265560e+00    1.7196134234e+01    6.9807632464e+00    1.2860733453e+03    6.4615583000e-02    9.9805598756e-01
       182   -1.7289535692e+01    2.9909069493e+02   -3.0609041241e+01    1.3319505549e+01   -5.6925679333e+01    2.2455134241e+00    1.7090361421e+01    6.9807632464e+00    1.2881355996e+03    6.5066250000e-02    9.9737965839e-01
       183   -1.7245111511e+01    2.9756708905e+02   -3.1272192536e+01    1.4027081025e+01   -5.7988012410e+01    2.4629563987e+00    1.7272100229e+01    6.9807632464e+00    1.2998352171e+03    6.6652334000e-02    9.9692307692e-01
       184   -1.7247723493e+01    2.9768451217e+02   -3.1061058822e+01    1.3813335328e+01   -5.7479166450e+01    2.3411280780e+00    1.7096216304e+01    6.9807632464e+00    1.3097640761e+03    6.6556125000e-02    9.9599236641e-01
       185   -1.7259162211e+01    2.9810294432e+02   -3.1190378074e+01    1.3931215862e+01   -5.7728672421e+01    2.2810655861e+00    1.7276465514e+01    6.9807632464e+00    1.3068403763e+03    6.6967542000e-02    9.9837413925e-01
       186   -1.7274389871e+01    2.9859086765e+02   -3.1141716747e+01    1.3867326876e+01   -5.7197904880e+01    1.9414061977e+00    1.7134018689e+01    6.9807632464e+00    1.2880259387e+03    6.6075917000e-02    9.9737965839e-01
       187   -1.7277602670e+01    2.9873597794e+02   -3.1266935524e+01    1.3989332854e+01   -5.7135210778e+01    1.7161427346e+00    1.7171369273e+01    6.9807632464e+00    1.2801124423e+03    6.5123542000e-02    9.9736328125e-01
       188   -1.7246413853e+01    2.9764161024e+02   -3.0693931778e+01    1.3447517925e+01   -5.6514835451e+01    1.7392245974e+00    1.7100915829e+01    6.9807632464e+00    1.2839114301e+03    6.5051542000e-02    9.9776090343e-01
       189   -1.7235506919e+01    2.9722823614e+02   -3.0409427257e+01    1.3173920339e+01   -5.6259159274e+01    1.6769680534e+00    1.7192000717e+01    6.9807632464e+00    1.2857895955e+03    6.5204709000e-02    9.9805598756e-01
       190   -1.7306005412e+01    2.9990693870e+02   -3.0395358067e+01    1.3089352656e+01   -5.5724489367e+01    1.2855875882e+00    1.7062780465e+01    6.9807632464e+00    1.2772912518e+03    6.5487583000e-02    9.9716131558e-01
       191   -1.7277226561e+01    2.9869267090e+02   -3.0988631750e+01    1.3711405188e+01   -5.6418744205e+01    1.5039293217e+00    1.6945419887e+01    6.9807632464e+00    1.2711621388e+03    6.4172000000e-02    9.9822974036e-01
       192   -1.7222199476e+01    2.9699815753e+02   -3.1585663536e+01    1.4363464060e+01   -5.7456777686e+01    1.6354770525e+00    1.7254873851e+01    6.9807632464e+00    1.2986760730e+03    6.6053792000e-02    9.9692070824e-01
       193   -1.7261474286e+01    2.9824819282e+02   -3.1198689911e+01    1.3937215625e+01   -5.7913458409e+01    2.4127978449e+00    1.7321207406e+01    6.9807632464e+00    1.2969109510e+03    6.5856666000e-02    9.9759059368e-01
       194   -1.7249843714e+01    2.9783596395e+02   -3.1149214574e+01    1.3899370860e+01   -5.7059433532e+01    1.7862817900e+00    1.7143173922e+01    6.9807632464e+00    1.2958562217e+03    6.6847750000e-02    9.9720293210e-01
       195   -1.7205778459e+01    2.9640128680e+02   -3.1073931046e+01    1.3868152587e+01   -5.7076736903e+01    1.8899971341e+00    1.7132045477e+01    6.9807632464e+00    1.2956162937e+03    6.5704375000e-02    9.9739583333e-01
       196   -1.7233942589e+01    2.9727348215e+02   -3.0777456476e+01    1.3543513887e+01   -5.7153797793e+01    2.3020210844e+00    1.7093556986e+01    6.9807632464e+00    1.2917388367e+03    6.5112791000e-02    9.9835526316e-01
       197   -1.7270238115e+01    2.9848119941e+02   -3.0677508745e+01    1.3407270630e+01   -5.6682343562e+01    1.9303770185e+00    1.7093694552e+01    6.9807632464e+00    1.2800717101e+03    6.4403459000e-02    9.9785156250e-01
       198   -1.7246450413e+01    2.9761275046e+02   -3.0711659861e+01    1.3465209448e+01   -5.6665351001e+01    1.8278054298e+00    1.7145122464e+01    6.9807632464e+00    1.2878756590e+03    6.5066958000e-02    9.9728260870e-01
       199   -1.7258555795e+01    2.9805855226e+02   -3.0920812328e+01    1.3662256533e+01   -5.6717045476e+01    1.7073811744e+00    1.7108088727e+01    6.9807632464e+00    1.2839700566e+03    6.5152041000e-02    9.9776090343e-01
