#   index    LocalEnergy         LocalEnergy_sq      LocalPotential      Kinetic             LocalECP            NonLocalECP         ElecElec            IonIon              MPC                 BlockWeight         BlockCPU            AcceptRatio         
         0   -4.5060616773e+01    2.0317895231e+03   -8.2044284056e+01    3.6983667283e+01   -2.3161357341e+01    3.0965566412e+00   -1.0876805275e+01   -5.1102678081e+01   -1.0613930020e+01    5.1200000000e+02    2.2613618100e-01    7.1496582031e-01
         1   -4.4981043823e+01    2.0246871498e+03   -8.2527859511e+01    3.7546815688e+01   -2.3125072465e+01    2.7522443677e+00   -1.1052353333e+01   -5.1102678081e+01   -1.0771153847e+01    5.1200000000e+02    2.0316847400e-01    7.1826171875e-01
         2   -4.5036773718e+01    2.0304437703e+03   -8.2305733367e+01    3.7268959649e+01   -2.2738323279e+01    2.6737148763e+00   -1.1138446882e+01   -5.1102678081e+01   -1.0853979142e+01    5.1200000000e+02    2.0212439800e-01    7.1697998047e-01
         3   -4.5060933395e+01    2.0318147431e+03   -8.1490871385e+01    3.6429937991e+01   -2.2103189997e+01    3.0012329418e+00   -1.1286236249e+01   -5.1102678081e+01   -1.0999344379e+01    5.1200000000e+02    2.0138534200e-01    7.1929931641e-01
         4   -4.5014000989e+01    2.0275613448e+03   -8.2704052830e+01    3.7690051841e+01   -2.3359638548e+01    2.8477434841e+00   -1.1089479685e+01   -5.1102678081e+01   -1.0813954769e+01    5.1200000000e+02    2.0290447800e-01    7.1777343750e-01
         5   -4.5092718270e+01    2.0349937891e+03   -8.2092625378e+01    3.6999907108e+01   -2.3239248813e+01    3.4815823870e+00   -1.1232280871e+01   -5.1102678081e+01   -1.0975944481e+01    5.1200000000e+02    2.1086352500e-01    7.1547444661e-01
         6   -4.5044540384e+01    2.0304196844e+03   -8.1821660261e+01    3.6777119877e+01   -2.2670824031e+01    3.1075711349e+00   -1.1155729283e+01   -5.1102678081e+01   -1.0888630297e+01    5.1200000000e+02    2.0499755200e-01    7.1984863281e-01
         7   -4.5041183236e+01    2.0300046852e+03   -8.1900655557e+01    3.6859472322e+01   -2.2679586385e+01    2.9724194025e+00   -1.1090810494e+01   -5.1102678081e+01   -1.0828069299e+01    5.1200000000e+02    2.0238780700e-01    7.1518961589e-01
         8   -4.5001270353e+01    2.0263927263e+03   -8.2253366007e+01    3.7252095654e+01   -2.3096363455e+01    3.1291103574e+00   -1.1183434828e+01   -5.1102678081e+01   -1.0903940178e+01    5.1200000000e+02    2.0293809800e-01    7.1856689453e-01
         9   -4.5042129763e+01    2.0301366192e+03   -8.2732178659e+01    3.7690048897e+01   -2.3071998557e+01    2.5960031355e+00   -1.1153505156e+01   -5.1102678081e+01   -1.0877035334e+01    5.1200000000e+02    2.0574335500e-01    7.1986897786e-01
        10   -4.5099509005e+01    2.0354599934e+03   -8.2511862071e+01    3.7412353066e+01   -2.3636350308e+01    3.2559109277e+00   -1.1028744609e+01   -5.1102678081e+01   -1.0730155215e+01    5.1200000000e+02    2.0272749600e-01    7.1484375000e-01
        11   -4.5007635503e+01    2.0269312063e+03   -8.1484339334e+01    3.6476703832e+01   -2.2187259308e+01    3.0303247506e+00   -1.1224726696e+01   -5.1102678081e+01   -1.0940774337e+01    5.1200000000e+02    2.0412300500e-01    7.1730550130e-01
        12   -4.4980558751e+01    2.0247268852e+03   -8.2463367208e+01    3.7482808457e+01   -2.2838675500e+01    2.6938678873e+00   -1.1215881514e+01   -5.1102678081e+01   -1.0934655809e+01    5.1200000000e+02    2.0295122700e-01    7.1978759766e-01
        13   -4.4988919505e+01    2.0254572568e+03   -8.1901805783e+01    3.6912886278e+01   -2.2620321023e+01    3.0610324382e+00   -1.1239839117e+01   -5.1102678081e+01   -1.0969065204e+01    5.1200000000e+02    2.0305870600e-01    7.1909586589e-01
        14   -4.4995430251e+01    2.0259129203e+03   -8.2528888753e+01    3.7533458502e+01   -2.3337977219e+01    2.9269103802e+00   -1.1015143832e+01   -5.1102678081e+01   -1.0733242813e+01    5.1200000000e+02    2.0302268300e-01    7.2119140625e-01
        15   -4.4942759579e+01    2.0211979886e+03   -8.2680817385e+01    3.7738057806e+01   -2.3355321956e+01    2.8994239221e+00   -1.1122241270e+01   -5.1102678081e+01   -1.0840133429e+01    5.1200000000e+02    2.0308251600e-01    7.1675618490e-01
        16   -4.4951894543e+01    2.0221614270e+03   -8.2531442684e+01    3.7579548142e+01   -2.2827430729e+01    2.4649915610e+00   -1.1066325435e+01   -5.1102678081e+01   -1.0780211048e+01    5.1200000000e+02    2.0393656400e-01    7.1830240885e-01
        17   -4.4963750621e+01    2.0230900961e+03   -8.1854522810e+01    3.6890772190e+01   -2.2383159844e+01    2.7124286987e+00   -1.1081113584e+01   -5.1102678081e+01   -1.0793961837e+01    5.1200000000e+02    2.0179474800e-01    7.1431477865e-01
        18   -4.5003566187e+01    2.0263632407e+03   -8.2343120106e+01    3.7339553920e+01   -2.2703643384e+01    2.6457056831e+00   -1.1182504325e+01   -5.1102678081e+01   -1.0910782608e+01    5.1200000000e+02    2.0241238400e-01    7.1706136068e-01
        19   -4.5030830916e+01    2.0290250904e+03   -8.1826121212e+01    3.6795290295e+01   -2.2676479031e+01    3.0067051854e+00   -1.1053669285e+01   -5.1102678081e+01   -1.0790282122e+01    5.1200000000e+02    2.0697617500e-01    7.1793619792e-01
        20   -4.4936287557e+01    2.0205373268e+03   -8.2575737595e+01    3.7639450039e+01   -2.3037033141e+01    2.7667173186e+00   -1.1202743692e+01   -5.1102678081e+01   -1.0926406775e+01    5.1200000000e+02    2.0284228100e-01    7.1606445312e-01
        21   -4.5042604095e+01    2.0304385987e+03   -8.2494091729e+01    3.7451487634e+01   -2.3138872275e+01    2.8799000568e+00   -1.1132441430e+01   -5.1102678081e+01   -1.0858088718e+01    5.1200000000e+02    2.0198560200e-01    7.1569824219e-01
        22   -4.4933337685e+01    2.0203851148e+03   -8.2576996006e+01    3.7643658321e+01   -2.3460016432e+01    3.1345369971e+00   -1.1148838490e+01   -5.1102678081e+01   -1.0868860503e+01    5.1200000000e+02    2.1359194600e-01    7.1946207682e-01
        23   -4.4991060689e+01    2.0254935958e+03   -8.2361992910e+01    3.7370932222e+01   -2.2986114604e+01    2.7671715157e+00   -1.1040371742e+01   -5.1102678081e+01   -1.0763811473e+01    5.1200000000e+02    2.0362176900e-01    7.1695963542e-01
        24   -4.4972164169e+01    2.0239958610e+03   -8.1829123499e+01    3.6856959330e+01   -2.3486296326e+01    3.8830400114e+00   -1.1123189103e+01   -5.1102678081e+01   -1.0848921751e+01    5.1200000000e+02    2.0745237200e-01    7.1325683594e-01
        25   -4.4970958242e+01    2.0236559027e+03   -8.2931334229e+01    3.7960375987e+01   -2.3563710321e+01    2.8680006364e+00   -1.1132946464e+01   -5.1102678081e+01   -1.0861689767e+01    5.1200000000e+02    2.0269844700e-01    7.1923828125e-01
        26   -4.5001400993e+01    2.0264828440e+03   -8.2729204786e+01    3.7727803793e+01   -2.3461938054e+01    2.9816075083e+00   -1.1146196159e+01   -5.1102678081e+01   -1.0881795429e+01    5.1200000000e+02    2.0289384100e-01    7.2039794922e-01
        27   -4.5063183493e+01    2.0319035798e+03   -8.2079905721e+01    3.7016722228e+01   -2.3129065718e+01    3.3055511103e+00   -1.1153713032e+01   -5.1102678081e+01   -1.0894412070e+01    5.1200000000e+02    2.0342070400e-01    7.1813964844e-01
        28   -4.5102625403e+01    2.0356622579e+03   -8.2102187647e+01    3.6999562244e+01   -2.2680064734e+01    2.8743584782e+00   -1.1193803311e+01   -5.1102678081e+01   -1.0911304428e+01    5.1200000000e+02    2.0275833200e-01    7.1671549479e-01
        29   -4.5121800567e+01    2.0372512081e+03   -8.2105877295e+01    3.6984076728e+01   -2.2762048777e+01    2.8822829892e+00   -1.1123433426e+01   -5.1102678081e+01   -1.0868935062e+01    5.1200000000e+02    2.0614836900e-01    7.2131347656e-01
        30   -4.4965743637e+01    2.0235056232e+03   -8.3064580237e+01    3.8098836600e+01   -2.3658331234e+01    2.9118862344e+00   -1.1215457156e+01   -5.1102678081e+01   -1.0948037308e+01    5.1200000000e+02    2.0374920800e-01    7.1697998047e-01
        31   -4.4959340216e+01    2.0227135629e+03   -8.2695499846e+01    3.7736159629e+01   -2.3075521510e+01    2.8278806153e+00   -1.1345180870e+01   -5.1102678081e+01   -1.1068641970e+01    5.1200000000e+02    2.0369782000e-01    7.2047932943e-01
        32   -4.5089064757e+01    2.0343825364e+03   -8.2509087850e+01    3.7420023092e+01   -2.3028832036e+01    2.7870397754e+00   -1.1164617508e+01   -5.1102678081e+01   -1.0893964476e+01    5.1200000000e+02    2.0480504200e-01    7.1899414062e-01
        33   -4.5121351401e+01    2.0371168748e+03   -8.1874773783e+01    3.6753422383e+01   -2.2944394712e+01    3.4294897450e+00   -1.1257190735e+01   -5.1102678081e+01   -1.0965805700e+01    5.1200000000e+02    2.0312498400e-01    7.2039794922e-01
        34   -4.5119227879e+01    2.0375100372e+03   -8.2603235513e+01    3.7484007634e+01   -2.3413027188e+01    3.1073968284e+00   -1.1194927072e+01   -5.1102678081e+01   -1.0910829162e+01    5.1200000000e+02    2.0173687300e-01    7.2113037109e-01
        35   -4.5010458959e+01    2.0273174271e+03   -8.2122624657e+01    3.7112165698e+01   -2.2756269366e+01    2.7921217840e+00   -1.1055798994e+01   -5.1102678081e+01   -1.0784355197e+01    5.1200000000e+02    2.0258430000e-01    7.1736653646e-01
        36   -4.4973670481e+01    2.0239676024e+03   -8.2832031310e+01    3.7858360830e+01   -2.3401250097e+01    2.8002447172e+00   -1.1128347850e+01   -5.1102678081e+01   -1.0869401508e+01    5.1200000000e+02    2.0244676400e-01    7.1649169922e-01
        37   -4.5095748537e+01    2.0351544745e+03   -8.2536000136e+01    3.7440251599e+01   -2.2741252117e+01    2.4992303886e+00   -1.1191300327e+01   -5.1102678081e+01   -1.0920194239e+01    5.1200000000e+02    2.0440357900e-01    7.1708170573e-01
        38   -4.5124685432e+01    2.0377735231e+03   -8.2162615374e+01    3.7037929942e+01   -2.2907535165e+01    3.0172232051e+00   -1.1169625333e+01   -5.1102678081e+01   -1.0900512086e+01    5.1200000000e+02    2.0330270800e-01    7.1927897135e-01
        39   -4.5058398596e+01    2.0315465280e+03   -8.2377183685e+01    3.7318785088e+01   -2.2944999695e+01    2.8751745653e+00   -1.1204680474e+01   -5.1102678081e+01   -1.0930736230e+01    5.1200000000e+02    2.0498586100e-01    7.1875000000e-01
        40   -4.5092077816e+01    2.0346783248e+03   -8.2931967486e+01    3.7839889671e+01   -2.3283498475e+01    2.6097526422e+00   -1.1155543572e+01   -5.1102678081e+01   -1.0883140607e+01    5.1200000000e+02    2.0329694100e-01    7.2023518880e-01
        41   -4.5019599047e+01    2.0280973181e+03   -8.1760415087e+01    3.6740816040e+01   -2.2808241754e+01    3.1344101143e+00   -1.0983905366e+01   -5.1102678081e+01   -1.0701396781e+01    5.1200000000e+02    2.0320249000e-01    7.1661376953e-01
        42   -4.4966821327e+01    2.0233750825e+03   -8.2824719989e+01    3.7857898661e+01   -2.4067688346e+01    3.1901217303e+00   -1.0844475292e+01   -5.1102678081e+01   -1.0552836227e+01    5.1200000000e+02    2.0410976600e-01    7.2054036458e-01
        43   -4.5014908296e+01    2.0279823434e+03   -8.2806234916e+01    3.7791326620e+01   -2.3490803792e+01    2.7189272232e+00   -1.0931680266e+01   -5.1102678081e+01   -1.0651510525e+01    5.1200000000e+02    2.1207537000e-01    7.1441650391e-01
        44   -4.5002999798e+01    2.0264360999e+03   -8.2256553019e+01    3.7253553220e+01   -2.3215311357e+01    2.9873914722e+00   -1.0925955053e+01   -5.1102678081e+01   -1.0659743685e+01    5.1200000000e+02    2.0757925900e-01    7.2076416016e-01
        45   -4.5097540845e+01    2.0352446214e+03   -8.2057867733e+01    3.6960326889e+01   -2.2751690045e+01    3.1460607996e+00   -1.1349560407e+01   -5.1102678081e+01   -1.1085143465e+01    5.1200000000e+02    2.0269417700e-01    7.1527099609e-01
        46   -4.5007530082e+01    2.0270773856e+03   -8.1660823903e+01    3.6653293820e+01   -2.2382818659e+01    2.9172578046e+00   -1.1092584967e+01   -5.1102678081e+01   -1.0822945240e+01    5.1200000000e+02    2.0396837400e-01    7.2054036458e-01
        47   -4.5007859702e+01    2.0272225535e+03   -8.2371631591e+01    3.7363771889e+01   -2.3415106547e+01    3.2405015728e+00   -1.1094348535e+01   -5.1102678081e+01   -1.0812897292e+01    5.1200000000e+02    2.0394070900e-01    7.2033691406e-01
        48   -4.5056409456e+01    2.0315247265e+03   -8.2471514543e+01    3.7415105087e+01   -2.3173040621e+01    2.8857499475e+00   -1.1081545788e+01   -5.1102678081e+01   -1.0813444087e+01    5.1200000000e+02    2.0483179600e-01    7.2005208333e-01
        49   -4.5014219664e+01    2.0276984090e+03   -8.2842671365e+01    3.7828451701e+01   -2.3379165365e+01    2.6687720288e+00   -1.1029599948e+01   -5.1102678081e+01   -1.0751435260e+01    5.1200000000e+02    2.0873348900e-01    7.1516927083e-01
        50   -4.4987911665e+01    2.0252157625e+03   -8.1991036729e+01    3.7003125064e+01   -2.2580647050e+01    2.8349229077e+00   -1.1142634506e+01   -5.1102678081e+01   -1.0854549638e+01    5.1200000000e+02    2.0344382000e-01    7.1905517578e-01
        51   -4.4927230257e+01    2.0200947473e+03   -8.2589308562e+01    3.7662078305e+01   -2.3446810738e+01    2.9674719258e+00   -1.1007291669e+01   -5.1102678081e+01   -1.0718801840e+01    5.1200000000e+02    2.0408442900e-01    7.2111002604e-01
        52   -4.4977858451e+01    2.0244715522e+03   -8.2608029941e+01    3.7630171491e+01   -2.3133485148e+01    2.9629385668e+00   -1.1334805279e+01   -5.1102678081e+01   -1.1052533851e+01    5.1200000000e+02    2.0373771000e-01    7.1785481771e-01
        53   -4.4963049195e+01    2.0230772784e+03   -8.2497877875e+01    3.7534828680e+01   -2.3106153324e+01    2.9776314376e+00   -1.1266677907e+01   -5.1102678081e+01   -1.0994706129e+01    5.1200000000e+02    2.1048108800e-01    7.2326660156e-01
        54   -4.4936604065e+01    2.0206399950e+03   -8.2778411722e+01    3.7841807657e+01   -2.2901158706e+01    2.4632491860e+00   -1.1237824121e+01   -5.1102678081e+01   -1.0956037356e+01    5.1200000000e+02    2.1203253600e-01    7.2015380859e-01
        55   -4.5085473062e+01    2.0345329055e+03   -8.2210263127e+01    3.7124790065e+01   -2.2804555094e+01    2.8589770147e+00   -1.1162006966e+01   -5.1102678081e+01   -1.0878764878e+01    5.1200000000e+02    2.1025432800e-01    7.1999104818e-01
        56   -4.4994860123e+01    2.0258305842e+03   -8.1969462513e+01    3.6974602390e+01   -2.2621340009e+01    3.0803911319e+00   -1.1325835555e+01   -5.1102678081e+01   -1.1041254388e+01    5.1200000000e+02    2.1060514800e-01    7.1704101562e-01
        57   -4.5030889426e+01    2.0292423814e+03   -8.1952470278e+01    3.6921580852e+01   -2.2872439818e+01    3.2853878174e+00   -1.1262740197e+01   -5.1102678081e+01   -1.1004816613e+01    5.1200000000e+02    2.0817738400e-01    7.1653238932e-01
        58   -4.5036961922e+01    2.0295869863e+03   -8.2226738445e+01    3.7189776523e+01   -2.2939315602e+01    2.9176324831e+00   -1.1102377245e+01   -5.1102678081e+01   -1.0832874969e+01    5.1200000000e+02    2.1170693300e-01    7.1850585938e-01
        59   -4.5049664065e+01    2.0309933287e+03   -8.3231016157e+01    3.8181352092e+01   -2.3116842872e+01    2.1981799254e+00   -1.1209675129e+01   -5.1102678081e+01   -1.0935988241e+01    5.1200000000e+02    2.1419458300e-01    7.2019449870e-01
        60   -4.5057409082e+01    2.0313284619e+03   -8.2104640225e+01    3.7047231142e+01   -2.2795036630e+01    2.9253355739e+00   -1.1132261087e+01   -5.1102678081e+01   -1.0862887376e+01    5.1200000000e+02    2.1209654200e-01    7.1872965495e-01
        61   -4.4986785844e+01    2.0253212150e+03   -8.2580868414e+01    3.7594082569e+01   -2.3590969871e+01    3.1061831113e+00   -1.0993403572e+01   -5.1102678081e+01   -1.0717106582e+01    5.1200000000e+02    2.1124177900e-01    7.1836344401e-01
        62   -4.5138684944e+01    2.0388942405e+03   -8.2719679287e+01    3.7580994344e+01   -2.3208108526e+01    2.5803132194e+00   -1.0989205900e+01   -5.1102678081e+01   -1.0717908028e+01    5.1200000000e+02    2.1325281700e-01    7.1740722656e-01
        63   -4.5022167206e+01    2.0292584400e+03   -8.2166330568e+01    3.7144163362e+01   -2.2952482472e+01    2.8180408107e+00   -1.0929210825e+01   -5.1102678081e+01   -1.0653415112e+01    5.1200000000e+02    2.1109458700e-01    7.1763102214e-01
        64   -4.5013407628e+01    2.0274870233e+03   -8.2425768036e+01    3.7412360409e+01   -2.3073218014e+01    2.7107143013e+00   -1.0960586243e+01   -5.1102678081e+01   -1.0667358856e+01    5.1200000000e+02    2.1132081000e-01    7.1437581380e-01
        65   -4.4984996652e+01    2.0249619546e+03   -8.2622249377e+01    3.7637252724e+01   -2.3087521961e+01    2.6152713645e+00   -1.1047320699e+01   -5.1102678081e+01   -1.0750274098e+01    5.1200000000e+02    2.0924160200e-01    7.1826171875e-01
        66   -4.5034636675e+01    2.0297881481e+03   -8.2318304798e+01    3.7283668123e+01   -2.2984853515e+01    2.8273509693e+00   -1.1058124172e+01   -5.1102678081e+01   -1.0779067135e+01    5.1200000000e+02    2.1076840300e-01    7.2029622396e-01
        67   -4.5112949021e+01    2.0366389170e+03   -8.2716355720e+01    3.7603406699e+01   -2.3505155776e+01    3.0066903039e+00   -1.1115212167e+01   -5.1102678081e+01   -1.0846368019e+01    5.1200000000e+02    2.1092709900e-01    7.1756998698e-01
        68   -4.5012108803e+01    2.0275199343e+03   -8.2051221639e+01    3.7039112836e+01   -2.3127715618e+01    3.1210705873e+00   -1.0941898527e+01   -5.1102678081e+01   -1.0657612160e+01    5.1200000000e+02    2.1001701400e-01    7.1995035807e-01
        69   -4.5019652125e+01    2.0279417017e+03   -8.1896075987e+01    3.6876423862e+01   -2.2488703163e+01    2.6838991285e+00   -1.0988593871e+01   -5.1102678081e+01   -1.0701180875e+01    5.1200000000e+02    2.1284329600e-01    7.1905517578e-01
        70   -4.5012481015e+01    2.0275674412e+03   -8.2423397683e+01    3.7410916669e+01   -2.3102016081e+01    2.8252336186e+00   -1.1043937140e+01   -5.1102678081e+01   -1.0766528966e+01    5.1200000000e+02    2.0890491300e-01    7.1805826823e-01
        71   -4.5036659110e+01    2.0300108475e+03   -8.1961609292e+01    3.6924950182e+01   -2.2873486682e+01    3.0568419194e+00   -1.1042286448e+01   -5.1102678081e+01   -1.0753750255e+01    5.1200000000e+02    2.2433378600e-01    7.1832275391e-01
        72   -4.5033484800e+01    2.0294618540e+03   -8.2233910485e+01    3.7200425685e+01   -2.2931046535e+01    2.9198686899e+00   -1.1120054559e+01   -5.1102678081e+01   -1.0835917542e+01    5.1200000000e+02    2.0609571500e-01    7.1752929688e-01
        73   -4.4927181142e+01    2.0195735120e+03   -8.2098545766e+01    3.7171364624e+01   -2.2749183714e+01    2.9759447386e+00   -1.1222628710e+01   -5.1102678081e+01   -1.0927468054e+01    5.1200000000e+02    2.0710872800e-01    7.1681722005e-01
        74   -4.5144662292e+01    2.0394311920e+03   -8.1921587695e+01    3.6776925403e+01   -2.2428408399e+01    2.6925540373e+00   -1.1083055252e+01   -5.1102678081e+01   -1.0782203608e+01    5.1200000000e+02    2.0650720000e-01    7.1689860026e-01
        75   -4.5053933388e+01    2.0311870289e+03   -8.1513578900e+01    3.6459645512e+01   -2.2611427444e+01    3.1424219366e+00   -1.0941895312e+01   -5.1102678081e+01   -1.0644883333e+01    5.1200000000e+02    2.0282662800e-01    7.2003173828e-01
        76   -4.4985738286e+01    2.0251162548e+03   -8.1854397254e+01    3.6868658968e+01   -2.2538223280e+01    2.8161658018e+00   -1.1029661694e+01   -5.1102678081e+01   -1.0739588230e+01    5.1200000000e+02    2.0329680700e-01    7.1311442057e-01
        77   -4.5032640938e+01    2.0292231234e+03   -8.2515906670e+01    3.7483265733e+01   -2.2932678748e+01    2.6136816254e+00   -1.1094231466e+01   -5.1102678081e+01   -1.0814000728e+01    5.1200000000e+02    2.0383894500e-01    7.1746826172e-01
        78   -4.5008204735e+01    2.0271568027e+03   -8.2350726478e+01    3.7342521743e+01   -2.2585449572e+01    2.5690651255e+00   -1.1231663950e+01   -5.1102678081e+01   -1.0963978610e+01    5.1200000000e+02    2.0347356200e-01    7.1789550781e-01
        79   -4.4971248103e+01    2.0240200882e+03   -8.2150369903e+01    3.7179121800e+01   -2.2847496593e+01    2.8743255572e+00   -1.1074520786e+01   -5.1102678081e+01   -1.0810899335e+01    5.1200000000e+02    2.0817038900e-01    7.1657307943e-01
        80   -4.5132437072e+01    2.0383649725e+03   -8.1983537558e+01    3.6851100486e+01   -2.2683093856e+01    3.0087187952e+00   -1.1206484416e+01   -5.1102678081e+01   -1.0912309176e+01    5.1200000000e+02    2.0410019700e-01    7.1712239583e-01
        81   -4.5069043199e+01    2.0326466356e+03   -8.2271381280e+01    3.7202338081e+01   -2.3075040957e+01    3.0599612922e+00   -1.1153623535e+01   -5.1102678081e+01   -1.0869431455e+01    5.1200000000e+02    2.0491244300e-01    7.1459960938e-01
        82   -4.5011859028e+01    2.0274205135e+03   -8.2009907800e+01    3.6998048772e+01   -2.2749827720e+01    2.8912243490e+00   -1.1048626347e+01   -5.1102678081e+01   -1.0769129236e+01    5.1200000000e+02    2.0319401100e-01    7.1512858073e-01
        83   -4.5066055929e+01    2.0325230321e+03   -8.2317829768e+01    3.7251773839e+01   -2.3591401267e+01    3.3059708050e+00   -1.0929721224e+01   -5.1102678081e+01   -1.0641465893e+01    5.1200000000e+02    2.0458977700e-01    7.2145589193e-01
        84   -4.5032867040e+01    2.0294322964e+03   -8.2377445680e+01    3.7344578640e+01   -2.3430888408e+01    3.1372124862e+00   -1.0981091677e+01   -5.1102678081e+01   -1.0710018066e+01    5.1200000000e+02    2.0452749500e-01    7.1490478516e-01
        85   -4.4984478062e+01    2.0249164824e+03   -8.2677647692e+01    3.7693169629e+01   -2.3163382688e+01    2.6733808002e+00   -1.1084967722e+01   -5.1102678081e+01   -1.0816676715e+01    5.1200000000e+02    2.0623167800e-01    7.1899414062e-01
        86   -4.5020577754e+01    2.0281924491e+03   -8.3149831923e+01    3.8129254169e+01   -2.3413322665e+01    2.4162674283e+00   -1.1050098605e+01   -5.1102678081e+01   -1.0757290414e+01    5.1200000000e+02    2.0556301200e-01    7.1805826823e-01
        87   -4.5004078705e+01    2.0266682318e+03   -8.2852288141e+01    3.7848209437e+01   -2.3799760969e+01    2.9353276489e+00   -1.0885176741e+01   -5.1102678081e+01   -1.0598919260e+01    5.1200000000e+02    2.0471690200e-01    7.1744791667e-01
        88   -4.5031311974e+01    2.0292221293e+03   -8.2294110899e+01    3.7262798925e+01   -2.2982948083e+01    2.8782681577e+00   -1.1086752893e+01   -5.1102678081e+01   -1.0804350100e+01    5.1200000000e+02    2.0388297300e-01    7.1551513672e-01
        89   -4.4975035486e+01    2.0240116359e+03   -8.2242988288e+01    3.7267952803e+01   -2.2887595435e+01    2.7882961105e+00   -1.1041010882e+01   -5.1102678081e+01   -1.0735886592e+01    5.1200000000e+02    2.0717671400e-01    7.1978759766e-01
        90   -4.5018447642e+01    2.0280013604e+03   -8.2584482547e+01    3.7566034905e+01   -2.3360062843e+01    2.9691166329e+00   -1.1090858255e+01   -5.1102678081e+01   -1.0793156940e+01    5.1200000000e+02    2.0340720100e-01    7.1761067708e-01
        91   -4.5033527556e+01    2.0296610635e+03   -8.2596869096e+01    3.7563341540e+01   -2.2980808588e+01    2.4904124257e+00   -1.1003794852e+01   -5.1102678081e+01   -1.0715312414e+01    5.1200000000e+02    2.0363863600e-01    7.1815999349e-01
        92   -4.5072729755e+01    2.0327199590e+03   -8.2113308344e+01    3.7040578589e+01   -2.2943628568e+01    3.1770029714e+00   -1.1244004666e+01   -5.1102678081e+01   -1.0972559930e+01    5.1200000000e+02    2.0272052800e-01    7.1714274089e-01
        93   -4.5114827138e+01    2.0366312580e+03   -8.2479499152e+01    3.7364672014e+01   -2.3130364022e+01    2.9871177096e+00   -1.1233574759e+01   -5.1102678081e+01   -1.0972197442e+01    5.1200000000e+02    2.0227598500e-01    7.1612548828e-01
        94   -4.5020959953e+01    2.0281980829e+03   -8.2948367570e+01    3.7927407617e+01   -2.3510611020e+01    2.7815845042e+00   -1.1116662973e+01   -5.1102678081e+01   -1.0837074338e+01    5.1200000000e+02    2.0248113600e-01    7.1840413411e-01
        95   -4.5067066399e+01    2.0323927392e+03   -8.2842232976e+01    3.7775166576e+01   -2.3867479846e+01    3.2865203585e+00   -1.1158595407e+01   -5.1102678081e+01   -1.0894164998e+01    5.1200000000e+02    2.0301786400e-01    7.1746826172e-01
        96   -4.4943734004e+01    2.0212068626e+03   -8.3135570633e+01    3.8191836629e+01   -2.3359045646e+01    2.4662880668e+00   -1.1140134973e+01   -5.1102678081e+01   -1.0865364121e+01    5.1200000000e+02    2.0389469100e-01    7.1832275391e-01
        97   -4.4941141128e+01    2.0210187715e+03   -8.2827499267e+01    3.7886358139e+01   -2.3473504198e+01    2.8638174794e+00   -1.1115134468e+01   -5.1102678081e+01   -1.0823999300e+01    5.1200000000e+02    2.0873896600e-01    7.1710205078e-01
        98   -4.5050050129e+01    2.0319124872e+03   -8.2852959690e+01    3.7802909560e+01   -2.3348348811e+01    2.6940425057e+00   -1.1095975303e+01   -5.1102678081e+01   -1.0821191672e+01    5.1200000000e+02    2.0441294100e-01    7.1716308594e-01
        99   -4.4990875197e+01    2.0255980701e+03   -8.2449155539e+01    3.7458280342e+01   -2.3077244281e+01    2.8058581464e+00   -1.1075091322e+01   -5.1102678081e+01   -1.0802825994e+01    5.1200000000e+02    2.0684094400e-01    7.1647135417e-01
       100   -4.4944437334e+01    2.0212719932e+03   -8.2450396714e+01    3.7505959380e+01   -2.2827192065e+01    2.7856253696e+00   -1.1306151938e+01   -5.1102678081e+01   -1.1027623912e+01    5.1200000000e+02    2.0326126900e-01    7.1685791016e-01
       101   -4.4966775963e+01    2.0235171889e+03   -8.2298765044e+01    3.7331989081e+01   -2.3066406366e+01    2.9895240875e+00   -1.1119204685e+01   -5.1102678081e+01   -1.0842966540e+01    5.1200000000e+02    2.0408348000e-01    7.1993001302e-01
       102   -4.4989808144e+01    2.0254231661e+03   -8.1948146863e+01    3.6958338718e+01   -2.2715797948e+01    3.0117459517e+00   -1.1141416785e+01   -5.1102678081e+01   -1.0883093768e+01    5.1200000000e+02    2.0457136200e-01    7.1433512370e-01
       103   -4.4990735858e+01    2.0257623287e+03   -8.1939934070e+01    3.6949198212e+01   -2.2559846146e+01    2.9148086826e+00   -1.1192218526e+01   -5.1102678081e+01   -1.0926990495e+01    5.1200000000e+02    2.0255788400e-01    7.1579996745e-01
       104   -4.4980144573e+01    2.0247552913e+03   -8.2305089266e+01    3.7324944693e+01   -2.2711134030e+01    2.5757438454e+00   -1.1067021000e+01   -5.1102678081e+01   -1.0796147728e+01    5.1200000000e+02    2.0427954600e-01    7.1978759766e-01
       105   -4.4915606308e+01    2.0186776725e+03   -8.2076574042e+01    3.7160967733e+01   -2.2754207813e+01    2.8685161500e+00   -1.1088204297e+01   -5.1102678081e+01   -1.0808888817e+01    5.1200000000e+02    2.0390003100e-01    7.1575927734e-01
       106   -4.5053293967e+01    2.0309701832e+03   -8.1873209185e+01    3.6819915218e+01   -2.2818597644e+01    2.9944408952e+00   -1.0946374355e+01   -5.1102678081e+01   -1.0660038446e+01    5.1200000000e+02    2.0468795600e-01    7.2290039062e-01
       107   -4.5014972415e+01    2.0277182804e+03   -8.2904807581e+01    3.7889835167e+01   -2.3395761377e+01    2.7796566355e+00   -1.1186024759e+01   -5.1102678081e+01   -1.0908396509e+01    5.1200000000e+02    2.1613608300e-01    7.1592203776e-01
       108   -4.5047562244e+01    2.0306076347e+03   -8.2298287418e+01    3.7250725174e+01   -2.3147368372e+01    3.0701374837e+00   -1.1118378449e+01   -5.1102678081e+01   -1.0862858306e+01    5.1200000000e+02    2.0471958900e-01    7.2104899089e-01
       109   -4.5014971253e+01    2.0282468387e+03   -8.2188671086e+01    3.7173699834e+01   -2.2864664106e+01    2.7871436094e+00   -1.1008472509e+01   -5.1102678081e+01   -1.0728450479e+01    5.1200000000e+02    2.0773686200e-01    7.1913655599e-01
       110   -4.4988333298e+01    2.0252945687e+03   -8.2454666031e+01    3.7466332733e+01   -2.3340961069e+01    3.0635750484e+00   -1.1074601930e+01   -5.1102678081e+01   -1.0794123438e+01    5.1200000000e+02    2.0423809300e-01    7.1936035156e-01
       111   -4.5012905248e+01    2.0274321666e+03   -8.2551482145e+01    3.7538576897e+01   -2.2959137555e+01    2.6758539761e+00   -1.1165520485e+01   -5.1102678081e+01   -1.0880013898e+01    5.1200000000e+02    2.0436760100e-01    7.1887207031e-01
       112   -4.5086175568e+01    2.0344836484e+03   -8.2678665930e+01    3.7592490362e+01   -2.3205660767e+01    2.7059173071e+00   -1.1076244388e+01   -5.1102678081e+01   -1.0807364125e+01    5.1200000000e+02    2.0540478100e-01    7.1606445312e-01
       113   -4.5058559048e+01    2.0320239700e+03   -8.3227554675e+01    3.8168995627e+01   -2.3150406447e+01    2.2865181864e+00   -1.1260988333e+01   -5.1102678081e+01   -1.0983400827e+01    5.1200000000e+02    2.0338096400e-01    7.2023518880e-01
       114   -4.5014231171e+01    2.0280356504e+03   -8.3391370801e+01    3.8377139630e+01   -2.3795534567e+01    2.5497302658e+00   -1.1042888418e+01   -5.1102678081e+01   -1.0768866901e+01    5.1200000000e+02    2.0412428500e-01    7.1756998698e-01
       115   -4.4991582203e+01    2.0255573965e+03   -8.2902202878e+01    3.7910620675e+01   -2.3062848464e+01    2.5478272212e+00   -1.1284503555e+01   -5.1102678081e+01   -1.1006368518e+01    5.1200000000e+02    2.0300784900e-01    7.1675618490e-01
       116   -4.5098324594e+01    2.0353629877e+03   -8.2705556702e+01    3.7607232109e+01   -2.3344019148e+01    2.8023210325e+00   -1.1061180505e+01   -5.1102678081e+01   -1.0793073694e+01    5.1200000000e+02    2.0534743500e-01    7.1405029297e-01
       117   -4.5012982098e+01    2.0274613494e+03   -8.2588644027e+01    3.7575661930e+01   -2.2914806330e+01    2.4589729525e+00   -1.1030132568e+01   -5.1102678081e+01   -1.0777027502e+01    5.1200000000e+02    2.0547786400e-01    7.2062174479e-01
       118   -4.5028512859e+01    2.0288661287e+03   -8.2740585300e+01    3.7712072442e+01   -2.3084767964e+01    2.6409488045e+00   -1.1194088060e+01   -5.1102678081e+01   -1.0937627761e+01    5.1200000000e+02    2.0523892000e-01    7.1944173177e-01
       119   -4.5024267646e+01    2.0283203479e+03   -8.2505869437e+01    3.7481601791e+01   -2.3044313038e+01    2.8442970346e+00   -1.1203175353e+01   -5.1102678081e+01   -1.0927955374e+01    5.1200000000e+02    2.0723862200e-01    7.2206624349e-01
       120   -4.5020939390e+01    2.0282144090e+03   -8.2528810059e+01    3.7507870670e+01   -2.3281882641e+01    3.0002045006e+00   -1.1144453838e+01   -5.1102678081e+01   -1.0863699931e+01    5.1200000000e+02    2.0496535400e-01    7.1887207031e-01
       121   -4.4979234374e+01    2.0246510514e+03   -8.2244742498e+01    3.7265508124e+01   -2.2962601004e+01    2.9331794103e+00   -1.1112642823e+01   -5.1102678081e+01   -1.0832550613e+01    5.1200000000e+02    2.0347268200e-01    7.1850585938e-01
       122   -4.5099870044e+01    2.0353412964e+03   -8.1909372687e+01    3.6809502643e+01   -2.2902555042e+01    3.2402802133e+00   -1.1144419778e+01   -5.1102678081e+01   -1.0851165825e+01    5.1200000000e+02    2.0723516600e-01    7.1966552734e-01
       123   -4.4974593163e+01    2.0239828718e+03   -8.2071619666e+01    3.7097026504e+01   -2.2868620096e+01    3.0390014531e+00   -1.1139322942e+01   -5.1102678081e+01   -1.0837074950e+01    5.1200000000e+02    2.0327544500e-01    7.1740722656e-01
       124   -4.5126322745e+01    2.0380675636e+03   -8.2733804240e+01    3.7607481495e+01   -2.3689980585e+01    3.1896192568e+00   -1.1130764830e+01   -5.1102678081e+01   -1.0837809296e+01    5.1200000000e+02    2.0392193500e-01    7.1756998698e-01
       125   -4.5002228018e+01    2.0267438562e+03   -8.2855386959e+01    3.7853158941e+01   -2.2927472520e+01    2.2919649308e+00   -1.1117201289e+01   -5.1102678081e+01   -1.0805534897e+01    5.1200000000e+02    2.0428631200e-01    7.1527099609e-01
       126   -4.5138151572e+01    2.0391630453e+03   -8.1956174333e+01    3.6818022762e+01   -2.2658678689e+01    2.8269846770e+00   -1.1021802240e+01   -5.1102678081e+01   -1.0730112388e+01    5.1200000000e+02    2.0199241500e-01    7.1862792969e-01
       127   -4.5093572708e+01    2.0346831530e+03   -8.1715362437e+01    3.6621789729e+01   -2.2385281998e+01    2.9326572344e+00   -1.1160059592e+01   -5.1102678081e+01   -1.0872795810e+01    5.1200000000e+02    2.0297999900e-01    7.1974690755e-01
       128   -4.4983563645e+01    2.0247615148e+03   -8.1770811766e+01    3.6787248121e+01   -2.2285093822e+01    2.6797530718e+00   -1.1062792935e+01   -5.1102678081e+01   -1.0764903071e+01    5.1200000000e+02    2.0258335000e-01    7.1693929036e-01
       129   -4.4954924771e+01    2.0225934303e+03   -8.2256518427e+01    3.7301593657e+01   -2.2773858789e+01    2.7097456058e+00   -1.1089727163e+01   -5.1102678081e+01   -1.0819408857e+01    5.1200000000e+02    2.0724232200e-01    7.1846516927e-01
       130   -4.5056524525e+01    2.0317366682e+03   -8.2234295243e+01    3.7177770718e+01   -2.3336007153e+01    3.2009940355e+00   -1.0996604044e+01   -5.1102678081e+01   -1.0731997579e+01    5.1200000000e+02    2.0421731400e-01    7.1722412109e-01
       131   -4.5008897955e+01    2.0272450353e+03   -8.2334189714e+01    3.7325291759e+01   -2.3033841486e+01    2.8393184866e+00   -1.1036988634e+01   -5.1102678081e+01   -1.0759750558e+01    5.1200000000e+02    2.0406022200e-01    7.1673583984e-01
       132   -4.5050451130e+01    2.0310381537e+03   -8.2695324314e+01    3.7644873184e+01   -2.3088761844e+01    2.6622009588e+00   -1.1166085348e+01   -5.1102678081e+01   -1.0888781794e+01    5.1200000000e+02    2.0409734200e-01    7.1990966797e-01
       133   -4.4964614840e+01    2.0232503329e+03   -8.2182455837e+01    3.7217840997e+01   -2.2589399118e+01    2.6053356068e+00   -1.1095714244e+01   -5.1102678081e+01   -1.0813387038e+01    5.1200000000e+02    2.0294436300e-01    7.1858723958e-01
       134   -4.4955439616e+01    2.0225188503e+03   -8.2431689139e+01    3.7476249523e+01   -2.3193134824e+01    2.7729191289e+00   -1.0908795362e+01   -5.1102678081e+01   -1.0611563322e+01    5.1200000000e+02    2.0384044200e-01    7.2033691406e-01
       135   -4.4972874506e+01    2.0238839298e+03   -8.2444045214e+01    3.7471170708e+01   -2.3005326447e+01    2.6568559346e+00   -1.0992896620e+01   -5.1102678081e+01   -1.0713546477e+01    5.1200000000e+02    2.0435858300e-01    7.1832275391e-01
       136   -4.5014955268e+01    2.0275407314e+03   -8.1905993980e+01    3.6891038713e+01   -2.2463742226e+01    2.7452809195e+00   -1.1084854593e+01   -5.1102678081e+01   -1.0812303668e+01    5.1200000000e+02    2.0405627800e-01    7.1712239583e-01
       137   -4.5114578763e+01    2.0366541872e+03   -8.2258024661e+01    3.7143445898e+01   -2.2756128977e+01    2.7701915559e+00   -1.1169409159e+01   -5.1102678081e+01   -1.0903552007e+01    5.1200000000e+02    2.0614800300e-01    7.1608479818e-01
       138   -4.5071874817e+01    2.0329061113e+03   -8.2372683292e+01    3.7300808475e+01   -2.2916490624e+01    2.9108273309e+00   -1.1264341918e+01   -5.1102678081e+01   -1.0989191989e+01    5.1200000000e+02    2.1329826300e-01    7.1877034505e-01
       139   -4.5070143590e+01    2.0327321268e+03   -8.1557084465e+01    3.6486940875e+01   -2.2175641419e+01    2.8905426458e+00   -1.1169307611e+01   -5.1102678081e+01   -1.0905578108e+01    5.1200000000e+02    2.1444680100e-01    7.2159830729e-01
       140   -4.5067910972e+01    2.0324464193e+03   -8.1586826684e+01    3.6518915713e+01   -2.2283701204e+01    3.0112255962e+00   -1.1211672995e+01   -5.1102678081e+01   -1.0933511077e+01    5.1200000000e+02    2.1040608500e-01    7.1830240885e-01
       141   -4.5003821476e+01    2.0265849799e+03   -8.1571286582e+01    3.6567465106e+01   -2.1985047469e+01    2.6979942783e+00   -1.1181555310e+01   -5.1102678081e+01   -1.0919922069e+01    5.1200000000e+02    2.1018559600e-01    7.2292073568e-01
       142   -4.4961060254e+01    2.0228249164e+03   -8.2019352079e+01    3.7058291825e+01   -2.2312842830e+01    2.5495473554e+00   -1.1153378523e+01   -5.1102678081e+01   -1.0863533630e+01    5.1200000000e+02    2.1046275200e-01    7.1978759766e-01
       143   -4.5056169377e+01    2.0314792296e+03   -8.1948792011e+01    3.6892622633e+01   -2.2742978504e+01    2.8533071299e+00   -1.0956442555e+01   -5.1102678081e+01   -1.0682395124e+01    5.1200000000e+02    2.1319062200e-01    7.1697998047e-01
       144   -4.5032657782e+01    2.0295519706e+03   -8.2461885797e+01    3.7429228015e+01   -2.3204418794e+01    2.9643089043e+00   -1.1119097825e+01   -5.1102678081e+01   -1.0841706730e+01    5.1200000000e+02    2.1146336200e-01    7.1697998047e-01
       145   -4.5101180690e+01    2.0356300552e+03   -8.2164333610e+01    3.7063152920e+01   -2.3215039398e+01    3.3764059129e+00   -1.1223022044e+01   -5.1102678081e+01   -1.0941612614e+01    5.1200000000e+02    2.1129422400e-01    7.1437581380e-01
       146   -4.5056918050e+01    2.0313842054e+03   -8.2140870878e+01    3.7083952829e+01   -2.2846151099e+01    3.0124783161e+00   -1.1204520015e+01   -5.1102678081e+01   -1.0928333085e+01    5.1200000000e+02    2.1498486200e-01    7.1972656250e-01
       147   -4.5021920726e+01    2.0284564280e+03   -8.2673060592e+01    3.7651139866e+01   -2.3028991616e+01    2.5408192082e+00   -1.1082210103e+01   -5.1102678081e+01   -1.0796097532e+01    5.1200000000e+02    2.1184795200e-01    7.2054036458e-01
       148   -4.4911702469e+01    2.0186208639e+03   -8.2039679041e+01    3.7127976572e+01   -2.2441469487e+01    2.7216271293e+00   -1.1217158602e+01   -5.1102678081e+01   -1.0913653528e+01    5.1200000000e+02    2.1104506400e-01    7.1557617188e-01
       149   -4.4948734287e+01    2.0216447766e+03   -8.1842512508e+01    3.6893778221e+01   -2.2619883902e+01    2.9708146033e+00   -1.1090765129e+01   -5.1102678081e+01   -1.0791114452e+01    5.1200000000e+02    2.1573704100e-01    7.1693929036e-01
       150   -4.5079026402e+01    2.0336797405e+03   -8.1417050260e+01    3.6338023859e+01   -2.2354748548e+01    3.1965134055e+00   -1.1156137037e+01   -5.1102678081e+01   -1.0875417667e+01    5.1200000000e+02    2.1029649000e-01    7.1883138021e-01
       151   -4.5027561566e+01    2.0295598814e+03   -8.1339568184e+01    3.6312006618e+01   -2.2488651864e+01    3.3234015522e+00   -1.1071639791e+01   -5.1102678081e+01   -1.0781049749e+01    5.1200000000e+02    2.1205954800e-01    7.1820068359e-01
       152   -4.5143529523e+01    2.0416348904e+03   -8.1544797045e+01    3.6401267522e+01   -2.2709063071e+01    3.3253488294e+00   -1.1058404722e+01   -5.1102678081e+01   -1.0766237199e+01    5.1200000000e+02    2.1055120200e-01    7.1818033854e-01
       153   -4.5051178795e+01    2.0310982229e+03   -8.1905594750e+01    3.6854415955e+01   -2.2790964316e+01    2.9801182950e+00   -1.0992070649e+01   -5.1102678081e+01   -1.0699827457e+01    5.1200000000e+02    2.1960586600e-01    7.1492513021e-01
       154   -4.5122159999e+01    2.0374812089e+03   -8.2490256557e+01    3.7368096558e+01   -2.3049615066e+01    2.8383432247e+00   -1.1176306635e+01   -5.1102678081e+01   -1.0893867365e+01    5.1200000000e+02    2.1252873000e-01    7.2019449870e-01
       155   -4.4988800488e+01    2.0253491611e+03   -8.2552832910e+01    3.7564032422e+01   -2.3539611241e+01    3.1661796292e+00   -1.1076723217e+01   -5.1102678081e+01   -1.0794219960e+01    5.1200000000e+02    2.0905430100e-01    7.1663411458e-01
       156   -4.5064401980e+01    2.0320985348e+03   -8.2040147608e+01    3.6975745628e+01   -2.2859917876e+01    2.9282140672e+00   -1.1005765718e+01   -5.1102678081e+01   -1.0710869338e+01    5.1200000000e+02    2.1347611700e-01    7.1632893880e-01
       157   -4.4992433281e+01    2.0255629553e+03   -8.2628198259e+01    3.7635764978e+01   -2.3300846711e+01    2.7105688343e+00   -1.0935242302e+01   -5.1102678081e+01   -1.0649592508e+01    5.1200000000e+02    2.0391373700e-01    7.1584065755e-01
       158   -4.4935510471e+01    2.0204290788e+03   -8.2608373545e+01    3.7672863073e+01   -2.3504553354e+01    3.1309530066e+00   -1.1132095116e+01   -5.1102678081e+01   -1.0834898039e+01    5.1200000000e+02    2.0437807800e-01    7.1451822917e-01
       159   -4.5054030943e+01    2.0311844661e+03   -8.1974491734e+01    3.6920460792e+01   -2.2959785676e+01    3.0434562635e+00   -1.0955484241e+01   -5.1102678081e+01   -1.0663495198e+01    5.1200000000e+02    2.0713669100e-01    7.1785481771e-01
       160   -4.5092977721e+01    2.0356442305e+03   -8.2341827193e+01    3.7248849472e+01   -2.3005179875e+01    2.8517599161e+00   -1.1085729153e+01   -5.1102678081e+01   -1.0809863223e+01    5.1200000000e+02    2.0490782300e-01    7.1667480469e-01
       161   -4.4940436677e+01    2.0209057143e+03   -8.3080746193e+01    3.8140309516e+01   -2.4219197907e+01    3.2690235743e+00   -1.1027893779e+01   -5.1102678081e+01   -1.0748203103e+01    5.1200000000e+02    2.0417929700e-01    7.1504720052e-01
       162   -4.4967245038e+01    2.0233692000e+03   -8.2434820087e+01    3.7467575050e+01   -2.3803795764e+01    3.5105750824e+00   -1.1038921324e+01   -5.1102678081e+01   -1.0760676330e+01    5.1200000000e+02    2.0429068400e-01    7.1702067057e-01
       163   -4.5033424091e+01    2.0294806184e+03   -8.2534076846e+01    3.7500652755e+01   -2.3501359256e+01    2.9520911023e+00   -1.0882130611e+01   -5.1102678081e+01   -1.0589297807e+01    5.1200000000e+02    2.0362206800e-01    7.1925862630e-01
       164   -4.4956314197e+01    2.0228590012e+03   -8.2898101274e+01    3.7941787078e+01   -2.3485219009e+01    2.7405882130e+00   -1.1050792397e+01   -5.1102678081e+01   -1.0771741256e+01    5.1200000000e+02    2.0417484700e-01    7.1457926432e-01
       165   -4.5112052433e+01    2.0366484875e+03   -8.2444802912e+01    3.7332750479e+01   -2.3415222214e+01    3.0663032349e+00   -1.0993205852e+01   -5.1102678081e+01   -1.0709745942e+01    5.1200000000e+02    2.0536308400e-01    7.1822102865e-01
       166   -4.5019376509e+01    2.0279842784e+03   -8.2702668342e+01    3.7683291833e+01   -2.2989563643e+01    2.3920452985e+00   -1.1002471916e+01   -5.1102678081e+01   -1.0735521202e+01    5.1200000000e+02    2.0403272500e-01    7.2090657552e-01
       167   -4.5046658941e+01    2.0304673008e+03   -8.2314593275e+01    3.7267934335e+01   -2.3342744935e+01    3.0278435231e+00   -1.0897013782e+01   -5.1102678081e+01   -1.0612145174e+01    5.1200000000e+02    2.0341569000e-01    7.1944173177e-01
       168   -4.5028255817e+01    2.0289672212e+03   -8.2749402675e+01    3.7721146858e+01   -2.3898883681e+01    3.2261805522e+00   -1.0974021465e+01   -5.1102678081e+01   -1.0687139449e+01    5.1200000000e+02    2.0404149100e-01    7.1504720052e-01
       169   -4.4908096605e+01    2.0178994231e+03   -8.2630795908e+01    3.7722699303e+01   -2.3821969375e+01    3.2539781724e+00   -1.0960126624e+01   -5.1102678081e+01   -1.0676424176e+01    5.1200000000e+02    2.0900331700e-01    7.1750895182e-01
       170   -4.4990918438e+01    2.0254501964e+03   -8.2302749379e+01    3.7311830941e+01   -2.3280756446e+01    2.9084684676e+00   -1.0827783320e+01   -5.1102678081e+01   -1.0549071362e+01    5.1200000000e+02    2.0876754300e-01    7.1683756510e-01
       171   -4.5033391503e+01    2.0296178897e+03   -8.2714805773e+01    3.7681414270e+01   -2.3764885132e+01    3.1950396127e+00   -1.1042282173e+01   -5.1102678081e+01   -1.0758440578e+01    5.1200000000e+02    2.0505752000e-01    7.1950276693e-01
       172   -4.5007648595e+01    2.0270355302e+03   -8.2239491070e+01    3.7231842475e+01   -2.2991507661e+01    3.1260861088e+00   -1.1271391436e+01   -5.1102678081e+01   -1.0993700366e+01    5.1200000000e+02    2.0398819600e-01    7.2035725911e-01
       173   -4.5036688441e+01    2.0302018869e+03   -8.2630079137e+01    3.7593390696e+01   -2.2782957135e+01    2.4249999342e+00   -1.1169443856e+01   -5.1102678081e+01   -1.0896466699e+01    5.1200000000e+02    2.0521707400e-01    7.1695963542e-01
       174   -4.5029292429e+01    2.0292834636e+03   -8.2441145755e+01    3.7411853326e+01   -2.3078904175e+01    3.1113060402e+00   -1.1370869539e+01   -5.1102678081e+01   -1.1103348488e+01    5.1200000000e+02    2.0352673900e-01    7.2106933594e-01
       175   -4.5065308247e+01    2.0321528994e+03   -8.1768952929e+01    3.6703644682e+01   -2.2269035441e+01    2.7724141375e+00   -1.1169653545e+01   -5.1102678081e+01   -1.0911874845e+01    5.1200000000e+02    2.0429787800e-01    7.2009277344e-01
       176   -4.4991518891e+01    2.0255682188e+03   -8.1991227552e+01    3.6999708661e+01   -2.2023889627e+01    2.3534405800e+00   -1.1218100424e+01   -5.1102678081e+01   -1.0957509360e+01    5.1200000000e+02    2.0357028400e-01    7.1702067057e-01
       177   -4.4968075412e+01    2.0236377818e+03   -8.1940142930e+01    3.6972067518e+01   -2.2664418552e+01    2.9208482841e+00   -1.1093894580e+01   -5.1102678081e+01   -1.0812052588e+01    5.1200000000e+02    2.0530784800e-01    7.2369384766e-01
       178   -4.4986655953e+01    2.0252290489e+03   -8.1534291734e+01    3.6547635781e+01   -2.2078203397e+01    2.8174935570e+00   -1.1170903813e+01   -5.1102678081e+01   -1.0881998731e+01    5.1200000000e+02    2.0374970900e-01    7.2113037109e-01
       179   -4.5041320634e+01    2.0300344860e+03   -8.1538455477e+01    3.6497134843e+01   -2.1895569183e+01    2.6096191840e+00   -1.1149827397e+01   -5.1102678081e+01   -1.0871774491e+01    5.1200000000e+02    2.0664208600e-01    7.1875000000e-01
       180   -4.5050528247e+01    2.0306814687e+03   -8.1738962317e+01    3.6688434070e+01   -2.2597435566e+01    2.9559066750e+00   -1.0994755345e+01   -5.1102678081e+01   -1.0728252439e+01    5.1200000000e+02    2.0346046400e-01    7.1962483724e-01
       181   -4.5043748569e+01    2.0303349227e+03   -8.2491848444e+01    3.7448099875e+01   -2.2946516276e+01    2.5525572583e+00   -1.0995211345e+01   -5.1102678081e+01   -1.0724914742e+01    5.1200000000e+02    2.0385874000e-01    7.1852620443e-01
       182   -4.4932603588e+01    2.0203064188e+03   -8.2688216836e+01    3.7755613248e+01   -2.3245820774e+01    2.7625759596e+00   -1.1102293941e+01   -5.1102678081e+01   -1.0822477855e+01    5.1200000000e+02    2.0363907100e-01    7.1881103516e-01
       183   -4.4997554015e+01    2.0263357201e+03   -8.2806079175e+01    3.7808525160e+01   -2.3105779301e+01    2.5015786525e+00   -1.1099200445e+01   -5.1102678081e+01   -1.0810793338e+01    5.1200000000e+02    2.0507910400e-01    7.1868896484e-01
       184   -4.5050643458e+01    2.0310373334e+03   -8.2516968057e+01    3.7466324598e+01   -2.3565139925e+01    3.0662830258e+00   -1.0915433076e+01   -5.1102678081e+01   -1.0632613364e+01    5.1200000000e+02    2.0330401600e-01    7.1575927734e-01
       185   -4.5056544331e+01    2.0316215658e+03   -8.2680962606e+01    3.7624418275e+01   -2.2989078216e+01    2.5138489131e+00   -1.1103055221e+01   -5.1102678081e+01   -1.0836316799e+01    5.1200000000e+02    2.0323177800e-01    7.1840413411e-01
       186   -4.5007198503e+01    2.0270292488e+03   -8.1804834260e+01    3.6797635757e+01   -2.2925093025e+01    3.1897974569e+00   -1.0966860611e+01   -5.1102678081e+01   -1.0688366021e+01    5.1200000000e+02    2.0478380600e-01    7.2011311849e-01
       187   -4.5024127127e+01    2.0284987647e+03   -8.2190399797e+01    3.7166272670e+01   -2.2829427498e+01    2.8014856204e+00   -1.1059779838e+01   -5.1102678081e+01   -1.0761641232e+01    5.1200000000e+02    2.0464380300e-01    7.1738688151e-01
       188   -4.5049149518e+01    2.0308682400e+03   -8.1915776576e+01    3.6866627058e+01   -2.2438349015e+01    2.8287652063e+00   -1.1203514686e+01   -5.1102678081e+01   -1.0903164360e+01    5.1200000000e+02    2.0643756400e-01    7.1567789714e-01
       189   -4.5088555765e+01    2.0345642711e+03   -8.2574551232e+01    3.7485995467e+01   -2.3297680173e+01    2.7946148984e+00   -1.0968807876e+01   -5.1102678081e+01   -1.0682871958e+01    5.1200000000e+02    2.0836724000e-01    7.1889241536e-01
       190   -4.4969943205e+01    2.0238208013e+03   -8.2729253613e+01    3.7759310408e+01   -2.3462436258e+01    2.8786114000e+00   -1.1042750674e+01   -5.1102678081e+01   -1.0748603497e+01    5.1200000000e+02    2.0603013400e-01    7.1952311198e-01
       191   -4.4970564989e+01    2.0237219185e+03   -8.2184526401e+01    3.7213961412e+01   -2.3135135654e+01    3.1413432536e+00   -1.1088055919e+01   -5.1102678081e+01   -1.0808343047e+01    5.1200000000e+02    2.0426039300e-01    7.1765136719e-01
       192   -4.4998284521e+01    2.0261663105e+03   -8.2435204971e+01    3.7436920449e+01   -2.3090542588e+01    2.7765850240e+00   -1.1018569326e+01   -5.1102678081e+01   -1.0718364343e+01    5.1200000000e+02    2.0462827300e-01    7.1976725260e-01
       193   -4.5000795926e+01    2.0264127581e+03   -8.2365842717e+01    3.7365046791e+01   -2.2991928527e+01    2.7258060785e+00   -1.0997042188e+01   -5.1102678081e+01   -1.0698644074e+01    5.1200000000e+02    2.0531632800e-01    7.1490478516e-01
       194   -4.5055524788e+01    2.0311121539e+03   -8.1835154866e+01    3.6779630078e+01   -2.2705467615e+01    2.9001762442e+00   -1.0927185414e+01   -5.1102678081e+01   -1.0627628188e+01    5.1200000000e+02    2.0428641200e-01    7.1632893880e-01
       195   -4.5022574825e+01    2.0284895869e+03   -8.2451833633e+01    3.7429258808e+01   -2.2765112636e+01    2.3206488954e+00   -1.0904691812e+01   -5.1102678081e+01   -1.0615900626e+01    5.1200000000e+02    2.0683081400e-01    7.1547444661e-01
       196   -4.4922521606e+01    2.0192895029e+03   -8.2408032947e+01    3.7485511341e+01   -2.2921844981e+01    2.7069672135e+00   -1.1090477099e+01   -5.1102678081e+01   -1.0806178789e+01    5.1200000000e+02    2.0285549100e-01    7.1417236328e-01
       197   -4.4931059027e+01    2.0201723950e+03   -8.1904572010e+01    3.6973512983e+01   -2.2475357684e+01    2.7495162288e+00   -1.1076052473e+01   -5.1102678081e+01   -1.0785654857e+01    5.1200000000e+02    2.0283500400e-01    7.2102864583e-01
       198   -4.4939987328e+01    2.0207370079e+03   -8.2426328064e+01    3.7486340736e+01   -2.2975554854e+01    2.7135179580e+00   -1.1061613087e+01   -5.1102678081e+01   -1.0764896174e+01    5.1200000000e+02    2.0418659000e-01    7.1988932292e-01
       199   -4.5091067132e+01    2.0348060994e+03   -8.2425781505e+01    3.7334714373e+01   -2.3082577549e+01    2.8954500062e+00   -1.1135975882e+01   -5.1102678081e+01   -1.0854325594e+01    5.1200000000e+02    2.0733049500e-01    7.1769205729e-01
