#   index    LocalEnergy         LocalEnergy_sq      LocalPotential      Kinetic             LocalECP            NonLocalECP         ElecElec            IonIon              MPC                 BlockWeight         BlockCPU            AcceptRatio         
         0   -4.5086091789e+01    2.0344097266e+03   -8.2448369395e+01    3.7362277605e+01   -2.3075581414e+01    2.7694706138e+00   -1.1039580514e+01   -5.1102678081e+01   -1.0756015032e+01    5.1198725909e+02    1.3649782000e-01    9.9591064453e-01
         1   -4.5144822553e+01    2.0400984720e+03   -8.2342188467e+01    3.7197365914e+01   -2.3199340180e+01    2.8929165490e+00   -1.0933086754e+01   -5.1102678081e+01   -1.0651557011e+01    5.1214694345e+02    1.3507097500e-01    9.9584960938e-01
         2   -4.5048843632e+01    2.0309116585e+03   -8.2652697579e+01    3.7603853947e+01   -2.3272250021e+01    2.7751586510e+00   -1.1052928128e+01   -5.1102678081e+01   -1.0769405373e+01    5.0956792937e+02    1.3388544200e-01    9.9601715686e-01
         3   -4.5072493894e+01    2.0328222667e+03   -8.3006807147e+01    3.7934313253e+01   -2.3490793226e+01    2.7693846154e+00   -1.1182720456e+01   -5.1102678081e+01   -1.0907445699e+01    5.1451239559e+02    1.3472888700e-01    9.9700927734e-01
         4   -4.5049088718e+01    2.0307385358e+03   -8.2945133661e+01    3.7896044943e+01   -2.3374660491e+01    2.7459785485e+00   -1.1213773637e+01   -5.1102678081e+01   -1.0936748675e+01    5.1044085441e+02    1.3302283400e-01    9.9457846004e-01
         5   -4.5130826785e+01    2.0380964649e+03   -8.3076823931e+01    3.7945997147e+01   -2.3546588372e+01    2.8320251729e+00   -1.1259582651e+01   -5.1102678081e+01   -1.0989058479e+01    5.1475988592e+02    1.3343247600e-01    9.9646686160e-01
         6   -4.5117666420e+01    2.0371030764e+03   -8.3166733213e+01    3.8049066794e+01   -2.3614699844e+01    2.8429787875e+00   -1.1292334076e+01   -5.1102678081e+01   -1.1023525002e+01    5.1226631220e+02    1.3395040600e-01    9.9605582524e-01
         7   -4.5113130387e+01    2.0364467490e+03   -8.2991678836e+01    3.7878548448e+01   -2.3361435305e+01    2.8238415734e+00   -1.1351407023e+01   -5.1102678081e+01   -1.1085829914e+01    5.0673702105e+02    1.3159331200e-01    9.9519230769e-01
         8   -4.5136271729e+01    2.0384397046e+03   -8.2875285917e+01    3.7739014188e+01   -2.3338084279e+01    2.8417629520e+00   -1.1276286510e+01   -5.1102678081e+01   -1.0999249851e+01    5.1026515233e+02    1.3154145300e-01    9.9672029703e-01
         9   -4.5098047265e+01    2.0351230985e+03   -8.2741146320e+01    3.7643099056e+01   -2.3446794279e+01    3.1300756636e+00   -1.1321749624e+01   -5.1102678081e+01   -1.1039913093e+01    5.0861710432e+02    1.5584301000e-01    9.9587031558e-01
        10   -4.5157529590e+01    2.0405892278e+03   -8.2313565381e+01    3.7156035790e+01   -2.3259639278e+01    3.2517279808e+00   -1.1202976002e+01   -5.1102678081e+01   -1.0916644779e+01    5.1148765699e+02    1.3317500900e-01    9.9569389764e-01
        11   -4.5192341420e+01    2.0436763959e+03   -8.2528471956e+01    3.7336130536e+01   -2.3147787098e+01    2.8789844741e+00   -1.1156991251e+01   -5.1102678081e+01   -1.0867299881e+01    5.1058839356e+02    1.3415842600e-01    9.9632352941e-01
        12   -4.5173264989e+01    2.0419403134e+03   -8.2504921676e+01    3.7331656687e+01   -2.3321868878e+01    3.0465688171e+00   -1.1126943534e+01   -5.1102678081e+01   -1.0846309118e+01    5.1236069534e+02    1.3361285900e-01    9.9663649706e-01
        13   -4.5125780015e+01    2.0376802262e+03   -8.2392348084e+01    3.7266568069e+01   -2.3457320728e+01    3.2455727046e+00   -1.1077921979e+01   -5.1102678081e+01   -1.0796671888e+01    5.1352725221e+02    1.3521785100e-01    9.9623054475e-01
        14   -4.5140389202e+01    2.0390191862e+03   -8.2352834424e+01    3.7212445222e+01   -2.3372069580e+01    3.2305707261e+00   -1.1108657489e+01   -5.1102678081e+01   -1.0829607423e+01    5.1152052167e+02    1.3428033000e-01    9.9585769981e-01
        15   -4.5142833331e+01    2.0390987316e+03   -8.2321554547e+01    3.7178721215e+01   -2.3426575481e+01    3.2804319692e+00   -1.1072732953e+01   -5.1102678081e+01   -1.0793826427e+01    5.1147851232e+02    1.3447486600e-01    9.9559686888e-01
        16   -4.5136954898e+01    2.0385757285e+03   -8.2478513971e+01    3.7341559073e+01   -2.3616309254e+01    3.3826037225e+00   -1.1142130359e+01   -5.1102678081e+01   -1.0866463322e+01    5.1151179623e+02    1.3406505300e-01    9.9596379648e-01
        17   -4.5091623612e+01    2.0344845198e+03   -8.2718606134e+01    3.7626982522e+01   -2.3709233785e+01    3.1923833876e+00   -1.1099077655e+01   -5.1102678081e+01   -1.0822059617e+01    5.1038127809e+02    1.3462084200e-01    9.9607843137e-01
        18   -4.5156052138e+01    2.0403396763e+03   -8.2827112034e+01    3.7671059896e+01   -2.3740170786e+01    3.0929247368e+00   -1.1077187904e+01   -5.1102678081e+01   -1.0806687134e+01    5.0877621949e+02    1.3407355800e-01    9.9630177515e-01
        19   -4.5203463671e+01    2.0449213687e+03   -8.2541077503e+01    3.7337613832e+01   -2.3742920631e+01    3.3156206814e+00   -1.1011099472e+01   -5.1102678081e+01   -1.0737350530e+01    5.1334228167e+02    1.5819288900e-01    9.9681372549e-01
        20   -4.5121327747e+01    2.0372194733e+03   -8.2367647249e+01    3.7246319502e+01   -2.3565945173e+01    3.3491282041e+00   -1.1048152199e+01   -5.1102678081e+01   -1.0772149382e+01    5.0946136574e+02    1.3474590400e-01    9.9767612524e-01
        21   -4.5115576499e+01    2.0374050038e+03   -8.2507578540e+01    3.7392002041e+01   -2.3495606616e+01    3.2614355748e+00   -1.1170729418e+01   -5.1102678081e+01   -1.0895089313e+01    5.0800714714e+02    1.4644954800e-01    9.9501722441e-01
        22   -4.5151079825e+01    2.0399877327e+03   -8.2557323954e+01    3.7406244130e+01   -2.3485088884e+01    3.2331772107e+00   -1.1202734200e+01   -5.1102678081e+01   -1.0932694872e+01    5.0810530640e+02    1.3327589900e-01    9.9593996063e-01
        23   -4.5101867307e+01    2.0355682276e+03   -8.2687630155e+01    3.7585762847e+01   -2.3601369254e+01    3.2287199221e+00   -1.1212302742e+01   -5.1102678081e+01   -1.0946854979e+01    5.0802709222e+02    1.3271967400e-01    9.9557086614e-01
        24   -4.5095858805e+01    2.0349366384e+03   -8.2768483991e+01    3.7672625186e+01   -2.3524604249e+01    3.0556526216e+00   -1.1196854282e+01   -5.1102678081e+01   -1.0934061905e+01    5.0891471151e+02    1.3327348100e-01    9.9576375246e-01
        25   -4.5267490349e+01    2.0597615071e+03   -8.3109493538e+01    3.7842003189e+01   -2.3338256427e+01    2.4612895926e+00   -1.1129848622e+01   -5.1102678081e+01   -1.0864646274e+01    5.0700585519e+02    1.3199971200e-01    9.9525394477e-01
        26   -4.5106917429e+01    2.0359320431e+03   -8.2508358193e+01    3.7401440764e+01   -2.3288392455e+01    2.8872632870e+00   -1.1004550944e+01   -5.1102678081e+01   -1.0740781003e+01    5.0889966047e+02    1.3512513100e-01    9.9570235756e-01
        27   -4.5068806545e+01    2.0325859920e+03   -8.2662337534e+01    3.7593530988e+01   -2.3319367704e+01    2.8537282016e+00   -1.1094019950e+01   -5.1102678081e+01   -1.0833782066e+01    5.0480062299e+02    1.3258728600e-01    9.9585396040e-01
        28   -4.5095850662e+01    2.0350803420e+03   -8.2784617462e+01    3.7688766800e+01   -2.3268696672e+01    2.7627141793e+00   -1.1175956888e+01   -5.1102678081e+01   -1.0915083759e+01    5.0681432166e+02    1.3539570100e-01    9.9605522682e-01
        29   -4.5104193318e+01    2.0355170329e+03   -8.2710660631e+01    3.7606467313e+01   -2.3191702552e+01    2.7735781427e+00   -1.1189858141e+01   -5.1102678081e+01   -1.0929326179e+01    5.0490392163e+02    1.5440706200e-01    9.9603960396e-01
        30   -4.5129882980e+01    2.0380630152e+03   -8.2712052233e+01    3.7582169253e+01   -2.3257391171e+01    2.7891186226e+00   -1.1141101604e+01   -5.1102678081e+01   -1.0876762111e+01    5.0702754872e+02    1.3315517500e-01    9.9488412229e-01
        31   -4.5112186458e+01    2.0364376387e+03   -8.2633006770e+01    3.7520820312e+01   -2.3234930434e+01    2.8919942229e+00   -1.1187392478e+01   -5.1102678081e+01   -1.0922975149e+01    5.0503708911e+02    1.3453359800e-01    9.9480198020e-01
        32   -4.5063249102e+01    2.0319165825e+03   -8.2932815220e+01    3.7869566118e+01   -2.3310734263e+01    2.6526680449e+00   -1.1172070921e+01   -5.1102678081e+01   -1.0910280056e+01    5.0490331069e+02    1.3415086500e-01    9.9554455446e-01
        33   -4.5092364241e+01    2.0344823656e+03   -8.2762315682e+01    3.7669951441e+01   -2.2967863217e+01    2.5348950249e+00   -1.1226669409e+01   -5.1102678081e+01   -1.0973151755e+01    5.0687154740e+02    1.3766534700e-01    9.9605522682e-01
        34   -4.5129837312e+01    2.0380691189e+03   -8.3026907347e+01    3.7897070035e+01   -2.3248554982e+01    2.5538059971e+00   -1.1229480281e+01   -5.1102678081e+01   -1.0980214193e+01    5.0701890602e+02    1.3816323900e-01    9.9673323471e-01
        35   -4.5099860613e+01    2.0353318107e+03   -8.3075853993e+01    3.7975993379e+01   -2.3417096230e+01    2.6819028297e+00   -1.1237982512e+01   -5.1102678081e+01   -1.0996954412e+01    5.0805932766e+02    1.3712017700e-01    9.9655511811e-01
        36   -4.5148458955e+01    2.0396691434e+03   -8.3241882153e+01    3.8093423198e+01   -2.3427586530e+01    2.5936801097e+00   -1.1305297652e+01   -5.1102678081e+01   -1.1064025666e+01    5.1010369519e+02    1.3897236200e-01    9.9577205882e-01
        37   -4.5116134316e+01    2.0366376980e+03   -8.3208433601e+01    3.8092299285e+01   -2.3506717681e+01    2.7242542387e+00   -1.1323292078e+01   -5.1102678081e+01   -1.1078726724e+01    5.1010577542e+02    1.3874516600e-01    9.9595588235e-01
        38   -4.5164095378e+01    2.0411320284e+03   -8.3068898670e+01    3.7904803292e+01   -2.3389804218e+01    2.7038176908e+00   -1.1280234062e+01   -5.1102678081e+01   -1.1024681902e+01    5.0814323344e+02    1.3522765300e-01    9.9587844488e-01
        39   -4.5228524062e+01    2.0469504155e+03   -8.3143326564e+01    3.7914802503e+01   -2.3451818729e+01    2.6794973337e+00   -1.1268327088e+01   -5.1102678081e+01   -1.1011229182e+01    5.0841967866e+02    1.6160331000e-01    9.9624753937e-01
        40   -4.5168447003e+01    2.0419222301e+03   -8.3284125801e+01    3.8115678798e+01   -2.3423935234e+01    2.4719904299e+00   -1.1229502916e+01   -5.1102678081e+01   -1.0969414425e+01    5.0837123388e+02    1.3664538700e-01    9.9624753937e-01
        41   -4.5115546398e+01    2.0368814746e+03   -8.3033707625e+01    3.7918161227e+01   -2.3468081331e+01    2.8975012723e+00   -1.1360449485e+01   -5.1102678081e+01   -1.1094587726e+01    5.0712474915e+02    1.3734067600e-01    9.9587031558e-01
        42   -4.5134395199e+01    2.0384568443e+03   -8.2947455884e+01    3.7813060685e+01   -2.3839706083e+01    3.2045423056e+00   -1.1209614026e+01   -5.1102678081e+01   -1.0938885563e+01    5.0408022904e+02    1.3583503600e-01    9.9510168651e-01
        43   -4.5084948785e+01    2.0339223262e+03   -8.2938347169e+01    3.7853398384e+01   -2.3501497173e+01    2.8922504576e+00   -1.1226422372e+01   -5.1102678081e+01   -1.0957562373e+01    5.0298626107e+02    1.3611286100e-01    9.9577534791e-01
        44   -4.5108508263e+01    2.0361583406e+03   -8.2537143362e+01    3.7428635099e+01   -2.3309335759e+01    3.1200144573e+00   -1.1245143979e+01   -5.1102678081e+01   -1.0982040639e+01    5.0393101027e+02    1.3437607800e-01    9.9596974206e-01
        45   -4.5141482881e+01    2.0389043428e+03   -8.2529411432e+01    3.7387928551e+01   -2.3314826425e+01    3.0930667412e+00   -1.1204973667e+01   -5.1102678081e+01   -1.0939624127e+01    5.0106941517e+02    1.3578457000e-01    9.9575848303e-01
        46   -4.5200963116e+01    2.0443617931e+03   -8.2731510596e+01    3.7530547480e+01   -2.3425787392e+01    3.0911298203e+00   -1.1294174943e+01   -5.1102678081e+01   -1.1035993158e+01    5.0130939116e+02    1.3577893200e-01    9.9569610778e-01
        47   -4.5158040093e+01    2.0403905881e+03   -8.2940272602e+01    3.7782232509e+01   -2.3335852433e+01    2.8608004421e+00   -1.1362542530e+01   -5.1102678081e+01   -1.1107006573e+01    5.0138276521e+02    1.3552761400e-01    9.9569610778e-01
        48   -4.5175077442e+01    2.0423975372e+03   -8.3071783699e+01    3.7896706257e+01   -2.3533631736e+01    2.9135818411e+00   -1.1349055723e+01   -5.1102678081e+01   -1.1099166041e+01    5.0229487702e+02    1.3453810500e-01    9.9614043825e-01
        49   -4.5196962044e+01    2.0444455230e+03   -8.3191138429e+01    3.7994176385e+01   -2.3524411252e+01    2.8071186966e+00   -1.1371167793e+01   -5.1102678081e+01   -1.1120392735e+01    5.0438094605e+02    1.5996989800e-01    9.9578373016e-01
        50   -4.5183695474e+01    2.0430966868e+03   -8.2861166080e+01    3.7677470606e+01   -2.3372834744e+01    2.8873495971e+00   -1.1273002852e+01   -5.1102678081e+01   -1.1009828366e+01    5.0339560706e+02    1.3538215200e-01    9.9558896620e-01
        51   -4.5183717658e+01    2.0429027699e+03   -8.2477293966e+01    3.7293576307e+01   -2.3211904955e+01    3.0655709228e+00   -1.1228281853e+01   -5.1102678081e+01   -1.0966394401e+01    5.0135933226e+02    1.3367102600e-01    9.9538423154e-01
        52   -4.5192206060e+01    2.0435207343e+03   -8.2434733053e+01    3.7242526993e+01   -2.3079897169e+01    2.9716257797e+00   -1.1223783583e+01   -5.1102678081e+01   -1.0961519095e+01    4.9934015747e+02    1.3418416600e-01    9.9517785571e-01
        53   -4.5198204676e+01    2.0442854056e+03   -8.2618101553e+01    3.7419896877e+01   -2.3297582791e+01    2.9905423300e+00   -1.1208383010e+01   -5.1102678081e+01   -1.0946133304e+01    4.9842178835e+02    1.3432865300e-01    9.9623493976e-01
        54   -4.5225724988e+01    2.0467749263e+03   -8.2602674777e+01    3.7376949789e+01   -2.3414703880e+01    3.1463315479e+00   -1.1231624364e+01   -5.1102678081e+01   -1.0970433137e+01    4.9852240060e+02    1.3487061100e-01    9.9598393574e-01
        55   -4.5250073994e+01    2.0489363877e+03   -8.2958103485e+01    3.7708029490e+01   -2.3774405792e+01    3.1217063369e+00   -1.1202725949e+01   -5.1102678081e+01   -1.0944703813e+01    5.0165655024e+02    1.3362389000e-01    9.9544660679e-01
        56   -4.5150391703e+01    2.0420411188e+03   -8.3191197179e+01    3.8040805475e+01   -2.3655470806e+01    2.7615408336e+00   -1.1194589125e+01   -5.1102678081e+01   -1.0932691260e+01    5.0133273659e+02    1.3390008100e-01    9.9631986028e-01
        57   -4.5234913446e+01    2.0475630004e+03   -8.2608795499e+01    3.7373882053e+01   -2.3535083779e+01    3.2518940977e+00   -1.1222927737e+01   -5.1102678081e+01   -1.0961571284e+01    5.0031112421e+02    1.3454663300e-01    9.9618750000e-01
        58   -4.5178635448e+01    2.0426998883e+03   -8.2937304668e+01    3.7758669220e+01   -2.3731798421e+01    3.0939708344e+00   -1.1196799000e+01   -5.1102678081e+01   -1.0932259570e+01    5.0239490363e+02    1.3614426800e-01    9.9570468127e-01
        59   -4.5192717773e+01    2.0446647055e+03   -8.3466011516e+01    3.8273293743e+01   -2.3977285876e+01    2.8844672913e+00   -1.1270514850e+01   -5.1102678081e+01   -1.1003603168e+01    5.0418080939e+02    1.5659486400e-01    9.9634176587e-01
        60   -4.5151992260e+01    2.0402411095e+03   -8.3149201496e+01    3.7997209236e+01   -2.3924425907e+01    3.1650298315e+00   -1.1287127339e+01   -5.1102678081e+01   -1.1023368103e+01    5.0505711387e+02    1.4214488000e-01    9.9566831683e-01
        61   -4.5150054940e+01    2.0399871259e+03   -8.3266620752e+01    3.8116565812e+01   -2.4081840771e+01    3.2052874004e+00   -1.1287389301e+01   -5.1102678081e+01   -1.1029232044e+01    5.0608232261e+02    1.3389769700e-01    9.9530632411e-01
        62   -4.5169334630e+01    2.0417262644e+03   -8.3085218795e+01    3.7915884165e+01   -2.3788625647e+01    3.0838447917e+00   -1.1277759859e+01   -5.1102678081e+01   -1.1020868068e+01    5.0411982615e+02    1.3086630400e-01    9.9528769841e-01
        63   -4.5099613058e+01    2.0352453737e+03   -8.3141818592e+01    3.8042205534e+01   -2.3924946104e+01    3.1121198792e+00   -1.1226314286e+01   -5.1102678081e+01   -1.0972985505e+01    5.0399739997e+02    1.3148709900e-01    9.9671378968e-01
        64   -4.5148698966e+01    2.0399267147e+03   -8.3684906771e+01    3.8536207805e+01   -2.3867302904e+01    2.5268680137e+00   -1.1241793800e+01   -5.1102678081e+01   -1.0989097086e+01    5.0494388687e+02    1.3674452000e-01    9.9504950495e-01
        65   -4.5134891260e+01    2.0385076882e+03   -8.3457955963e+01    3.8323064703e+01   -2.3901795677e+01    2.7996081145e+00   -1.1253090319e+01   -5.1102678081e+01   -1.0998887804e+01    5.0504363916e+02    1.2950892500e-01    9.9690594059e-01
        66   -4.5185410588e+01    2.0431341656e+03   -8.3295991326e+01    3.8110580739e+01   -2.3843910963e+01    2.8972517695e+00   -1.1246654052e+01   -5.1102678081e+01   -1.0987652607e+01    5.0509862653e+02    1.3275281300e-01    9.9529702970e-01
        67   -4.5141955108e+01    2.0391771924e+03   -8.3146665446e+01    3.8004710338e+01   -2.3862360326e+01    2.9557285000e+00   -1.1137355539e+01   -5.1102678081e+01   -1.0883284162e+01    5.0313578543e+02    1.3024414500e-01    9.9546471173e-01
        68   -4.5170035559e+01    2.0415795368e+03   -8.2905190420e+01    3.7735154861e+01   -2.3560934203e+01    2.9684086870e+00   -1.1209986823e+01   -5.1102678081e+01   -1.0954435884e+01    5.0216139393e+02    1.3052195800e-01    9.9564243028e-01
        69   -4.5111648402e+01    2.0364173657e+03   -8.2716722323e+01    3.7605073921e+01   -2.3497990060e+01    3.1292218207e+00   -1.1245276002e+01   -5.1102678081e+01   -1.0981891630e+01    5.0203527869e+02    1.5416656300e-01    9.9514442231e-01
        70   -4.5132174143e+01    2.0382569780e+03   -8.2806090941e+01    3.7673916798e+01   -2.3745608161e+01    3.1954744734e+00   -1.1153279172e+01   -5.1102678081e+01   -1.0889249990e+01    5.0299648854e+02    1.3058092100e-01    9.9552683897e-01
        71   -4.5100836331e+01    2.0354609378e+03   -8.2768692671e+01    3.7667856339e+01   -2.3491254199e+01    2.8762812797e+00   -1.1051041670e+01   -5.1102678081e+01   -1.0795648215e+01    5.0191903152e+02    1.3041953900e-01    9.9626494024e-01
        72   -4.5121894871e+01    2.0373022129e+03   -8.2701958269e+01    3.7580063398e+01   -2.3486384828e+01    3.0937171467e+00   -1.1206612507e+01   -5.1102678081e+01   -1.0948969676e+01    5.0192405111e+02    1.2960095200e-01    9.9576693227e-01
        73   -4.5050258153e+01    2.0308532333e+03   -8.2772664317e+01    3.7722406164e+01   -2.3366610920e+01    2.9948893439e+00   -1.1298264659e+01   -5.1102678081e+01   -1.1045103460e+01    5.0380675913e+02    1.3051267500e-01    9.9510168651e-01
        74   -4.5084014714e+01    2.0347101927e+03   -8.2600341876e+01    3.7516327162e+01   -2.2868226164e+01    2.6509485579e+00   -1.1280386189e+01   -5.1102678081e+01   -1.1022213966e+01    5.0265103286e+02    1.3187307600e-01    9.9577534791e-01
        75   -4.5108182102e+01    2.0360887909e+03   -8.2537501999e+01    3.7429319897e+01   -2.2944221961e+01    2.7476273746e+00   -1.1238229331e+01   -5.1102678081e+01   -1.0981196124e+01    5.1085747056e+02    1.3452035800e-01    9.9522994129e-01
        76   -4.5080122971e+01    2.0337232005e+03   -8.2539055734e+01    3.7458932763e+01   -2.2880142480e+01    2.7458085526e+00   -1.1302043725e+01   -5.1102678081e+01   -1.1042558331e+01    5.1173088381e+02    1.3323845600e-01    9.9603271484e-01
        77   -4.5081247499e+01    2.0338165801e+03   -8.2713253686e+01    3.7632006187e+01   -2.2880305674e+01    2.5297411853e+00   -1.1260011116e+01   -5.1102678081e+01   -1.1009134962e+01    5.1070085471e+02    1.3285202500e-01    9.9620841487e-01
        78   -4.5113413378e+01    2.0367216316e+03   -8.2686165420e+01    3.7572752042e+01   -2.2890337452e+01    2.5512427527e+00   -1.1244392639e+01   -5.1102678081e+01   -1.0999194794e+01    5.0879516925e+02    1.3186983200e-01    9.9588654224e-01
        79   -4.5144608016e+01    2.0392475502e+03   -8.2698403209e+01    3.7553795193e+01   -2.2729732171e+01    2.4379861642e+00   -1.1303979122e+01   -5.1102678081e+01   -1.1058533501e+01    5.0497222705e+02    1.5518211100e-01    9.9498762376e-01
        80   -4.5185939627e+01    2.0430346745e+03   -8.2142526460e+01    3.6956586833e+01   -2.2471522029e+01    2.6901787917e+00   -1.1258505142e+01   -5.1102678081e+01   -1.1012462137e+01    5.0617315200e+02    1.4843437200e-01    9.9654150198e-01
        81   -4.5176951070e+01    2.0426182023e+03   -8.2025308252e+01    3.6848357182e+01   -2.2491546370e+01    2.7768641735e+00   -1.1207947974e+01   -5.1102678081e+01   -1.0964746811e+01    5.0928169243e+02    1.6174139900e-01    9.9656188605e-01
        82   -4.5130297549e+01    2.0382712903e+03   -8.2038702381e+01    3.6908404833e+01   -2.2442083098e+01    2.7640039943e+00   -1.1257945197e+01   -5.1102678081e+01   -1.1013990571e+01    5.0906461394e+02    1.3599336700e-01    9.9631630648e-01
        83   -4.5152040246e+01    2.0402855048e+03   -8.2074750956e+01    3.6922710709e+01   -2.2448123354e+01    2.6429540145e+00   -1.1166903535e+01   -5.1102678081e+01   -1.0918918726e+01    5.0700321575e+02    1.3633911000e-01    9.9525394477e-01
        84   -4.5231959923e+01    2.0474040291e+03   -8.2204651108e+01    3.6972691185e+01   -2.2568988695e+01    2.7628442766e+00   -1.1295828608e+01   -5.1102678081e+01   -1.1043116066e+01    5.0530507350e+02    1.4501127700e-01    9.9535891089e-01
        85   -4.5222509055e+01    2.0465596882e+03   -8.1713511210e+01    3.6491002155e+01   -2.2489493729e+01    3.1655259295e+00   -1.1286865329e+01   -5.1102678081e+01   -1.1035282907e+01    5.0747681543e+02    1.5536972300e-01    9.9611686391e-01
        86   -4.5162625347e+01    2.0410177488e+03   -8.1564392524e+01    3.6401767176e+01   -2.2648582614e+01    3.3717207734e+00   -1.1184852602e+01   -5.1102678081e+01   -1.0933915632e+01    5.0829416158e+02    1.3636773100e-01    9.9606299213e-01
        87   -4.5167107416e+01    2.0413739330e+03   -8.1951680005e+01    3.6784572589e+01   -2.2537931995e+01    2.9888914561e+00   -1.1299961385e+01   -5.1102678081e+01   -1.1054071434e+01    5.0514973969e+02    1.3508165800e-01    9.9597772277e-01
        88   -4.5301607264e+01    2.0537424879e+03   -8.2301799805e+01    3.7000192541e+01   -2.2720221717e+01    2.8639861093e+00   -1.1342886117e+01   -5.1102678081e+01   -1.1103887661e+01    5.0551737708e+02    1.3533949800e-01    9.9647277228e-01
        89   -4.5218966172e+01    2.0464681458e+03   -8.2480533768e+01    3.7261567596e+01   -2.2745914798e+01    2.6991094128e+00   -1.1331050302e+01   -5.1102678081e+01   -1.1097644626e+01    5.0461701319e+02    1.6827096200e-01    9.9689980159e-01
        90   -4.5208966646e+01    2.0461233624e+03   -8.1788391850e+01    3.6579425204e+01   -2.2661442112e+01    3.1945628373e+00   -1.1218834494e+01   -5.1102678081e+01   -1.0979440613e+01    5.0031493341e+02    1.3862493900e-01    9.9706250000e-01
        91   -4.5217398087e+01    2.0460270797e+03   -8.1880211101e+01    3.6662813014e+01   -2.2535963956e+01    3.0662674614e+00   -1.1307836525e+01   -5.1102678081e+01   -1.1074465016e+01    4.9839053190e+02    1.3390619600e-01    9.9629769076e-01
        92   -4.5209247838e+01    2.0452447099e+03   -8.1771368282e+01    3.6562120444e+01   -2.2385845299e+01    2.9633433947e+00   -1.1246188297e+01   -5.1102678081e+01   -1.1006837254e+01    5.0145930406e+02    1.3397884400e-01    9.9619510978e-01
        93   -4.5156220864e+01    2.0402970436e+03   -8.1915920205e+01    3.6759699341e+01   -2.2577329119e+01    3.0340911207e+00   -1.1270004126e+01   -5.1102678081e+01   -1.1034071350e+01    5.0030211469e+02    1.2911360900e-01    9.9625000000e-01
        94   -4.5230324020e+01    2.0471332842e+03   -8.2147990020e+01    3.6917666000e+01   -2.2886760180e+01    3.1314026203e+00   -1.1289954379e+01   -5.1102678081e+01   -1.1057423670e+01    5.0134152193e+02    1.2881765000e-01    9.9519710579e-01
        95   -4.5162935632e+01    2.0411391491e+03   -8.2000981636e+01    3.6838046003e+01   -2.2729383049e+01    3.1354446884e+00   -1.1304365194e+01   -5.1102678081e+01   -1.1068002709e+01    5.0133004705e+02    1.2933011400e-01    9.9663173653e-01
        96   -4.5232374408e+01    2.0474567634e+03   -8.1914761904e+01    3.6682387496e+01   -2.2524730235e+01    3.0741165771e+00   -1.1361470165e+01   -5.1102678081e+01   -1.1128560279e+01    5.0232071651e+02    1.2917393900e-01    9.9657619522e-01
        97   -4.5280602012e+01    2.0517631269e+03   -8.1817011711e+01    3.6536409699e+01   -2.2733412459e+01    3.3922786976e+00   -1.1373199868e+01   -5.1102678081e+01   -1.1143756481e+01    5.0559956940e+02    1.2979474900e-01    9.9647277228e-01
        98   -4.5301316106e+01    2.0537508167e+03   -8.1947170440e+01    3.6645854335e+01   -2.2767903036e+01    3.2890455753e+00   -1.1365634899e+01   -5.1102678081e+01   -1.1135966624e+01    5.0675521040e+02    1.3309754900e-01    9.9549160079e-01
        99   -4.5281852504e+01    2.0517227646e+03   -8.1616542546e+01    3.6334690042e+01   -2.2478668438e+01    3.3199332513e+00   -1.1355129278e+01   -5.1102678081e+01   -1.1125349712e+01    5.0674322808e+02    1.5403524300e-01    9.9580039526e-01
       100   -4.5203790405e+01    2.0445393842e+03   -8.1988796373e+01    3.6785005967e+01   -2.2620022894e+01    3.1292303777e+00   -1.1395325775e+01   -5.1102678081e+01   -1.1161765038e+01    5.0748059802e+02    1.3070952000e-01    9.9667159763e-01
       101   -4.5215502992e+01    2.0456431900e+03   -8.1892556192e+01    3.6677053201e+01   -2.2549198790e+01    3.2288085418e+00   -1.1469487863e+01   -5.1102678081e+01   -1.1238219462e+01    5.0928892743e+02    1.3319988600e-01    9.9594793713e-01
       102   -4.5240886624e+01    2.0481706043e+03   -8.2042911335e+01    3.6802024711e+01   -2.2718952650e+01    3.2627576971e+00   -1.1484038301e+01   -5.1102678081e+01   -1.1254527864e+01    5.0934481628e+02    1.3090259000e-01    9.9594793713e-01
       103   -4.5239868105e+01    2.0482163927e+03   -8.1988448334e+01    3.6748580229e+01   -2.2925682073e+01    3.4156238732e+00   -1.1375712053e+01   -5.1102678081e+01   -1.1139066009e+01    5.1040284054e+02    1.3214543300e-01    9.9613970588e-01
       104   -4.5237190476e+01    2.0479720247e+03   -8.1846619814e+01    3.6609429338e+01   -2.2758687114e+01    3.4359898604e+00   -1.1421244479e+01   -5.1102678081e+01   -1.1182229710e+01    5.1341217473e+02    1.3189296800e-01    9.9622319688e-01
       105   -4.5136388343e+01    2.0387352985e+03   -8.1668348502e+01    3.6531960159e+01   -2.2766685047e+01    3.5750469522e+00   -1.1374032326e+01   -5.1102678081e+01   -1.1129091504e+01    5.1311365054e+02    1.3210237300e-01    9.9585769981e-01
       106   -4.5178353499e+01    2.0425798531e+03   -8.1675928509e+01    3.6497575010e+01   -2.2872261220e+01    3.6886589003e+00   -1.1389648109e+01   -5.1102678081e+01   -1.1144259977e+01    5.1497837806e+02    1.3268777800e-01    9.9617718447e-01
       107   -4.5138622404e+01    2.0390285579e+03   -8.2063834704e+01    3.6925212299e+01   -2.2764380241e+01    3.2451488763e+00   -1.1441925258e+01   -5.1102678081e+01   -1.1195429104e+01    5.1493998223e+02    1.3385036600e-01    9.9496359223e-01
       108   -4.5232198838e+01    2.0472332680e+03   -8.1632218496e+01    3.6400019658e+01   -2.2439981718e+01    3.2849630129e+00   -1.1374521710e+01   -5.1102678081e+01   -1.1129890003e+01    5.1409990608e+02    1.3299105000e-01    9.9653453307e-01
       109   -4.5216180655e+01    2.0458169438e+03   -8.1767813895e+01    3.6551633240e+01   -2.2453248513e+01    3.1600727152e+00   -1.1371960016e+01   -5.1102678081e+01   -1.1131367413e+01    5.1129759754e+02    1.5522858800e-01    9.9675880626e-01
       110   -4.5220795794e+01    2.0464665467e+03   -8.1859848314e+01    3.6639052521e+01   -2.2633371352e+01    3.2154036548e+00   -1.1339202536e+01   -5.1102678081e+01   -1.1092565440e+01    5.1226741515e+02    1.3181494600e-01    9.9603271484e-01
       111   -4.5190292946e+01    2.0439716905e+03   -8.1944368102e+01    3.6754075156e+01   -2.2623524880e+01    3.1922989191e+00   -1.1410464060e+01   -5.1102678081e+01   -1.1167827048e+01    5.1121891000e+02    1.3169017600e-01    9.9694227006e-01
       112   -4.5134085543e+01    2.0387706897e+03   -8.2191230961e+01    3.7057145418e+01   -2.2706475317e+01    2.9790022456e+00   -1.1361079809e+01   -5.1102678081e+01   -1.1118936516e+01    5.1098059853e+02    1.3201250000e-01    9.9541340509e-01
       113   -4.5208244089e+01    2.0453394683e+03   -8.1880104732e+01    3.6671860643e+01   -2.2663091461e+01    3.2475118789e+00   -1.1361847068e+01   -5.1102678081e+01   -1.1119989390e+01    5.1103754967e+02    1.3208258300e-01    9.9565802348e-01
       114   -4.5181960476e+01    2.0428795992e+03   -8.1986595846e+01    3.6804635370e+01   -2.2581633789e+01    3.1076204463e+00   -1.1409904422e+01   -5.1102678081e+01   -1.1170062492e+01    5.1116194326e+02    1.3225370900e-01    9.9455724070e-01
       115   -4.5148268058e+01    2.0396720307e+03   -8.2169249185e+01    3.7020981127e+01   -2.2635410449e+01    2.9183498783e+00   -1.1349510533e+01   -5.1102678081e+01   -1.1108982072e+01    5.1099099085e+02    1.3163416300e-01    9.9608610568e-01
       116   -4.5186077005e+01    2.0432482568e+03   -8.1872043549e+01    3.6685966544e+01   -2.2479964342e+01    3.1360182821e+00   -1.1425419407e+01   -5.1102678081e+01   -1.1181762678e+01    5.1000153964e+02    1.3216337800e-01    9.9601715686e-01
       117   -4.5164918899e+01    2.0413177873e+03   -8.1947444606e+01    3.6782525707e+01   -2.2554365481e+01    3.0826208043e+00   -1.1373021847e+01   -5.1102678081e+01   -1.1126703536e+01    5.0806112421e+02    1.3035934900e-01    9.9569389764e-01
       118   -4.5133497074e+01    2.0382913191e+03   -8.2258217120e+01    3.7124720046e+01   -2.2808066946e+01    3.0273837179e+00   -1.1374855811e+01   -5.1102678081e+01   -1.1139173288e+01    5.0594199480e+02    1.2984918900e-01    9.9604743083e-01
       119   -4.5118588022e+01    2.0368611368e+03   -8.2252247847e+01    3.7133659825e+01   -2.2699072788e+01    2.8458418542e+00   -1.1296338833e+01   -5.1102678081e+01   -1.1057958254e+01    5.0685384644e+02    1.5364048500e-01    9.9543885602e-01
       120   -4.5083286103e+01    2.0338357385e+03   -8.2612989317e+01    3.7529703214e+01   -2.2861324443e+01    2.5675716400e+00   -1.1216558433e+01   -5.1102678081e+01   -1.0978531142e+01    5.0671542368e+02    1.3009631700e-01    9.9611686391e-01
       121   -4.5173527292e+01    2.0418777943e+03   -8.2226710712e+01    3.7053183420e+01   -2.2544941452e+01    2.6996730659e+00   -1.1278764245e+01   -5.1102678081e+01   -1.1035354155e+01    5.0688162603e+02    1.3084557600e-01    9.9648668639e-01
       122   -4.5166312956e+01    2.0412526847e+03   -8.2257671731e+01    3.7091358775e+01   -2.2661812461e+01    2.7329634928e+00   -1.1226144681e+01   -5.1102678081e+01   -1.0991187247e+01    5.0509191905e+02    1.3036706000e-01    9.9610148515e-01
       123   -4.5175633051e+01    2.0421612831e+03   -8.2329246745e+01    3.7153613693e+01   -2.2527931948e+01    2.5792250513e+00   -1.1277861767e+01   -5.1102678081e+01   -1.1042480136e+01    5.0508581701e+02    1.3034994800e-01    9.9659653465e-01
       124   -4.5194313070e+01    2.0437836320e+03   -8.2328355700e+01    3.7134042630e+01   -2.2887115685e+01    2.9290087038e+00   -1.1267570638e+01   -5.1102678081e+01   -1.1026964329e+01    5.0217226789e+02    1.2825737600e-01    9.9576693227e-01
       125   -4.5146048468e+01    2.0394738908e+03   -8.2415094074e+01    3.7269045606e+01   -2.2781337710e+01    2.7377422862e+00   -1.1268820570e+01   -5.1102678081e+01   -1.1019509525e+01    5.0913921893e+02    1.3142648900e-01    9.9588654224e-01
       126   -4.5150924866e+01    2.0399511102e+03   -8.2301831545e+01    3.7150906679e+01   -2.2773275991e+01    2.8121986266e+00   -1.1238076100e+01   -5.1102678081e+01   -1.0988907003e+01    5.0595987578e+02    1.3039467700e-01    9.9654150198e-01
       127   -4.5103502368e+01    2.0356528616e+03   -8.2419740902e+01    3.7316238534e+01   -2.2920412982e+01    2.8268127949e+00   -1.1223462634e+01   -5.1102678081e+01   -1.0971908305e+01    5.0587891860e+02    1.3063200900e-01    9.9647974308e-01
       128   -4.5119034297e+01    2.0371669853e+03   -8.2759433449e+01    3.7640399152e+01   -2.2947397916e+01    2.5332923587e+00   -1.1242649810e+01   -5.1102678081e+01   -1.0990249316e+01    5.0980955009e+02    1.3221001700e-01    9.9638480392e-01
       129   -4.5105090011e+01    2.0357741908e+03   -8.2562241837e+01    3.7457151826e+01   -2.3221124910e+01    2.9669195938e+00   -1.1205358439e+01   -5.1102678081e+01   -1.0955736606e+01    5.0875298980e+02    1.5622354500e-01    9.9545677800e-01
       130   -4.5138454440e+01    2.0386952236e+03   -8.2143995682e+01    3.7005541242e+01   -2.2801695061e+01    2.8904660856e+00   -1.1130088625e+01   -5.1102678081e+01   -1.0886807916e+01    5.0781632968e+02    1.3210195400e-01    9.9673966535e-01
       131   -4.5173632378e+01    2.0419308191e+03   -8.1957615295e+01    3.6783982917e+01   -2.2886461958e+01    3.2063710879e+00   -1.1174846344e+01   -5.1102678081e+01   -1.0930479514e+01    5.0703450358e+02    1.3046062100e-01    9.9624013807e-01
       132   -4.5200868341e+01    2.0443384717e+03   -8.1910617796e+01    3.6709749455e+01   -2.2861946898e+01    3.2063851865e+00   -1.1152378004e+01   -5.1102678081e+01   -1.0911126825e+01    5.0616823555e+02    1.3057949400e-01    9.9586215415e-01
       133   -4.5177722374e+01    2.0423520362e+03   -8.2084460865e+01    3.6906738491e+01   -2.2933914780e+01    3.0508325131e+00   -1.1098700517e+01   -5.1102678081e+01   -1.0853902177e+01    5.0921197932e+02    1.3320952500e-01    9.9600933202e-01
       134   -4.5098115636e+01    2.0350246927e+03   -8.2389199710e+01    3.7291084075e+01   -2.3107085207e+01    3.0222620205e+00   -1.1201698443e+01   -5.1102678081e+01   -1.0958336167e+01    5.1189833723e+02    1.3308308100e-01    9.9639892578e-01
       135   -4.5162363283e+01    2.0409861684e+03   -8.2635966855e+01    3.7473603572e+01   -2.3325515707e+01    3.0169793077e+00   -1.1224752374e+01   -5.1102678081e+01   -1.0981698586e+01    5.1088204438e+02    1.3178244500e-01    9.9522994129e-01
       136   -4.5193596215e+01    2.0444621164e+03   -8.2664283492e+01    3.7470687278e+01   -2.3434095729e+01    3.0262419806e+00   -1.1153751663e+01   -5.1102678081e+01   -1.0904277941e+01    5.1107658432e+02    1.3193652700e-01    9.9535225049e-01
       137   -4.5238971033e+01    2.0481095337e+03   -8.2689606468e+01    3.7450635435e+01   -2.3430619538e+01    3.0350508503e+00   -1.1191359700e+01   -5.1102678081e+01   -1.0939007379e+01    5.1226730446e+02    1.3334557000e-01    9.9621582031e-01
       138   -4.5179566587e+01    2.0426073545e+03   -8.2429148475e+01    3.7249581888e+01   -2.3033713943e+01    2.8893082678e+00   -1.1182064718e+01   -5.1102678081e+01   -1.0935102517e+01    5.1224881996e+02    1.3871484500e-01    9.9621582031e-01
       139   -4.5246714449e+01    2.0486392778e+03   -8.2217586918e+01    3.6970872469e+01   -2.3011157104e+01    2.9133145065e+00   -1.1017066239e+01   -5.1102678081e+01   -1.0766120465e+01    5.0825608047e+02    1.5495846800e-01    9.9593996063e-01
       140   -4.5243640189e+01    2.0483485022e+03   -8.2238811729e+01    3.6995171541e+01   -2.2980782897e+01    2.9142711921e+00   -1.1069621944e+01   -5.1102678081e+01   -1.0820409878e+01    5.0745395346e+02    1.3920159400e-01    9.9648668639e-01
       141   -4.5280984856e+01    2.0518346221e+03   -8.2416895717e+01    3.7135910861e+01   -2.3118941791e+01    2.8867006458e+00   -1.1081976490e+01   -5.1102678081e+01   -1.0833391751e+01    5.0753684183e+02    1.3959174200e-01    9.9605522682e-01
       142   -4.5263419590e+01    2.0508774855e+03   -8.2542194637e+01    3.7278775047e+01   -2.3058520660e+01    2.6676454109e+00   -1.1048641307e+01   -5.1102678081e+01   -1.0794669944e+01    5.0559012958e+02    1.3095230600e-01    9.9554455446e-01
       143   -4.5301106538e+01    2.0538617314e+03   -8.2364397996e+01    3.7063291458e+01   -2.2928723455e+01    2.6951991595e+00   -1.1028195619e+01   -5.1102678081e+01   -1.0776043340e+01    5.0564959417e+02    1.3118087300e-01    9.9542079208e-01
       144   -4.5295008836e+01    2.0532668079e+03   -8.2120698525e+01    3.6825689689e+01   -2.2923365758e+01    2.9232049314e+00   -1.1017859617e+01   -5.1102678081e+01   -1.0766922923e+01    5.0877575053e+02    1.3260076000e-01    9.9575541339e-01
       145   -4.5261978851e+01    2.0502303456e+03   -8.2234831676e+01    3.6972852825e+01   -2.3147720320e+01    3.0579982881e+00   -1.1042431563e+01   -5.1102678081e+01   -1.0794587451e+01    5.0957882710e+02    1.3191432500e-01    9.9539538310e-01
       146   -4.5251287661e+01    2.0494718746e+03   -8.2332802614e+01    3.7081514953e+01   -2.3356203770e+01    3.1367465756e+00   -1.1010667338e+01   -5.1102678081e+01   -1.0763207116e+01    5.1145872708e+02    1.3305194200e-01    9.9626956947e-01
       147   -4.5189497081e+01    2.0436191810e+03   -8.2494065731e+01    3.7304568650e+01   -2.3419698105e+01    3.0900114482e+00   -1.1061700993e+01   -5.1102678081e+01   -1.0807325939e+01    5.1526549678e+02    1.3404667700e-01    9.9575242718e-01
       148   -4.5114868322e+01    2.0367426509e+03   -8.2411342156e+01    3.7296473833e+01   -2.3374866638e+01    3.1396185882e+00   -1.1073416025e+01   -5.1102678081e+01   -1.0824742296e+01    5.1488139146e+02    1.3434840000e-01    9.9654126214e-01
       149   -4.5154928051e+01    2.0405672893e+03   -8.2232792836e+01    3.7077864785e+01   -2.3384834959e+01    3.2760540096e+00   -1.1021333805e+01   -5.1102678081e+01   -1.0773480699e+01    5.1777671973e+02    1.5879507500e-01    9.9481177606e-01
       150   -4.5110693235e+01    2.0364863071e+03   -8.2724220616e+01    3.7613527381e+01   -2.3326523176e+01    2.7799968630e+00   -1.1075016222e+01   -5.1102678081e+01   -1.0828048224e+01    5.1676686803e+02    1.3456622100e-01    9.9552707930e-01
       151   -4.5137708236e+01    2.0386302566e+03   -8.2473125751e+01    3.7335417515e+01   -2.3566498339e+01    3.1729093093e+00   -1.0976858640e+01   -5.1102678081e+01   -1.0729750495e+01    5.1770565170e+02    1.3552286900e-01    9.9619932432e-01
       152   -4.5147861280e+01    2.0396963536e+03   -8.2239096893e+01    3.7091235613e+01   -2.3205892032e+01    3.1314028529e+00   -1.1061929633e+01   -5.1102678081e+01   -1.0819442967e+01    5.1880711621e+02    1.3435305300e-01    9.9572495183e-01
       153   -4.5168668051e+01    2.0414625149e+03   -8.1948575327e+01    3.6779907276e+01   -2.3077721507e+01    3.2895912526e+00   -1.1057766991e+01   -5.1102678081e+01   -1.0814522966e+01    5.1890284914e+02    1.3386438400e-01    9.9650770713e-01
       154   -4.5128925298e+01    2.0378374710e+03   -8.2123591823e+01    3.6994666525e+01   -2.2980825001e+01    3.0844141134e+00   -1.1124502855e+01   -5.1102678081e+01   -1.0876497434e+01    5.1783107693e+02    1.3442306000e-01    9.9565637066e-01
       155   -4.5177822750e+01    2.0427269327e+03   -8.2107555202e+01    3.6929732452e+01   -2.3146789398e+01    3.2283550500e+00   -1.1086442773e+01   -5.1102678081e+01   -1.0838406250e+01    5.1885153110e+02    1.3435878700e-01    9.9572495183e-01
       156   -4.5153453775e+01    2.0401854287e+03   -8.2208708101e+01    3.7055254326e+01   -2.3246043030e+01    3.2286049245e+00   -1.1088591915e+01   -5.1102678081e+01   -1.0842547808e+01    5.1990285855e+02    1.3537771900e-01    9.9753605769e-01
       157   -4.5182318041e+01    2.0429839434e+03   -8.2049415807e+01    3.6867097766e+01   -2.3079006998e+01    3.2506837337e+00   -1.1118414461e+01   -5.1102678081e+01   -1.0872535690e+01    5.1789224567e+02    1.3391005400e-01    9.9607866795e-01
       158   -4.5105174624e+01    2.0360231724e+03   -8.2257076549e+01    3.7151901925e+01   -2.3097002962e+01    3.0079885029e+00   -1.1065384009e+01   -5.1102678081e+01   -1.0818084767e+01    5.1780008286e+02    1.3440022000e-01    9.9553571429e-01
       159   -4.5116596696e+01    2.0368853425e+03   -8.2034352640e+01    3.6917755944e+01   -2.2794436421e+01    2.9278094769e+00   -1.1065047614e+01   -5.1102678081e+01   -1.0814379193e+01    5.1861769039e+02    1.6113532500e-01    9.9602601156e-01
       160   -4.5147144840e+01    2.0401234541e+03   -8.2580721952e+01    3.7433577112e+01   -2.2967305767e+01    2.5338262820e+00   -1.1044564386e+01   -5.1102678081e+01   -1.0788833439e+01    5.1873564109e+02    1.4091220800e-01    9.9608622351e-01
       161   -4.5193228575e+01    2.0435512012e+03   -8.2438075505e+01    3.7244846930e+01   -2.2924531742e+01    2.6988551829e+00   -1.1109720864e+01   -5.1102678081e+01   -1.0856481014e+01    5.2093852972e+02    1.3923834700e-01    9.9646113244e-01
       162   -4.5170721419e+01    2.0417461353e+03   -8.2579923006e+01    3.7409201587e+01   -2.3256474451e+01    2.9218714708e+00   -1.1142641945e+01   -5.1102678081e+01   -1.0895698226e+01    5.1997708183e+02    1.4108064000e-01    9.9591346154e-01
       163   -4.5253041375e+01    2.0492330424e+03   -8.2484661241e+01    3.7231619866e+01   -2.3074782259e+01    2.8657134871e+00   -1.1172914388e+01   -5.1102678081e+01   -1.0921413764e+01    5.1716154396e+02    1.4099328600e-01    9.9558752418e-01
       164   -4.5245163184e+01    2.0485193562e+03   -8.2209388159e+01    3.6964224975e+01   -2.2910711597e+01    2.8932633085e+00   -1.1089261789e+01   -5.1102678081e+01   -1.0833012266e+01    5.1739103469e+02    1.4136481100e-01    9.9649419729e-01
       165   -4.5201846889e+01    2.0447472670e+03   -8.2277542489e+01    3.7075695599e+01   -2.2981842007e+01    2.8691738098e+00   -1.1062196211e+01   -5.1102678081e+01   -1.0810040338e+01    5.1822847052e+02    1.4234611700e-01    9.9650096525e-01
       166   -4.5227464336e+01    2.0474829249e+03   -8.2202469383e+01    3.6975005047e+01   -2.3014196153e+01    3.0006042092e+00   -1.1086199358e+01   -5.1102678081e+01   -1.0832434464e+01    5.1512254819e+02    1.3981338600e-01    9.9520631068e-01
       167   -4.5216310374e+01    2.0461317303e+03   -8.2318561057e+01    3.7102250684e+01   -2.3157511310e+01    3.0470609795e+00   -1.1105432646e+01   -5.1102678081e+01   -1.0848422177e+01    5.1618498255e+02    1.4072247700e-01    9.9612403101e-01
       168   -4.5210653440e+01    2.0455338099e+03   -8.2863938095e+01    3.7653284655e+01   -2.3347894696e+01    2.7383869751e+00   -1.1151752293e+01   -5.1102678081e+01   -1.0896152805e+01    5.1717127869e+02    1.4083054900e-01    9.9709864603e-01
       169   -4.5162610312e+01    2.0410607669e+03   -8.2611357362e+01    3.7448747051e+01   -2.3184947108e+01    2.7463529187e+00   -1.1070085092e+01   -5.1102678081e+01   -1.0812305106e+01    5.1206853879e+02    1.6389843900e-01    9.9542236328e-01
       170   -4.5134472058e+01    2.0385898853e+03   -8.2783263037e+01    3.7648790979e+01   -2.3344447162e+01    2.7292748282e+00   -1.1065412622e+01   -5.1102678081e+01   -1.0808591106e+01    5.1390401919e+02    1.4032081500e-01    9.9641293774e-01
       171   -4.5167381197e+01    2.0415774302e+03   -8.2463806579e+01    3.7296425382e+01   -2.3225844709e+01    2.8924969935e+00   -1.1027780782e+01   -5.1102678081e+01   -1.0772045476e+01    5.1190088351e+02    1.3847160200e-01    9.9707031250e-01
       172   -4.5216588224e+01    2.0461040092e+03   -8.2461631881e+01    3.7245043657e+01   -2.3068435269e+01    2.7650313228e+00   -1.1055549854e+01   -5.1102678081e+01   -1.0810370415e+01    5.1213625490e+02    1.3948046600e-01    9.9676513672e-01
       173   -4.5247613581e+01    2.0492100321e+03   -8.2613366877e+01    3.7365753296e+01   -2.3195263250e+01    2.7968790571e+00   -1.1112304603e+01   -5.1102678081e+01   -1.0869963121e+01    5.1231462310e+02    1.3970200900e-01    9.9676513672e-01
       174   -4.5267407463e+01    2.0506077622e+03   -8.2458231379e+01    3.7190823917e+01   -2.3205241892e+01    2.9203337109e+00   -1.1070645118e+01   -5.1102678081e+01   -1.0827979177e+01    5.1241795798e+02    1.4558343700e-01    9.9548339844e-01
       175   -4.5200832087e+01    2.0444886000e+03   -8.2547287363e+01    3.7346455276e+01   -2.3145243873e+01    2.7852502107e+00   -1.1084615619e+01   -5.1102678081e+01   -1.0838734555e+01    5.1236952330e+02    1.3862224100e-01    9.9627685547e-01
       176   -4.5202301861e+01    2.0449611759e+03   -8.2393476852e+01    3.7191174990e+01   -2.2998763228e+01    2.8495426091e+00   -1.1141578152e+01   -5.1102678081e+01   -1.0894735327e+01    5.1316164452e+02    1.3998413600e-01    9.9530945419e-01
       177   -4.5160321518e+01    2.0408549648e+03   -8.2554990721e+01    3.7394669203e+01   -2.3033297909e+01    2.6845050032e+00   -1.1103519734e+01   -5.1102678081e+01   -1.0849959539e+01    5.1305408125e+02    1.3998224200e-01    9.9579678363e-01
       178   -4.5175664610e+01    2.0421256390e+03   -8.2488372198e+01    3.7312707588e+01   -2.3144062077e+01    2.8634543715e+00   -1.1105086412e+01   -5.1102678081e+01   -1.0851168002e+01    5.1597571170e+02    1.3895175500e-01    9.9600290698e-01
       179   -4.5179943252e+01    2.0425146608e+03   -8.2262098387e+01    3.7082155135e+01   -2.3094701781e+01    2.9265764218e+00   -1.0991294947e+01   -5.1102678081e+01   -1.0735538041e+01    5.1497412346e+02    1.6451161900e-01    9.9629854369e-01
       180   -4.5169255895e+01    2.0416582995e+03   -8.2623695575e+01    3.7454439680e+01   -2.3309537170e+01    2.8455955065e+00   -1.1057075830e+01   -5.1102678081e+01   -1.0801659044e+01    5.1596688070e+02    1.4105970700e-01    9.9594234496e-01
       181   -4.5190840471e+01    2.0436655832e+03   -8.2821354297e+01    3.7630513827e+01   -2.3494312170e+01    2.6805649057e+00   -1.0904928952e+01   -5.1102678081e+01   -1.0650736275e+01    5.1600526171e+02    1.4073007900e-01    9.9709302326e-01
       182   -4.5219216534e+01    2.0466368028e+03   -8.2618119281e+01    3.7398902747e+01   -2.3366934464e+01    2.7353984950e+00   -1.0883905231e+01   -5.1102678081e+01   -1.0624661527e+01    5.1712801611e+02    1.4053998600e-01    9.9595019342e-01
       183   -4.5171083707e+01    2.0421742086e+03   -8.2594936073e+01    3.7423852367e+01   -2.3579845954e+01    2.9879522792e+00   -1.0900364317e+01   -5.1102678081e+01   -1.0643503645e+01    5.1806762248e+02    1.4153051100e-01    9.9589768340e-01
       184   -4.5148493144e+01    2.0399578706e+03   -8.2760750515e+01    3.7612257371e+01   -2.3399109447e+01    2.7833150578e+00   -1.1042278044e+01   -5.1102678081e+01   -1.0782008892e+01    5.1986719074e+02    1.4151914200e-01    9.9549278846e-01
       185   -4.5164821565e+01    2.0412782514e+03   -8.2748455638e+01    3.7583634073e+01   -2.3424416133e+01    2.7578274234e+00   -1.0979188848e+01   -5.1102678081e+01   -1.0723297760e+01    5.2685039997e+02    1.4215097900e-01    9.9501897533e-01
       186   -4.5151227687e+01    2.0398664355e+03   -8.2758108173e+01    3.7606880486e+01   -2.3637326882e+01    3.0118070287e+00   -1.1029910238e+01   -5.1102678081e+01   -1.0771258270e+01    5.2379904212e+02    1.4181443700e-01    9.9630248092e-01
       187   -4.5123603572e+01    2.0374721488e+03   -8.2505134691e+01    3.7381531118e+01   -2.3410797723e+01    3.0759172086e+00   -1.1067576095e+01   -5.1102678081e+01   -1.0806925071e+01    5.2168499569e+02    1.4179837700e-01    9.9592911877e-01
       188   -4.5207051883e+01    2.0452386836e+03   -8.2224290017e+01    3.7017238134e+01   -2.3519914938e+01    3.3599323819e+00   -1.0961629380e+01   -5.1102678081e+01   -1.0698941001e+01    5.2086799190e+02    1.3789104400e-01    9.9622120921e-01
       189   -4.5188842281e+01    2.0435412819e+03   -8.2384714537e+01    3.7195872256e+01   -2.3369917034e+01    3.1522775473e+00   -1.1064396969e+01   -5.1102678081e+01   -1.0799745289e+01    5.2105122451e+02    1.5915299500e-01    9.9556142035e-01
       190   -4.5134008421e+01    2.0384821591e+03   -8.2413266978e+01    3.7279258557e+01   -2.3195028299e+01    3.0054455255e+00   -1.1121006123e+01   -5.1102678081e+01   -1.0860882984e+01    5.2489267011e+02    1.3790953100e-01    9.9636904762e-01
       191   -4.5210189682e+01    2.0454045184e+03   -8.2168449774e+01    3.6958260092e+01   -2.3076181042e+01    3.1025305548e+00   -1.1092121205e+01   -5.1102678081e+01   -1.0835757393e+01    5.2488314417e+02    1.3772188800e-01    9.9654761905e-01
       192   -4.5237551292e+01    2.0478477050e+03   -8.2114953829e+01    3.6877402538e+01   -2.3136228383e+01    3.2343970248e+00   -1.1110444390e+01   -5.1102678081e+01   -1.0852178320e+01    5.2515693669e+02    1.3782801500e-01    9.9660714286e-01
       193   -4.5176163266e+01    2.0422076189e+03   -8.2410013763e+01    3.7233850497e+01   -2.3216336881e+01    3.1022416514e+00   -1.1193240452e+01   -5.1102678081e+01   -1.0926893663e+01    5.2206697806e+02    1.3907377300e-01    9.9574952107e-01
       194   -4.5213304883e+01    2.0456178351e+03   -8.2445577127e+01    3.7232272244e+01   -2.3180617049e+01    3.0435267973e+00   -1.1205808794e+01   -5.1102678081e+01   -1.0937498763e+01    5.2401571856e+02    1.3830770700e-01    9.9767414122e-01
       195   -4.5172857709e+01    2.0419065379e+03   -8.2502296485e+01    3.7329438777e+01   -2.3184671716e+01    2.9996152067e+00   -1.1214561895e+01   -5.1102678081e+01   -1.0946520441e+01    5.2400835847e+02    1.3798263600e-01    9.9648139313e-01
       196   -4.5155835275e+01    2.0404275706e+03   -8.2020809468e+01    3.6864974193e+01   -2.3059881383e+01    3.2970851897e+00   -1.1155335193e+01   -5.1102678081e+01   -1.0886157499e+01    5.1984598640e+02    1.3564817700e-01    9.9627403846e-01
       197   -4.5077278300e+01    2.0332360589e+03   -8.2159705790e+01    3.7082427490e+01   -2.3119308237e+01    3.2077742072e+00   -1.1145493679e+01   -5.1102678081e+01   -1.0879884089e+01    5.1863214273e+02    1.3666189500e-01    9.9692919075e-01
       198   -4.5132552229e+01    2.0384219705e+03   -8.1959325994e+01    3.6826773766e+01   -2.2966209741e+01    3.2774497498e+00   -1.1167887922e+01   -5.1102678081e+01   -1.0906489270e+01    5.1559684537e+02    1.3378976100e-01    9.9606346899e-01
       199   -4.5086837371e+01    2.0340304376e+03   -8.1851334441e+01    3.6764497070e+01   -2.2973285120e+01    3.3426359643e+00   -1.1118007204e+01   -5.1102678081e+01   -1.0862667678e+01    5.1665050429e+02    1.5799286400e-01    9.9595019342e-01
       200   -4.5098287270e+01    2.0351955692e+03   -8.1789408680e+01    3.6691121410e+01   -2.2767500332e+01    3.2471753174e+00   -1.1166405584e+01   -5.1102678081e+01   -1.0906089790e+01    5.1754682459e+02    1.3592274700e-01    9.9571669884e-01
       201   -4.5102309803e+01    2.0356609871e+03   -8.1978257249e+01    3.6875947446e+01   -2.2856017686e+01    3.1755626362e+00   -1.1195124119e+01   -5.1102678081e+01   -1.0936746196e+01    5.1859637211e+02    1.3620316900e-01    9.9518304432e-01
       202   -4.5103076738e+01    2.0356247939e+03   -8.2005274679e+01    3.6902197941e+01   -2.2826211025e+01    3.1180943655e+00   -1.1194479939e+01   -5.1102678081e+01   -1.0929537834e+01    5.2056994734e+02    1.3593200100e-01    9.9592130518e-01
       203   -4.5034832084e+01    2.0294755697e+03   -8.1861653853e+01    3.6826821769e+01   -2.2865531150e+01    3.2345057545e+00   -1.1127950377e+01   -5.1102678081e+01   -1.0864021311e+01    5.2137275716e+02    1.3670634400e-01    9.9646791188e-01
       204   -4.5123098223e+01    2.0376113398e+03   -8.1867076025e+01    3.6743977802e+01   -2.2950632855e+01    3.2135394670e+00   -1.1027304556e+01   -5.1102678081e+01   -1.0764593858e+01    5.1843075550e+02    1.3526664300e-01    9.9650770713e-01
       205   -4.5137312423e+01    2.0388080947e+03   -8.1632408734e+01    3.6495096311e+01   -2.3029139660e+01    3.3919278634e+00   -1.0892518857e+01   -5.1102678081e+01   -1.0623622385e+01    5.1770883580e+02    1.3514697100e-01    9.9577702703e-01
       206   -4.5233007099e+01    2.0476766565e+03   -8.1810972708e+01    3.6577965609e+01   -2.3076545078e+01    3.4079796381e+00   -1.1039729187e+01   -5.1102678081e+01   -1.0770573252e+01    5.1706623792e+02    1.3467906300e-01    9.9607108317e-01
       207   -4.5218518127e+01    2.0462178068e+03   -8.1516593055e+01    3.6298074927e+01   -2.2909738158e+01    3.4852357020e+00   -1.0989412518e+01   -5.1102678081e+01   -1.0719087933e+01    5.1827440709e+02    1.3581030800e-01    9.9686293436e-01
       208   -4.5075670704e+01    2.0330141030e+03   -8.1993369301e+01    3.6917698597e+01   -2.2923289260e+01    3.1019847813e+00   -1.1069386741e+01   -5.1102678081e+01   -1.0802963525e+01    5.1582344142e+02    1.3599535900e-01    9.9503391473e-01
       209   -4.5123477800e+01    2.0376098072e+03   -8.1913543779e+01    3.6790065980e+01   -2.2902388406e+01    3.0884037302e+00   -1.0996881022e+01   -5.1102678081e+01   -1.0729503630e+01    5.1462591341e+02    1.5784048300e-01    9.9581310680e-01
       210   -4.5081087759e+01    2.0337078347e+03   -8.1907936071e+01    3.6826848312e+01   -2.2734634191e+01    2.9888872429e+00   -1.1059511042e+01   -5.1102678081e+01   -1.0794781607e+01    5.0963595734e+02    1.3569743500e-01    9.9607843137e-01
       211   -4.5089543306e+01    2.0345408596e+03   -8.1558930310e+01    3.6469387004e+01   -2.2264217722e+01    2.9401218731e+00   -1.1132156380e+01   -5.1102678081e+01   -1.0865447863e+01    5.0959230830e+02    1.3430802400e-01    9.9595588235e-01
       212   -4.5095677703e+01    2.0350025991e+03   -8.1593992372e+01    3.6498314670e+01   -2.2324472136e+01    2.9904058303e+00   -1.1157247986e+01   -5.1102678081e+01   -1.0889486756e+01    5.1167810316e+02    1.3327004200e-01    9.9609375000e-01
       213   -4.5092615709e+01    2.0347160156e+03   -8.1728079345e+01    3.6635463636e+01   -2.2290605463e+01    2.8177976376e+00   -1.1152593439e+01   -5.1102678081e+01   -1.0888753894e+01    5.1260135017e+02    1.3684492100e-01    9.9537037037e-01
       214   -4.5052179015e+01    2.0314586522e+03   -8.1746014635e+01    3.6693835620e+01   -2.2391289526e+01    2.8610399690e+00   -1.1113086997e+01   -5.1102678081e+01   -1.0845643529e+01    5.1148323117e+02    1.3250051300e-01    9.9627685547e-01
       215   -4.5083589046e+01    2.0341644888e+03   -8.2016841784e+01    3.6933252737e+01   -2.2649555460e+01    2.8784541148e+00   -1.1143062358e+01   -5.1102678081e+01   -1.0882639653e+01    5.0852379020e+02    1.3357610000e-01    9.9588654224e-01
       216   -4.5062126006e+01    2.0317590078e+03   -8.1882987063e+01    3.6820861057e+01   -2.2533908499e+01    2.9671420094e+00   -1.1213542493e+01   -5.1102678081e+01   -1.0956249054e+01    5.0856710353e+02    1.3394562000e-01    9.9637770138e-01
       217   -4.5060204700e+01    2.0315307251e+03   -8.2046813952e+01    3.6986609252e+01   -2.2447348437e+01    2.7701545931e+00   -1.1266942028e+01   -5.1102678081e+01   -1.1007650209e+01    5.0551343476e+02    1.3182084900e-01    9.9678853755e-01
       218   -4.5038444723e+01    2.0297617036e+03   -8.2391418582e+01    3.7352973860e+01   -2.2714481962e+01    2.6551041068e+00   -1.1229362646e+01   -5.1102678081e+01   -1.0962550894e+01    5.0647935629e+02    1.3159778500e-01    9.9543885602e-01
       219   -4.5026310936e+01    2.0286899134e+03   -8.2403519575e+01    3.7377208639e+01   -2.2910490282e+01    2.9182395555e+00   -1.1308590767e+01   -5.1102678081e+01   -1.1039671441e+01    5.1039843382e+02    1.5601748900e-01    9.9651418787e-01
       220   -4.5106784013e+01    2.0362830109e+03   -8.2184100158e+01    3.7077316146e+01   -2.3275024458e+01    3.4413419696e+00   -1.1247739589e+01   -5.1102678081e+01   -1.0979043497e+01    5.0950312781e+02    1.3219979400e-01    9.9577205882e-01
       221   -4.5060287961e+01    2.0318434564e+03   -8.2465617748e+01    3.7405329787e+01   -2.2918244269e+01    2.8237344961e+00   -1.1268429895e+01   -5.1102678081e+01   -1.0996045594e+01    5.0759933280e+02    1.3152394200e-01    9.9593996063e-01
       222   -4.5043126691e+01    2.0303446571e+03   -8.2393064459e+01    3.7349937769e+01   -2.2782230173e+01    2.8528667304e+00   -1.1361022936e+01   -5.1102678081e+01   -1.1091049627e+01    5.0647802375e+02    1.3168359200e-01    9.9599358974e-01
       223   -4.5060608491e+01    2.0319442796e+03   -8.2095387271e+01    3.7034778780e+01   -2.2854603387e+01    3.1348775591e+00   -1.1272983362e+01   -5.1102678081e+01   -1.1012401676e+01    5.0849446676e+02    1.3170565700e-01    9.9656188605e-01
       224   -4.5069727219e+01    2.0329024836e+03   -8.2434462747e+01    3.7364735527e+01   -2.2832508554e+01    2.7565924993e+00   -1.1255868610e+01   -5.1102678081e+01   -1.0993773448e+01    5.0855298795e+02    1.3341227700e-01    9.9619351670e-01
       225   -4.5101417587e+01    2.0355733953e+03   -8.2732788636e+01    3.7631371050e+01   -2.3035365539e+01    2.7224721606e+00   -1.1317217176e+01   -5.1102678081e+01   -1.1054784802e+01    5.0566849170e+02    1.3202952900e-01    9.9610918972e-01
       226   -4.5114688576e+01    2.0366325752e+03   -8.2698454751e+01    3.7583766176e+01   -2.3079522729e+01    2.8010768072e+00   -1.1317330748e+01   -5.1102678081e+01   -1.1061445941e+01    5.0279446919e+02    1.3027405300e-01    9.9552683897e-01
       227   -4.5038064921e+01    2.0296940013e+03   -8.2728349173e+01    3.7690284252e+01   -2.3060419732e+01    2.7936396965e+00   -1.1358891057e+01   -5.1102678081e+01   -1.1096015484e+01    5.0367311702e+02    1.2991671100e-01    9.9565972222e-01
       228   -4.5072043337e+01    2.0328606528e+03   -8.2545083995e+01    3.7473040657e+01   -2.2651023118e+01    2.5787500373e+00   -1.1370132833e+01   -5.1102678081e+01   -1.1112903398e+01    5.0553973150e+02    1.3248315700e-01    9.9580039526e-01
       229   -4.5115964087e+01    2.0368730790e+03   -8.2486619537e+01    3.7370655450e+01   -2.2771329415e+01    2.6876829794e+00   -1.1300295020e+01   -5.1102678081e+01   -1.1042578898e+01    5.0471024451e+02    1.5392550700e-01    9.9616336634e-01
       230   -4.5092168674e+01    2.0347049684e+03   -8.2673555783e+01    3.7581387109e+01   -2.2755097107e+01    2.5130845229e+00   -1.1328865118e+01   -5.1102678081e+01   -1.1064694996e+01    5.0380900616e+02    1.3082964000e-01    9.9578373016e-01
       231   -4.5152522105e+01    2.0401384993e+03   -8.2671570726e+01    3.7519048620e+01   -2.2772418775e+01    2.6691825997e+00   -1.1465656469e+01   -5.1102678081e+01   -1.1205724976e+01    5.0486932283e+02    1.3025722700e-01    9.9597772277e-01
       232   -4.5112900529e+01    2.0365503234e+03   -8.2803000302e+01    3.7690099773e+01   -2.2788096880e+01    2.5976755283e+00   -1.1509900870e+01   -5.1102678081e+01   -1.1257956341e+01    5.0794584132e+02    1.3226986200e-01    9.9606299213e-01
       233   -4.5166858666e+01    2.0414195711e+03   -8.2897315256e+01    3.7730456590e+01   -2.2954947721e+01    2.5672658730e+00   -1.1406955327e+01   -5.1102678081e+01   -1.1153598041e+01    5.0494884245e+02    1.3069823200e-01    9.9634900990e-01
       234   -4.5164415330e+01    2.0414359471e+03   -8.2862904261e+01    3.7698488932e+01   -2.3101955563e+01    2.7404610492e+00   -1.1398731666e+01   -5.1102678081e+01   -1.1144248225e+01    5.0509163049e+02    1.3071253600e-01    9.9603960396e-01
       235   -4.5148302517e+01    2.0405214082e+03   -8.3002914372e+01    3.7854611855e+01   -2.3358695592e+01    2.8312107034e+00   -1.1372751402e+01   -5.1102678081e+01   -1.1116118609e+01    5.0404473667e+02    1.3064903400e-01    9.9615575397e-01
       236   -4.5179872300e+01    2.0430606662e+03   -8.2640968924e+01    3.7461096624e+01   -2.3189948773e+01    3.0544864031e+00   -1.1402828473e+01   -5.1102678081e+01   -1.1137518508e+01    5.0510896961e+02    1.3162459900e-01    9.9622524752e-01
       237   -4.5168403195e+01    2.0418569954e+03   -8.2665140435e+01    3.7496737240e+01   -2.3208969786e+01    2.9616846628e+00   -1.1315177231e+01   -5.1102678081e+01   -1.1050682453e+01    5.0811788722e+02    1.3106464600e-01    9.9569389764e-01
       238   -4.5096823860e+01    2.0352423076e+03   -8.2814672952e+01    3.7717849092e+01   -2.3140079882e+01    2.8657931117e+00   -1.1437708100e+01   -5.1102678081e+01   -1.1178832508e+01    5.0989866438e+02    1.3292329400e-01    9.9583333333e-01
       239   -4.5117252123e+01    2.0372688819e+03   -8.2650894959e+01    3.7533642836e+01   -2.3066905206e+01    2.9794669551e+00   -1.1460778627e+01   -5.1102678081e+01   -1.1201863388e+01    5.1276143647e+02    1.5619597700e-01    9.9640594542e-01
       240   -4.5079671650e+01    2.0336920547e+03   -8.2795901075e+01    3.7716229425e+01   -2.2965260839e+01    2.7326290672e+00   -1.1460591222e+01   -5.1102678081e+01   -1.1196629119e+01    5.1267583260e+02    1.3280940900e-01    9.9506578947e-01
       241   -4.5104171308e+01    2.0357640507e+03   -8.2377004838e+01    3.7272833530e+01   -2.2704070532e+01    2.8129511863e+00   -1.1383207411e+01   -5.1102678081e+01   -1.1122277952e+01    5.1264703937e+02    1.3428607400e-01    9.9500487329e-01
       242   -4.5121486770e+01    2.0372583527e+03   -8.2079750683e+01    3.6958263914e+01   -2.2353975178e+01    2.7684565265e+00   -1.1391553951e+01   -5.1102678081e+01   -1.1131918233e+01    5.1478639136e+02    1.3351402800e-01    9.9611650485e-01
       243   -4.5061821010e+01    2.0318198910e+03   -8.2159423817e+01    3.7097602806e+01   -2.2381560078e+01    2.6489227336e+00   -1.1324108391e+01   -5.1102678081e+01   -1.1063187064e+01    5.1360941701e+02    1.3462574100e-01    9.9604815175e-01
       244   -4.5128140801e+01    2.0377586898e+03   -8.2111356199e+01    3.6983215398e+01   -2.2406125698e+01    2.7774829694e+00   -1.1380035389e+01   -5.1102678081e+01   -1.1125560159e+01    5.1166180340e+02    1.3557940400e-01    9.9542236328e-01
       245   -4.5125228753e+01    2.0376668046e+03   -8.2347863563e+01    3.7222634811e+01   -2.2815346348e+01    2.9894325079e+00   -1.1419271642e+01   -5.1102678081e+01   -1.1167642258e+01    5.1084975091e+02    1.3591761700e-01    9.9626956947e-01
       246   -4.5113836626e+01    2.0365882734e+03   -8.2168257656e+01    3.7054421030e+01   -2.2600362090e+01    3.0161583781e+00   -1.1481375863e+01   -5.1102678081e+01   -1.1228432021e+01    5.1281831126e+02    1.3671952500e-01    9.9555311891e-01
       247   -4.5083261717e+01    2.0340601326e+03   -8.2151546250e+01    3.7068284532e+01   -2.2770184693e+01    3.1776623060e+00   -1.1456345782e+01   -5.1102678081e+01   -1.1198907118e+01    5.1270550665e+02    1.3638372500e-01    9.9604044834e-01
       248   -4.5088979026e+01    2.0345320861e+03   -8.2519234455e+01    3.7430255429e+01   -2.2579118877e+01    2.6549568928e+00   -1.1492394390e+01   -5.1102678081e+01   -1.1237205284e+01    5.1464831015e+02    1.3549366200e-01    9.9635922330e-01
       249   -4.5090625464e+01    2.0346186206e+03   -8.2274275780e+01    3.7183650316e+01   -2.2418678150e+01    2.6892622452e+00   -1.1442181794e+01   -5.1102678081e+01   -1.1187448187e+01    5.1362752466e+02    1.5737612100e-01    9.9586575875e-01
       250   -4.5126131422e+01    2.0381083745e+03   -8.2386250313e+01    3.7260118891e+01   -2.2695716695e+01    2.8116302708e+00   -1.1399485808e+01   -5.1102678081e+01   -1.1147595873e+01    5.1377887135e+02    1.3665516900e-01    9.9610894942e-01
       251   -4.5167395015e+01    2.0414047771e+03   -8.2344915105e+01    3.7177520090e+01   -2.2687052648e+01    2.7849450949e+00   -1.1340129470e+01   -5.1102678081e+01   -1.1085301523e+01    5.1292616036e+02    1.3403957000e-01    9.9591861598e-01
       252   -4.5180335286e+01    2.0424979709e+03   -8.2327385380e+01    3.7147050094e+01   -2.2729158915e+01    2.8156979134e+00   -1.1311246297e+01   -5.1102678081e+01   -1.1054888224e+01    5.1306695911e+02    1.3379287000e-01    9.9634502924e-01
       253   -4.5192951842e+01    2.0437527310e+03   -8.2457436231e+01    3.7264484389e+01   -2.2920789457e+01    2.8192558782e+00   -1.1253224571e+01   -5.1102678081e+01   -1.0993837069e+01    5.1615757170e+02    1.3250734300e-01    9.9745639535e-01
       254   -4.5137392074e+01    2.0385455101e+03   -8.2440861920e+01    3.7303469846e+01   -2.3023822422e+01    2.9757071539e+00   -1.1290068571e+01   -5.1102678081e+01   -1.1034190242e+01    5.1400916862e+02    1.3365384000e-01    9.9635214008e-01
       255   -4.5167509842e+01    2.0414946270e+03   -8.2528110355e+01    3.7360600513e+01   -2.2801407138e+01    2.6953011599e+00   -1.1319326296e+01   -5.1102678081e+01   -1.1070323647e+01    5.1097423173e+02    1.3201044500e-01    9.9596379648e-01
       256   -4.5170648148e+01    2.0417590850e+03   -8.2455050773e+01    3.7284402624e+01   -2.2987148820e+01    2.9044330493e+00   -1.1269656920e+01   -5.1102678081e+01   -1.1018176279e+01    5.1005959563e+02    1.3248191800e-01    9.9705882353e-01
       257   -4.5189950222e+01    2.0435557366e+03   -8.2163669255e+01    3.6973719033e+01   -2.2928287959e+01    3.0855329085e+00   -1.1218236124e+01   -5.1102678081e+01   -1.0966000252e+01    5.1215214177e+02    1.3366314900e-01    9.9560546875e-01
       258   -4.5101168300e+01    2.0353765297e+03   -8.2217145560e+01    3.7115977260e+01   -2.2858651774e+01    2.9112722383e+00   -1.1167087943e+01   -5.1102678081e+01   -1.0921172016e+01    5.1094774386e+02    1.3136613500e-01    9.9565802348e-01
       259   -4.5112050179e+01    2.0367782670e+03   -8.2470907259e+01    3.7358857080e+01   -2.3092844699e+01    2.8611016034e+00   -1.1136486082e+01   -5.1102678081e+01   -1.0891449196e+01    5.1077566835e+02    1.5515535300e-01    9.9522994129e-01
       260   -4.5107071214e+01    2.0362328397e+03   -8.2334612480e+01    3.7227541267e+01   -2.2854782003e+01    2.8629501614e+00   -1.1240102558e+01   -5.1102678081e+01   -1.0992972719e+01    5.1075221162e+02    1.3089834300e-01    9.9571917808e-01
       261   -4.5154137732e+01    2.0402475005e+03   -8.2235382883e+01    3.7081245150e+01   -2.2830201300e+01    2.9151858410e+00   -1.1217689343e+01   -5.1102678081e+01   -1.0964365994e+01    5.1086867682e+02    1.3138309100e-01    9.9590264188e-01
       262   -4.5178270922e+01    2.0424770399e+03   -8.2058904594e+01    3.6880633671e+01   -2.2844367448e+01    3.1504312651e+00   -1.1262290330e+01   -5.1102678081e+01   -1.1003912456e+01    5.1204484775e+02    1.3213225700e-01    9.9621582031e-01
       263   -4.5251982648e+01    2.0493592408e+03   -8.2194004137e+01    3.6942021488e+01   -2.2836695885e+01    3.0259322496e+00   -1.1280562420e+01   -5.1102678081e+01   -1.1023235604e+01    5.0833348854e+02    1.3084508200e-01    9.9606299213e-01
       264   -4.5223871661e+01    2.0467767012e+03   -8.2147774808e+01    3.6923903146e+01   -2.2929717445e+01    3.1849516543e+00   -1.1300330936e+01   -5.1102678081e+01   -1.1045230405e+01    5.0544575280e+02    1.2934391800e-01    9.9659653465e-01
       265   -4.5225634527e+01    2.0468715679e+03   -8.2396091090e+01    3.7170456563e+01   -2.3208902214e+01    3.1631540285e+00   -1.1247664823e+01   -5.1102678081e+01   -1.1000141374e+01    5.0944420478e+02    1.3143710200e-01    9.9576375246e-01
       266   -4.5232295679e+01    2.0473815597e+03   -8.2324627653e+01    3.7092331974e+01   -2.2843685518e+01    2.8113241939e+00   -1.1189588248e+01   -5.1102678081e+01   -1.0945209861e+01    5.0939391315e+02    1.3128307200e-01    9.9594793713e-01
       267   -4.5236248827e+01    2.0477410466e+03   -8.2035604679e+01    3.6799355853e+01   -2.2702947677e+01    2.9587690818e+00   -1.1188748003e+01   -5.1102678081e+01   -1.0947301851e+01    5.0838819094e+02    1.3136716200e-01    9.9661663386e-01
       268   -4.5274737649e+01    2.0512267725e+03   -8.2284299803e+01    3.7009562154e+01   -2.2865773960e+01    2.9392464884e+00   -1.1255094250e+01   -5.1102678081e+01   -1.1012317320e+01    5.0652879635e+02    1.3068142600e-01    9.9629446640e-01
       269   -4.5242380430e+01    2.0482259817e+03   -8.2687565760e+01    3.7445185330e+01   -2.3027406664e+01    2.7098011805e+00   -1.1267282195e+01   -5.1102678081e+01   -1.1029129919e+01    5.0957199975e+02    1.5424895400e-01    9.9570235756e-01
       270   -4.5278503609e+01    2.0516375468e+03   -8.2347224831e+01    3.7068721222e+01   -2.3284304736e+01    3.3010063879e+00   -1.1261248401e+01   -5.1102678081e+01   -1.1018691587e+01    5.1052735216e+02    1.3241032300e-01    9.9626225490e-01
       271   -4.5290574060e+01    2.0526446131e+03   -8.2353682825e+01    3.7063108765e+01   -2.3104752795e+01    3.1786092668e+00   -1.1324861215e+01   -5.1102678081e+01   -1.1080092425e+01    5.1165912372e+02    1.3140134700e-01    9.9516878669e-01
       272   -4.5317642882e+01    2.0552412360e+03   -8.1745851453e+01    3.6428208571e+01   -2.2899462510e+01    3.2396222916e+00   -1.0983333154e+01   -5.1102678081e+01   -1.0738248268e+01    5.1071398834e+02    1.3235231700e-01    9.9644607843e-01
       273   -4.5286743569e+01    2.0521018352e+03   -8.2528617554e+01    3.7241873985e+01   -2.2711234871e+01    2.6482584280e+00   -1.1362963030e+01   -5.1102678081e+01   -1.1119681558e+01    5.1374654791e+02    1.3203251300e-01    9.9573586745e-01
       274   -4.5296565717e+01    2.0532363178e+03   -8.2511778366e+01    3.7215212649e+01   -2.2861638978e+01    2.8460722644e+00   -1.1393533571e+01   -5.1102678081e+01   -1.1145819932e+01    5.1262511356e+02    1.3140805800e-01    9.9493408203e-01
       275   -4.5237456430e+01    2.0477573117e+03   -8.2893537397e+01    3.7656080967e+01   -2.3116967812e+01    2.7246120472e+00   -1.1398503551e+01   -5.1102678081e+01   -1.1160084709e+01    5.1155195730e+02    1.3125987600e-01    9.9663649706e-01
       276   -4.5216559176e+01    2.0457835370e+03   -8.2638601180e+01    3.7422042004e+01   -2.2926023449e+01    2.7367585799e+00   -1.1346658230e+01   -5.1102678081e+01   -1.1105094881e+01    5.1238543062e+02    1.3174268200e-01    9.9578857422e-01
       277   -4.5188617410e+01    2.0435694499e+03   -8.2979433088e+01    3.7790815678e+01   -2.3023121045e+01    2.5734250469e+00   -1.1427059009e+01   -5.1102678081e+01   -1.1188271745e+01    5.0923146505e+02    1.3002378100e-01    9.9662328094e-01
       278   -4.5281908564e+01    2.0520310703e+03   -8.2747487519e+01    3.7465578955e+01   -2.2974607531e+01    2.6760412597e+00   -1.1346243166e+01   -5.1102678081e+01   -1.1105781351e+01    5.0841953771e+02    1.3071014500e-01    9.9600147638e-01
       279   -4.5246479064e+01    2.0485495845e+03   -8.2785464135e+01    3.7538985072e+01   -2.2711997742e+01    2.3874252635e+00   -1.1358213576e+01   -5.1102678081e+01   -1.1114923306e+01    5.0957747188e+02    1.5496770800e-01    9.9613212181e-01
       280   -4.5246234444e+01    2.0487049746e+03   -8.2483740236e+01    3.7237505792e+01   -2.2644329188e+01    2.5567166553e+00   -1.1293449623e+01   -5.1102678081e+01   -1.1050134427e+01    5.0743829166e+02    1.3118841600e-01    9.9537721893e-01
       281   -4.5279757087e+01    2.0517536457e+03   -8.2662527760e+01    3.7382770672e+01   -2.2627233695e+01    2.4620941601e+00   -1.1394710144e+01   -5.1102678081e+01   -1.1150858381e+01    5.0855521257e+02    1.3108816800e-01    9.9538631890e-01
       282   -4.5173647657e+01    2.0418743023e+03   -8.2486935717e+01    3.7313288060e+01   -2.2532467098e+01    2.5466366248e+00   -1.1398427163e+01   -5.1102678081e+01   -1.1150865682e+01    5.1135674960e+02    1.3110494800e-01    9.9620841487e-01
       283   -4.5203722720e+01    2.0448249819e+03   -8.2054209541e+01    3.6850486821e+01   -2.2295796220e+01    2.6239013132e+00   -1.1279636553e+01   -5.1102678081e+01   -1.1032915705e+01    5.1212242563e+02    1.3196716200e-01    9.9548339844e-01
       284   -4.5223038344e+01    2.0465462987e+03   -8.2078219414e+01    3.6855181070e+01   -2.2131034458e+01    2.5434383574e+00   -1.1387945232e+01   -5.1102678081e+01   -1.1142478850e+01    5.1323384917e+02    1.3796510500e-01    9.9689327485e-01
       285   -4.5212712294e+01    2.0454749830e+03   -8.2306262968e+01    3.7093550673e+01   -2.2344502154e+01    2.5554589354e+00   -1.1414541668e+01   -5.1102678081e+01   -1.1167983130e+01    5.1625483912e+02    1.3358188800e-01    9.9654796512e-01
       286   -4.5191482142e+01    2.0436289114e+03   -8.2212035818e+01    3.7020553676e+01   -2.2315300264e+01    2.5920775785e+00   -1.1386135051e+01   -5.1102678081e+01   -1.1143504168e+01    5.1416248678e+02    1.3568726300e-01    9.9623054475e-01
       287   -4.5183227648e+01    2.0429967430e+03   -8.2208118585e+01    3.7024890938e+01   -2.2291691556e+01    2.6069068767e+00   -1.1420655825e+01   -5.1102678081e+01   -1.1176031248e+01    5.1209276491e+02    1.3550882900e-01    9.9536132812e-01
       288   -4.5168095609e+01    2.0415899590e+03   -8.2281793435e+01    3.7113697826e+01   -2.2440279131e+01    2.6338368317e+00   -1.1372673055e+01   -5.1102678081e+01   -1.1131981143e+01    5.1006636338e+02    1.3587517900e-01    9.9613970588e-01
       289   -4.5188164691e+01    2.0432165270e+03   -8.2108769030e+01    3.6920604339e+01   -2.2356396949e+01    2.7171861376e+00   -1.1366880137e+01   -5.1102678081e+01   -1.1128434023e+01    5.0711786806e+02    1.5979499600e-01    9.9506903353e-01
       290   -4.5225198459e+01    2.0465350659e+03   -8.2172731624e+01    3.6947533164e+01   -2.2378438872e+01    2.6628314542e+00   -1.1354446125e+01   -5.1102678081e+01   -1.1111391221e+01    5.0227781362e+02    1.3331260900e-01    9.9607818725e-01
       291   -4.5205850967e+01    2.0448383295e+03   -8.2147557584e+01    3.6941706617e+01   -2.2456304524e+01    2.7868667755e+00   -1.1375441754e+01   -5.1102678081e+01   -1.1129732484e+01    5.0036635433e+02    1.3320277400e-01    9.9650000000e-01
       292   -4.5349978782e+01    2.0594076417e+03   -8.2201760113e+01    3.6851781331e+01   -2.2637889408e+01    2.8948184322e+00   -1.1356011056e+01   -5.1102678081e+01   -1.1115056277e+01    4.9855235447e+02    1.3408381900e-01    9.9610943775e-01
       293   -4.5257315659e+01    2.0494184747e+03   -8.2097038936e+01    3.6839723277e+01   -2.2574710764e+01    2.9245920314e+00   -1.1344242121e+01   -5.1102678081e+01   -1.1098366620e+01    5.0572003170e+02    1.3389471800e-01    9.9622524752e-01
       294   -4.5262259844e+01    2.0498353118e+03   -8.1880974220e+01    3.6618714376e+01   -2.2614974805e+01    3.0693796184e+00   -1.1232700953e+01   -5.1102678081e+01   -1.0993170784e+01    5.0654880230e+02    1.3607204500e-01    9.9586215415e-01
       295   -4.5249004747e+01    2.0485827098e+03   -8.2089592875e+01    3.6840588128e+01   -2.2681221938e+01    2.9687769882e+00   -1.1274469844e+01   -5.1102678081e+01   -1.1030470595e+01    5.0749811077e+02    1.5026728000e-01    9.9648668639e-01
       296   -4.5212370497e+01    2.0460780243e+03   -8.1984533487e+01    3.6772162990e+01   -2.2609610224e+01    2.9720968846e+00   -1.1244342067e+01   -5.1102678081e+01   -1.1000164569e+01    5.0735647542e+02    1.3711553900e-01    9.9685650888e-01
       297   -4.5231698096e+01    2.0471487261e+03   -8.2209756905e+01    3.6978058809e+01   -2.2630399516e+01    2.7903410272e+00   -1.1267020335e+01   -5.1102678081e+01   -1.1020684206e+01    5.1032616226e+02    1.3912837300e-01    9.9656862745e-01
       298   -4.5252361089e+01    2.0490420438e+03   -8.2123772658e+01    3.6871411569e+01   -2.2816756803e+01    3.1144839343e+00   -1.1318821709e+01   -5.1102678081e+01   -1.1068673633e+01    5.1140188866e+02    1.3717969300e-01    9.9633072407e-01
       299   -4.5181138841e+01    2.0430354963e+03   -8.2066772534e+01    3.6885633693e+01   -2.2654708667e+01    3.0172946781e+00   -1.1326680464e+01   -5.1102678081e+01   -1.1080758519e+01    5.1123099728e+02    1.6279674700e-01    9.9559686888e-01
