#   index    LocalEnergy         LocalEnergy_sq      LocalPotential      Kinetic             LocalECP            NonLocalECP         ElecElec            IonIon              MPC                 BlockWeight         BlockCPU            AcceptRatio         
         0   -5.2866732179e+01    2.7962173846e+03   -7.3131086439e+01    2.0264354260e+01   -1.7907767039e+01    7.0209927902e+00   -8.5704482728e+00   -5.3673863918e+01   -8.3976089929e+00    4.0961271195e+04    9.7600669900e-01    9.9944849259e-01
         1   -5.2942286738e+01    2.8041226105e+03   -7.3159128729e+01    2.0216841992e+01   -1.7884720992e+01    6.9802760175e+00   -8.5808198370e+00   -5.3673863918e+01   -8.3969048394e+00    4.0971819346e+04    9.6150930400e-01    9.9944200164e-01
         2   -5.3004469524e+01    2.8106664685e+03   -7.3363763065e+01    2.0359293541e+01   -1.7866354218e+01    6.7600568220e+00   -8.5836017512e+00   -5.3673863918e+01   -8.3958555380e+00    4.0967058206e+04    9.6431886800e-01    9.9949307484e-01
         3   -5.3043787821e+01    2.8148432206e+03   -7.3258285111e+01    2.0214497290e+01   -1.7900926313e+01    6.9577326295e+00   -8.6412275095e+00   -5.3673863918e+01   -8.4544020007e+00    4.0945391570e+04    9.7544409500e-01    9.9943429241e-01
         4   -5.3094320219e+01    2.8201982155e+03   -7.3274155607e+01    2.0179835388e+01   -1.7806509847e+01    6.8861849600e+00   -8.6799668023e+00   -5.3673863918e+01   -8.4937453348e+00    4.0989240415e+04    9.8337865500e-01    9.9946987542e-01
         5   -5.3104771577e+01    2.8213103615e+03   -7.3241542803e+01    2.0136771226e+01   -1.7873036163e+01    7.0041328188e+00   -8.6987755408e+00   -5.3673863918e+01   -8.5083284264e+00    4.0960974359e+04    9.9249903600e-01    9.9948054549e-01
         6   -5.3097575111e+01    2.8205076170e+03   -7.3305959361e+01    2.0208384250e+01   -1.7845198642e+01    6.9535508249e+00   -8.7404476263e+00   -5.3673863918e+01   -8.5434986090e+00    4.0960684767e+04    9.7899403600e-01    9.9946089416e-01
         7   -5.3101936248e+01    2.8210002909e+03   -7.3190410265e+01    2.0088474017e+01   -1.7968464495e+01    7.1824807225e+00   -8.7305625755e+00   -5.3673863918e+01   -8.5287030188e+00    4.0962019973e+04    1.0373636930e+00    9.9943355153e-01
         8   -5.3119209146e+01    2.8228371666e+03   -7.3361123783e+01    2.0241914637e+01   -1.7976526863e+01    7.0212925023e+00   -8.7320255049e+00   -5.3673863918e+01   -8.5309358741e+00    4.0938009267e+04    9.8851287500e-01    9.9950563817e-01
         9   -5.3140693111e+01    2.8251374992e+03   -7.3367045536e+01    2.0226352426e+01   -1.8007622738e+01    7.0336978177e+00   -8.7192566987e+00   -5.3673863918e+01   -8.5172932423e+00    4.0959019428e+04    1.0012218970e+00    9.9946403795e-01
        10   -5.3151761473e+01    2.8262871198e+03   -7.3536609364e+01    2.0384847891e+01   -1.8115923786e+01    6.9582879176e+00   -8.7051095774e+00   -5.3673863918e+01   -8.4949943627e+00    4.0964311378e+04    9.7698992100e-01    9.9947990695e-01
        11   -5.3182095459e+01    2.8294843954e+03   -7.3513707722e+01    2.0331612262e+01   -1.8209274736e+01    7.0775305162e+00   -8.7080995845e+00   -5.3673863918e+01   -8.4917054663e+00    4.0962048100e+04    9.7644233600e-01    9.9946545988e-01
        12   -5.3196970578e+01    2.8310565318e+03   -7.3436168342e+01    2.0239197765e+01   -1.8200100064e+01    7.1495332496e+00   -8.7117376105e+00   -5.3673863918e+01   -8.4885274850e+00    4.0948915035e+04    9.7462702900e-01    9.9947700776e-01
        13   -5.3192138750e+01    2.8305428096e+03   -7.3491852942e+01    2.0299714192e+01   -1.8209579153e+01    7.1477999365e+00   -8.7562098074e+00   -5.3673863918e+01   -8.5294560060e+00    4.0975239328e+04    9.7197976400e-01    9.9945391390e-01
        14   -5.3193023359e+01    2.8306461251e+03   -7.3482721132e+01    2.0289697773e+01   -1.8302492244e+01    7.2656533989e+00   -8.7720183692e+00   -5.3673863918e+01   -8.5436713320e+00    4.0981874182e+04    9.7465510800e-01    9.9946460012e-01
        15   -5.3195756132e+01    2.8309326840e+03   -7.3565976071e+01    2.0370219939e+01   -1.8175651113e+01    7.0743296734e+00   -8.7907907141e+00   -5.3673863918e+01   -8.5621386716e+00    4.0976900867e+04    9.7719188500e-01    9.9946712799e-01
        16   -5.3187256449e+01    2.8299700696e+03   -7.3446050483e+01    2.0258794034e+01   -1.8063515970e+01    7.0825956906e+00   -8.7912662854e+00   -5.3673863918e+01   -8.5607824961e+00    4.0965916022e+04    9.7923587900e-01    9.9945994521e-01
        17   -5.3199535805e+01    2.8312859864e+03   -7.3435544560e+01    2.0236008755e+01   -1.8130480107e+01    7.1727643268e+00   -8.8039648617e+00   -5.3673863918e+01   -8.5764319383e+00    4.0960902788e+04    9.8018832000e-01    9.9944170198e-01
        18   -5.3199810709e+01    2.8313001310e+03   -7.3528017886e+01    2.0328207177e+01   -1.8114338229e+01    7.0745150759e+00   -8.8143308152e+00   -5.3673863918e+01   -8.5867599665e+00    4.0951978929e+04    9.7719757000e-01    9.9946886536e-01
        19   -5.3200872975e+01    2.8314502809e+03   -7.3468709520e+01    2.0267836545e+01   -1.8122126542e+01    7.1308936898e+00   -8.8036127497e+00   -5.3673863918e+01   -8.5807093789e+00    4.0968850845e+04    1.0006360120e+00    9.9945447288e-01
        20   -5.3195492474e+01    2.8309127930e+03   -7.3458989722e+01    2.0263497248e+01   -1.8118619868e+01    7.1564876741e+00   -8.8229936103e+00   -5.3673863918e+01   -8.5981477862e+00    4.0956087564e+04    9.7751403400e-01    9.9946590328e-01
        21   -5.3194791542e+01    2.8308400268e+03   -7.3418662518e+01    2.0223870977e+01   -1.7924766398e+01    7.0017249940e+00   -8.8217571962e+00   -5.3673863918e+01   -8.5887876540e+00    4.0937896436e+04    9.6957685200e-01    9.9946107285e-01
        22   -5.3215142541e+01    2.8330106552e+03   -7.3340207609e+01    2.0125065068e+01   -1.7927089851e+01    7.0720990997e+00   -8.8113529398e+00   -5.3673863918e+01   -8.5793796939e+00    4.0968192698e+04    9.8036906600e-01    9.9947868067e-01
        23   -5.3209454490e+01    2.8323773993e+03   -7.3346534034e+01    2.0137079544e+01   -1.7916541286e+01    7.0435700967e+00   -8.7996989269e+00   -5.3673863918e+01   -8.5663815215e+00    4.0967954784e+04    9.8846324000e-01    9.9947940815e-01
        24   -5.3213627686e+01    2.8327850249e+03   -7.3351496871e+01    2.0137869185e+01   -1.7857605054e+01    6.9821437428e+00   -8.8021716414e+00   -5.3673863918e+01   -8.5626661495e+00    4.0943238176e+04    9.9327400600e-01    9.9947622789e-01
        25   -5.3233949640e+01    2.8349978270e+03   -7.3322950736e+01    2.0089001096e+01   -1.7888646356e+01    7.0258473283e+00   -8.7862877905e+00   -5.3673863918e+01   -8.5507442157e+00    4.0939742695e+04    9.7851305900e-01    9.9948359473e-01
        26   -5.3211249431e+01    2.8325658810e+03   -7.3417226082e+01    2.0205976651e+01   -1.7836175904e+01    6.9459265524e+00   -8.8531128119e+00   -5.3673863918e+01   -8.6202252432e+00    4.0941052247e+04    9.8727291400e-01    9.9951006006e-01
        27   -5.3208848272e+01    2.8323178857e+03   -7.3331629903e+01    2.0122781631e+01   -1.7839987098e+01    7.0116508028e+00   -8.8294296900e+00   -5.3673863918e+01   -8.5981157932e+00    4.0968000854e+04    9.8123625500e-01    9.9948247356e-01
        28   -5.3223196479e+01    2.8338731951e+03   -7.3419448795e+01    2.0196252316e+01   -1.7845841645e+01    6.9101994068e+00   -8.8099426387e+00   -5.3673863918e+01   -8.5739288592e+00    4.0963218004e+04    9.7087647100e-01    9.9947610061e-01
        29   -5.3242714629e+01    2.8359118173e+03   -7.3318109458e+01    2.0075394829e+01   -1.7729718567e+01    6.8723584029e+00   -8.7868853756e+00   -5.3673863918e+01   -8.5485868714e+00    4.0964940745e+04    9.7456092800e-01    9.9948498928e-01
        30   -5.3225945923e+01    2.8340733119e+03   -7.3303031489e+01    2.0077085567e+01   -1.7727459378e+01    6.8868267625e+00   -8.7885349558e+00   -5.3673863918e+01   -8.5467438895e+00    4.0963969506e+04    9.7183482900e-01    9.9944797440e-01
        31   -5.3219254779e+01    2.8333633699e+03   -7.3312191466e+01    2.0092936686e+01   -1.7831314535e+01    6.9790233846e+00   -8.7860363973e+00   -5.3673863918e+01   -8.5435298470e+00    4.0963984301e+04    9.8536058500e-01    9.9947109321e-01
        32   -5.3219312231e+01    2.8334108275e+03   -7.3225506179e+01    2.0006193949e+01   -1.7855908415e+01    7.0515925410e+00   -8.7473263872e+00   -5.3673863918e+01   -8.5088447473e+00    4.0976198486e+04    9.8617974100e-01    9.9949143318e-01
        33   -5.3190663832e+01    2.8303027973e+03   -7.3388413733e+01    2.0197749900e+01   -1.7693568869e+01    6.7666624806e+00   -8.7876434262e+00   -5.3673863918e+01   -8.5494802500e+00    4.0952810372e+04    9.9999990900e-01    9.9947146109e-01
        34   -5.3211020803e+01    2.8324922338e+03   -7.3441078465e+01    2.0230057661e+01   -1.7788041886e+01    6.7376563916e+00   -8.7168290523e+00   -5.3673863918e+01   -8.4795638155e+00    4.0946900725e+04    1.0203144310e+00    9.9948451122e-01
        35   -5.3213790615e+01    2.8327911187e+03   -7.3400959088e+01    2.0187168473e+01   -1.7836251495e+01    6.8487024022e+00   -8.7395460772e+00   -5.3673863918e+01   -8.5082767221e+00    4.0961784152e+04    9.8272549200e-01    9.9949303772e-01
        36   -5.3182496564e+01    2.8294254146e+03   -7.3392076314e+01    2.0209579750e+01   -1.7849651685e+01    6.9057238251e+00   -8.7742845368e+00   -5.3673863918e+01   -8.5382937845e+00    4.0962920762e+04    9.8387238400e-01    9.9947483594e-01
        37   -5.3184363958e+01    2.8296677409e+03   -7.3253285839e+01    2.0068921881e+01   -1.7842056501e+01    7.0513697882e+00   -8.7887352082e+00   -5.3673863918e+01   -8.5530542358e+00    4.0962639819e+04    9.8160916000e-01    9.9945416658e-01
        38   -5.3220227280e+01    2.8335107811e+03   -7.3301255049e+01    2.0081027769e+01   -1.7876685470e+01    7.0350128575e+00   -8.7857185185e+00   -5.3673863918e+01   -8.5533597792e+00    4.0973057942e+04    9.6586151500e-01    9.9947822039e-01
        39   -5.3215766742e+01    2.8330735996e+03   -7.3339056917e+01    2.0123290176e+01   -1.7815674510e+01    6.9595686283e+00   -8.8090871183e+00   -5.3673863918e+01   -8.5795250130e+00    4.0957826141e+04    9.7792604500e-01    9.9948848176e-01
        40   -5.3216952342e+01    2.8331683653e+03   -7.3378509421e+01    2.0161557079e+01   -1.7727100981e+01    6.8662287537e+00   -8.8437732756e+00   -5.3673863918e+01   -8.6093696165e+00    4.0963217677e+04    9.6338541100e-01    9.9950248663e-01
        41   -5.3217985042e+01    2.8332888333e+03   -7.3351239223e+01    2.0133254181e+01   -1.7652767273e+01    6.7767760639e+00   -8.8013840957e+00   -5.3673863918e+01   -8.5640541717e+00    4.0957909698e+04    9.6636144200e-01    9.9947344266e-01
        42   -5.3226342440e+01    2.8341550079e+03   -7.3236802463e+01    2.0010460023e+01   -1.7640329584e+01    6.9298521837e+00   -8.8524611450e+00   -5.3673863918e+01   -8.6218485207e+00    4.0971992817e+04    9.6233478600e-01    9.9942559698e-01
        43   -5.3238992067e+01    2.8354798140e+03   -7.3452774125e+01    2.0213782058e+01   -1.7777091356e+01    6.8402510576e+00   -8.8420699091e+00   -5.3673863918e+01   -8.6071713447e+00    4.0964080101e+04    9.7185787400e-01    9.9948614050e-01
        44   -5.3253019752e+01    2.8370005666e+03   -7.3478351308e+01    2.0225331556e+01   -1.7763200377e+01    6.7874161082e+00   -8.8287031211e+00   -5.3673863918e+01   -8.5926562902e+00    4.0972151827e+04    9.7761004000e-01    9.9948707941e-01
        45   -5.3229307066e+01    2.8344926489e+03   -7.3338015442e+01    2.0108708376e+01   -1.7875335169e+01    6.9920186033e+00   -8.7808349583e+00   -5.3673863918e+01   -8.5437091044e+00    4.0972908278e+04    9.8611485000e-01    9.9948071026e-01
        46   -5.3226863482e+01    2.8342110840e+03   -7.3349173137e+01    2.0122309655e+01   -1.7755538927e+01    6.8955452196e+00   -8.8153155118e+00   -5.3673863918e+01   -8.5749914676e+00    4.0958088155e+04    9.8032499100e-01    9.9947355836e-01
        47   -5.3239082246e+01    2.8354954475e+03   -7.3315817901e+01    2.0076735655e+01   -1.7775962866e+01    6.9322362851e+00   -8.7982274024e+00   -5.3673863918e+01   -8.5565440086e+00    4.0963006386e+04    9.8077047400e-01    9.9947791466e-01
        48   -5.3241486507e+01    2.8357540671e+03   -7.3297918354e+01    2.0056431847e+01   -1.7853927098e+01    7.0210870772e+00   -8.7912144155e+00   -5.3673863918e+01   -8.5480617141e+00    4.0963099645e+04    9.7579558000e-01    9.9946171747e-01
        49   -5.3250141197e+01    2.8366401975e+03   -7.3221197007e+01    1.9971055810e+01   -1.7789318432e+01    7.0456226789e+00   -8.8036373364e+00   -5.3673863918e+01   -8.5620595889e+00    4.0935070031e+04    9.9368810200e-01    9.9946732643e-01
        50   -5.3256401406e+01    2.8373361031e+03   -7.3307375205e+01    2.0050973799e+01   -1.7797550974e+01    7.0024595451e+00   -8.8384198583e+00   -5.3673863918e+01   -8.6010349327e+00    4.1100551845e+04    9.7918317300e-01    9.9948150159e-01
        51   -5.3286959321e+01    2.8405972700e+03   -7.3422332936e+01    2.0135373615e+01   -1.7874054471e+01    6.9754449874e+00   -8.8498595347e+00   -5.3673863918e+01   -8.6095353066e+00    4.1208554498e+04    9.8390451000e-01    9.9945737230e-01
        52   -5.3291261264e+01    2.8410494963e+03   -7.3497039312e+01    2.0205778048e+01   -1.7876188671e+01    6.8926472244e+00   -8.8396339475e+00   -5.3673863918e+01   -8.6003708157e+00    4.1238738402e+04    9.8317965200e-01    9.9945033182e-01
        53   -5.3289718682e+01    2.8409169714e+03   -7.3422161469e+01    2.0132442787e+01   -1.7782621552e+01    6.8767969184e+00   -8.8424729182e+00   -5.3673863918e+01   -8.6024331386e+00    4.1077483159e+04    9.7541795900e-01    9.9949249796e-01
        54   -5.3303210417e+01    2.8423361442e+03   -7.3414816613e+01    2.0111606196e+01   -1.7748643003e+01    6.8633251829e+00   -8.8556348751e+00   -5.3673863918e+01   -8.6181531708e+00    4.1079415318e+04    9.6879600400e-01    9.9945941357e-01
        55   -5.3257763719e+01    2.8375209383e+03   -7.3336063348e+01    2.0078299629e+01   -1.7807723620e+01    6.9945358636e+00   -8.8490116739e+00   -5.3673863918e+01   -8.6108896662e+00    4.1024671659e+04    9.7059789700e-01    9.9944568390e-01
        56   -5.3275542006e+01    2.8393971965e+03   -7.3281867273e+01    2.0006325267e+01   -1.7725278199e+01    6.9766569065e+00   -8.8593820619e+00   -5.3673863918e+01   -8.6205475413e+00    4.0949823735e+04    9.8769771800e-01    9.9948343517e-01
        57   -5.3277711637e+01    2.8395971245e+03   -7.3358221445e+01    2.0080509808e+01   -1.7627134229e+01    6.8003138254e+00   -8.8575371239e+00   -5.3673863918e+01   -8.6222085533e+00    4.0780368746e+04    9.7413446200e-01    9.9945234592e-01
        58   -5.3240279400e+01    2.8356197947e+03   -7.3487410550e+01    2.0247131150e+01   -1.7769423488e+01    6.8051875673e+00   -8.8493107116e+00   -5.3673863918e+01   -8.6161484231e+00    4.0864856387e+04    9.6984764100e-01    9.9948808287e-01
        59   -5.3236325709e+01    2.8351961398e+03   -7.3460533279e+01    2.0224207570e+01   -1.7883372151e+01    6.9579942667e+00   -8.8612914773e+00   -5.3673863918e+01   -8.6290537731e+00    4.0780202404e+04    9.8279847600e-01    9.9949644589e-01
        60   -5.3246782671e+01    2.8362872435e+03   -7.3510164147e+01    2.0263381476e+01   -1.7794041752e+01    6.8472787435e+00   -8.8895372206e+00   -5.3673863918e+01   -8.6612686979e+00    4.0542186028e+04    9.8163042100e-01    9.9946118747e-01
        61   -5.3230412397e+01    2.8345636907e+03   -7.3483585172e+01    2.0253172775e+01   -1.7791738488e+01    6.8282988410e+00   -8.8462816076e+00   -5.3673863918e+01   -8.6234570920e+00    4.0386455236e+04    9.8122073100e-01    9.9945405457e-01
        62   -5.3202728211e+01    2.8316004628e+03   -7.3556785520e+01    2.0354057309e+01   -1.7778113656e+01    6.7448278350e+00   -8.8496357805e+00   -5.3673863918e+01   -8.6312672831e+00    4.0203482483e+04    9.7882014400e-01    9.9950837484e-01
        63   -5.3213218428e+01    2.8327386812e+03   -7.3479831186e+01    2.0266612758e+01   -1.7730069662e+01    6.7783257821e+00   -8.8542233882e+00   -5.3673863918e+01   -8.6311224746e+00    4.0456228213e+04    9.7783915400e-01    9.9947467043e-01
        64   -5.3227683860e+01    2.8342973089e+03   -7.3458867393e+01    2.0231183533e+01   -1.7745320789e+01    6.7763754982e+00   -8.8160581846e+00   -5.3673863918e+01   -8.5904256427e+00    4.0322320342e+04    9.8567619100e-01    9.9947032922e-01
        65   -5.3245952358e+01    2.8362492864e+03   -7.3347905524e+01    2.0101953166e+01   -1.7760353345e+01    6.9165067411e+00   -8.8301950020e+00   -5.3673863918e+01   -8.6062568215e+00    4.0291307511e+04    9.8734223000e-01    9.9945714086e-01
        66   -5.3242958045e+01    2.8359309307e+03   -7.3490036335e+01    2.0247078290e+01   -1.7761445013e+01    6.7502336167e+00   -8.8049610214e+00   -5.3673863918e+01   -8.5846766865e+00    4.0181465372e+04    9.7363104600e-01    9.9946522699e-01
        67   -5.3233927463e+01    2.8349701695e+03   -7.3448518219e+01    2.0214590756e+01   -1.7727167427e+01    6.7748924633e+00   -8.8223793376e+00   -5.3673863918e+01   -8.5972338114e+00    4.0493321882e+04    9.7582681800e-01    9.9945102434e-01
        68   -5.3224107811e+01    2.8339138383e+03   -7.3463333269e+01    2.0239225457e+01   -1.7765712261e+01    6.8369903767e+00   -8.8607474664e+00   -5.3673863918e+01   -8.6361485824e+00    4.0632781043e+04    9.8242299300e-01    9.9947376491e-01
        69   -5.3263391321e+01    2.8380629618e+03   -7.3499755554e+01    2.0236364233e+01   -1.7778549286e+01    6.8414719057e+00   -8.8888142564e+00   -5.3673863918e+01   -8.6590928470e+00    4.0684841134e+04    9.7538036400e-01    9.9947937644e-01
        70   -5.3228782457e+01    2.8343983731e+03   -7.3501694778e+01    2.0272912320e+01   -1.7843267696e+01    6.8761194891e+00   -8.8606826525e+00   -5.3673863918e+01   -8.6241873352e+00    4.0855842106e+04    9.8723963500e-01    9.9949044266e-01
        71   -5.3230913497e+01    2.8346339364e+03   -7.3342073751e+01    2.0111160254e+01   -1.7857774199e+01    7.0140139225e+00   -8.8244495569e+00   -5.3673863918e+01   -8.5864641786e+00    4.1002673496e+04    9.8380493800e-01    9.9945287640e-01
        72   -5.3237339916e+01    2.8353315730e+03   -7.3230471794e+01    1.9993131878e+01   -1.7881813061e+01    7.1497199898e+00   -8.8245148058e+00   -5.3673863918e+01   -8.5922699151e+00    4.1102782916e+04    1.0028879240e+00    9.9948351167e-01
        73   -5.3237777550e+01    2.8354049285e+03   -7.3389912060e+01    2.0152134510e+01   -1.7735477234e+01    6.8696430273e+00   -8.8502139360e+00   -5.3673863918e+01   -8.6149381714e+00    4.1051975205e+04    9.7955677600e-01    9.9949161381e-01
        74   -5.3222480817e+01    2.8337535548e+03   -7.3348252662e+01    2.0125771845e+01   -1.7781806619e+01    6.9443954838e+00   -8.8369776090e+00   -5.3673863918e+01   -8.5999722990e+00    4.0677089664e+04    9.7376032800e-01    9.9946550995e-01
        75   -5.3235524141e+01    2.8351694558e+03   -7.3547010532e+01    2.0311486391e+01   -1.7794501377e+01    6.7649100130e+00   -8.8435552499e+00   -5.3673863918e+01   -8.6084340018e+00    4.0652764510e+04    9.7169672800e-01    9.9948407638e-01
        76   -5.3262348546e+01    2.8379839589e+03   -7.3578341571e+01    2.0315993024e+01   -1.7805321139e+01    6.7480116027e+00   -8.8471681164e+00   -5.3673863918e+01   -8.6088539705e+00    4.0699278862e+04    9.7480860900e-01    9.9949341726e-01
        77   -5.3242364907e+01    2.8358621385e+03   -7.3428996262e+01    2.0186631355e+01   -1.7890632147e+01    6.9464044114e+00   -8.8109046080e+00   -5.3673863918e+01   -8.5743263775e+00    4.0638708385e+04    9.7111202300e-01    9.9946999209e-01
        78   -5.3246167894e+01    2.8362794740e+03   -7.3357050863e+01    2.0110882969e+01   -1.7904615553e+01    7.0692537306e+00   -8.8478251232e+00   -5.3673863918e+01   -8.6119532284e+00    4.0908909039e+04    9.7720839500e-01    9.9946974241e-01
        79   -5.3294032834e+01    2.8413559788e+03   -7.3445173507e+01    2.0151140672e+01   -1.7967577075e+01    7.0545737704e+00   -8.8583062844e+00   -5.3673863918e+01   -8.6229347024e+00    4.0929367259e+04    9.6942126900e-01    9.9946675189e-01
        80   -5.3278765707e+01    2.8397283841e+03   -7.3365614070e+01    2.0086848363e+01   -1.8025186234e+01    7.1866660494e+00   -8.8532299677e+00   -5.3673863918e+01   -8.6187171789e+00    4.1009661544e+04    9.7422626600e-01    9.9946534297e-01
        81   -5.3238608030e+01    2.8354298576e+03   -7.3293668107e+01    2.0055060077e+01   -1.7983768500e+01    7.1913437233e+00   -8.8273794118e+00   -5.3673863918e+01   -8.5946439664e+00    4.0994694818e+04    9.7363786000e-01    9.9942459830e-01
        82   -5.3238728170e+01    2.8354441925e+03   -7.3375701313e+01    2.0136973143e+01   -1.7869183817e+01    7.0177016960e+00   -8.8503552740e+00   -5.3673863918e+01   -8.6143403419e+00    4.1244095474e+04    9.7312336800e-01    9.9946664081e-01
        83   -5.3235333134e+01    2.8350635424e+03   -7.3423191249e+01    2.0187858115e+01   -1.7806035315e+01    6.9187802025e+00   -8.8620722184e+00   -5.3673863918e+01   -8.6196338114e+00    4.1022723091e+04    9.6911709700e-01    9.9944250488e-01
        84   -5.3232496120e+01    2.8347492169e+03   -7.3392776843e+01    2.0160280723e+01   -1.7949754919e+01    7.0662756023e+00   -8.8354336076e+00   -5.3673863918e+01   -8.5925668699e+00    4.1061308639e+04    9.7086596400e-01    9.9947862519e-01
        85   -5.3221476754e+01    2.8336590948e+03   -7.3314876729e+01    2.0093399975e+01   -1.7907773188e+01    7.0803889399e+00   -8.8136285630e+00   -5.3673863918e+01   -8.5705456444e+00    4.0921417226e+04    9.7166778800e-01    9.9950004793e-01
        86   -5.3244006569e+01    2.8360528502e+03   -7.3316128698e+01    2.0072122130e+01   -1.7889080068e+01    7.0785601562e+00   -8.8317448690e+00   -5.3673863918e+01   -8.5950542914e+00    4.0900626601e+04    9.6501291100e-01    9.9947151941e-01
        87   -5.3231490460e+01    2.8347299234e+03   -7.3282284222e+01    2.0050793762e+01   -1.7870696004e+01    7.0847644735e+00   -8.8224887737e+00   -5.3673863918e+01   -8.5853087346e+00    4.1294887088e+04    9.6537177400e-01    9.9948345440e-01
        88   -5.3246255727e+01    2.8362917633e+03   -7.3296671542e+01    2.0050415815e+01   -1.7832403404e+01    7.0227211912e+00   -8.8131254108e+00   -5.3673863918e+01   -8.5777976993e+00    4.1656429884e+04    9.7722060200e-01    9.9944852715e-01
        89   -5.3214248020e+01    2.8328842582e+03   -7.3323672865e+01    2.0109424845e+01   -1.7824452606e+01    6.9818461219e+00   -8.8072024629e+00   -5.3673863918e+01   -8.5704195321e+00    4.1748128960e+04    9.9211987800e-01    9.9945536077e-01
        90   -5.3228737429e+01    2.8344176146e+03   -7.3360217926e+01    2.0131480497e+01   -1.7801154550e+01    6.9282132505e+00   -8.8134127091e+00   -5.3673863918e+01   -8.5748485109e+00    4.1365244740e+04    9.7367148200e-01    9.9945273197e-01
        91   -5.3220125845e+01    2.8334902195e+03   -7.3359395430e+01    2.0139269585e+01   -1.7770953187e+01    6.9049422381e+00   -8.8195205634e+00   -5.3673863918e+01   -8.5796513723e+00    4.1155545902e+04    9.6991830600e-01    9.9948109969e-01
        92   -5.3237537311e+01    2.8353778695e+03   -7.3258288951e+01    2.0020751640e+01   -1.7795350484e+01    7.0074243619e+00   -8.7964989111e+00   -5.3673863918e+01   -8.5583446857e+00    4.0677728959e+04    9.6605950700e-01    9.9946547053e-01
        93   -5.3247278314e+01    2.8364075576e+03   -7.3341059671e+01    2.0093781357e+01   -1.7766224164e+01    6.9249884184e+00   -8.8259600074e+00   -5.3673863918e+01   -8.5884618558e+00    4.0772175376e+04    9.6705601100e-01    9.9946291639e-01
        94   -5.3243289015e+01    2.8359584905e+03   -7.3344495905e+01    2.0101206890e+01   -1.7849864685e+01    6.9651557261e+00   -8.7859230280e+00   -5.3673863918e+01   -8.5505584906e+00    4.0508553731e+04    9.6287136000e-01    9.9948283709e-01
        95   -5.3241981544e+01    2.8357935563e+03   -7.3469905435e+01    2.0227923890e+01   -1.7856005131e+01    6.8360507386e+00   -8.7760871243e+00   -5.3673863918e+01   -8.5372069249e+00    4.0466795353e+04    9.6861914100e-01    9.9948800324e-01
        96   -5.3203121207e+01    2.8316733712e+03   -7.3441878480e+01    2.0238757273e+01   -1.7777634743e+01    6.8243997916e+00   -8.8147796110e+00   -5.3673863918e+01   -8.5730245326e+00    4.0484134384e+04    9.6996445400e-01    9.9945095655e-01
        97   -5.3215999761e+01    2.8330742423e+03   -7.3446644086e+01    2.0230644326e+01   -1.7825846447e+01    6.8779823660e+00   -8.8249160877e+00   -5.3673863918e+01   -8.5862283247e+00    4.0196958372e+04    9.7116733400e-01    9.9948270176e-01
        98   -5.3245455151e+01    2.8362127385e+03   -7.3417935940e+01    2.0172480789e+01   -1.8001198034e+01    7.0352525907e+00   -8.7781265786e+00   -5.3673863918e+01   -8.5392743890e+00    4.0429911911e+04    9.6647949700e-01    9.9946659157e-01
        99   -5.3248535488e+01    2.8365373563e+03   -7.3335925073e+01    2.0087389585e+01   -1.8009156446e+01    7.1567972569e+00   -8.8097019655e+00   -5.3673863918e+01   -8.5725959654e+00    4.0509180058e+04    9.7835856800e-01    9.9947965923e-01
       100   -5.3240126962e+01    2.8355982443e+03   -7.3364939617e+01    2.0124812655e+01   -1.7959923676e+01    7.1168064461e+00   -8.8479584691e+00   -5.3673863918e+01   -8.6135063475e+00    4.0643813791e+04    9.7301523300e-01    9.9945176165e-01
       101   -5.3232116147e+01    2.8347476677e+03   -7.3537033038e+01    2.0304916891e+01   -1.7815164997e+01    6.8305207648e+00   -8.8785248876e+00   -5.3673863918e+01   -8.6538014603e+00    4.0829320316e+04    9.8138604600e-01    9.9948254500e-01
       102   -5.3244802298e+01    2.8360700799e+03   -7.3524638797e+01    2.0279836499e+01   -1.7775446629e+01    6.8085361216e+00   -8.8838643711e+00   -5.3673863918e+01   -8.6618729409e+00    4.1132433693e+04    9.7557600500e-01    9.9945829258e-01
       103   -5.3229705830e+01    2.8345166025e+03   -7.3365327274e+01    2.0135621444e+01   -1.7784401568e+01    6.9809724811e+00   -8.8880342694e+00   -5.3673863918e+01   -8.6651462217e+00    4.0803862116e+04    9.6821180100e-01    9.9948159961e-01
       104   -5.3244425000e+01    2.8361105893e+03   -7.3300477912e+01    2.0056052913e+01   -1.7709785672e+01    6.9953748515e+00   -8.9122031737e+00   -5.3673863918e+01   -8.6847737466e+00    4.0365039549e+04    9.7040154800e-01    9.9946509728e-01
       105   -5.3227574339e+01    2.8343032393e+03   -7.3427380441e+01    2.0199806103e+01   -1.7684472493e+01    6.8556992453e+00   -8.9247432759e+00   -5.3673863918e+01   -8.7000146071e+00    4.0560886659e+04    9.6952100600e-01    9.9944244898e-01
       106   -5.3256761102e+01    2.8373621307e+03   -7.3464425400e+01    2.0207664298e+01   -1.7768539778e+01    6.8565809535e+00   -8.8786026570e+00   -5.3673863918e+01   -8.6540343802e+00    4.0358406757e+04    9.7167184100e-01    9.9948149885e-01
       107   -5.3267222742e+01    2.8384639091e+03   -7.3426724753e+01    2.0159502011e+01   -1.7881359734e+01    7.0072896788e+00   -8.8787907795e+00   -5.3673863918e+01   -8.6505342898e+00    4.0426481478e+04    9.6752314100e-01    9.9945633591e-01
       108   -5.3258588331e+01    2.8375591939e+03   -7.3474756265e+01    2.0216167934e+01   -1.7912021382e+01    6.9740681765e+00   -8.8629391419e+00   -5.3673863918e+01   -8.6379843740e+00    4.0487420588e+04    9.5865768900e-01    9.9944198054e-01
       109   -5.3275588126e+01    2.8393731973e+03   -7.3530750238e+01    2.0255162112e+01   -1.7903239544e+01    6.8763193407e+00   -8.8299661171e+00   -5.3673863918e+01   -8.6037697954e+00    4.0536348070e+04    9.6728819300e-01    9.9948247239e-01
       110   -5.3257441846e+01    2.8374251245e+03   -7.3507055893e+01    2.0249614047e+01   -1.7850736927e+01    6.8850348950e+00   -8.8674899431e+00   -5.3673863918e+01   -8.6354908051e+00    4.0922946226e+04    9.6606901600e-01    9.9950873499e-01
       111   -5.3255359162e+01    2.8371971012e+03   -7.3464914595e+01    2.0209555434e+01   -1.7884680493e+01    6.9724175208e+00   -8.8787877049e+00   -5.3673863918e+01   -8.6497324342e+00    4.0665617380e+04    9.6242176400e-01    9.9947030492e-01
       112   -5.3261947453e+01    2.8379622549e+03   -7.3462841542e+01    2.0200894089e+01   -1.7950583525e+01    7.0347643173e+00   -8.8731584164e+00   -5.3673863918e+01   -8.6429105850e+00    4.0421151612e+04    9.6585875600e-01    9.9946389542e-01
       113   -5.3245812996e+01    2.8362408899e+03   -7.3421206788e+01    2.0175393792e+01   -1.7848615745e+01    6.9713644200e+00   -8.8700915451e+00   -5.3673863918e+01   -8.6392525764e+00    4.0433810970e+04    9.6899162800e-01    9.9949010946e-01
       114   -5.3227387043e+01    2.8342590771e+03   -7.3359483751e+01    2.0132096708e+01   -1.7889469912e+01    7.0409785804e+00   -8.8371285013e+00   -5.3673863918e+01   -8.6092083216e+00    4.0681886471e+04    9.7317722200e-01    9.9945420489e-01
       115   -5.3235929583e+01    2.8351474551e+03   -7.3394304380e+01    2.0158374798e+01   -1.7890782977e+01    6.9907923165e+00   -8.8204498020e+00   -5.3673863918e+01   -8.5885080234e+00    4.0538275469e+04    9.7125706900e-01    9.9946362451e-01
       116   -5.3256442093e+01    2.8373366272e+03   -7.3351031250e+01    2.0094589157e+01   -1.7919507411e+01    7.0704458729e+00   -8.8281057943e+00   -5.3673863918e+01   -8.5938513185e+00    4.0548244969e+04    9.7594860300e-01    9.9947571995e-01
       117   -5.3275187691e+01    2.8393438570e+03   -7.3346602339e+01    2.0071414648e+01   -1.7930045653e+01    7.0912095349e+00   -8.8339023032e+00   -5.3673863918e+01   -8.5981258916e+00    4.0487457274e+04    9.7160104200e-01    9.9947044400e-01
       118   -5.3253892961e+01    2.8370747867e+03   -7.3326987654e+01    2.0073094693e+01   -1.7882195077e+01    7.0594030060e+00   -8.8303316650e+00   -5.3673863918e+01   -8.5893363620e+00    4.0273318006e+04    9.9114109700e-01    9.9947722057e-01
       119   -5.3228981109e+01    2.8344105243e+03   -7.3358477005e+01    2.0129495896e+01   -1.7898155023e+01    7.0397701321e+00   -8.8262281968e+00   -5.3673863918e+01   -8.5869820836e+00    4.0367424570e+04    9.9397463100e-01    9.9945437869e-01
       120   -5.3245294372e+01    2.8361253091e+03   -7.3367652790e+01    2.0122358418e+01   -1.7823968654e+01    6.9695373264e+00   -8.8393575445e+00   -5.3673863918e+01   -8.6055008895e+00    4.0104166629e+04    9.7850335900e-01    9.9946032355e-01
       121   -5.3241922012e+01    2.8357992018e+03   -7.3270622054e+01    2.0028700042e+01   -1.7847068553e+01    7.0637776246e+00   -8.8134672070e+00   -5.3673863918e+01   -8.5820271460e+00    4.0170464645e+04    9.7667906700e-01    9.9943951949e-01
       122   -5.3228889227e+01    2.8343810992e+03   -7.3373643562e+01    2.0144754335e+01   -1.7970355132e+01    7.1125004398e+00   -8.8419249516e+00   -5.3673863918e+01   -8.6092663457e+00    4.0160650178e+04    9.7182659200e-01    9.9941196751e-01
       123   -5.3222423993e+01    2.8337522402e+03   -7.3385389730e+01    2.0162965737e+01   -1.7872993883e+01    7.0030254330e+00   -8.8415573614e+00   -5.3673863918e+01   -8.6042360128e+00    4.0129624313e+04    9.8508607500e-01    9.9942941849e-01
       124   -5.3239760923e+01    2.8355645608e+03   -7.3375044708e+01    2.0135283785e+01   -1.7810175220e+01    6.9461210882e+00   -8.8371266583e+00   -5.3673863918e+01   -8.6033327967e+00    4.0454522077e+04    9.7518474300e-01    9.9943017126e-01
       125   -5.3251146852e+01    2.8368064227e+03   -7.3298620845e+01    2.0047473994e+01   -1.7844106959e+01    7.0588066431e+00   -8.8394566115e+00   -5.3673863918e+01   -8.6029112770e+00    4.0802129418e+04    9.6805749900e-01    9.9946015586e-01
       126   -5.3229063627e+01    2.8344610564e+03   -7.3380868623e+01    2.0151804996e+01   -1.7794760619e+01    6.9107098816e+00   -8.8229539679e+00   -5.3673863918e+01   -8.5895569783e+00    4.0906996462e+04    9.6979117800e-01    9.9943779027e-01
       127   -5.3229977530e+01    2.8345463941e+03   -7.3466623171e+01    2.0236645641e+01   -1.7788500812e+01    6.8032157078e+00   -8.8074741490e+00   -5.3673863918e+01   -8.5718764027e+00    4.0708303157e+04    9.8024223300e-01    9.9948352638e-01
       128   -5.3220695122e+01    2.8335539874e+03   -7.3447393919e+01    2.0226698797e+01   -1.7741935110e+01    6.8097848970e+00   -8.8413797877e+00   -5.3673863918e+01   -8.6110539043e+00    4.0791161800e+04    9.8262265500e-01    9.9950471557e-01
       129   -5.3214791967e+01    2.8329463712e+03   -7.3400765883e+01    2.0185973915e+01   -1.7754636264e+01    6.8657236632e+00   -8.8379893639e+00   -5.3673863918e+01   -8.6069781014e+00    4.0893285011e+04    9.8650290100e-01    9.9943136971e-01
       130   -5.3227898416e+01    2.8343049888e+03   -7.3453409335e+01    2.0225510918e+01   -1.7679864338e+01    6.7125005792e+00   -8.8121816583e+00   -5.3673863918e+01   -8.5793645497e+00    4.0789594100e+04    9.8414775800e-01    9.9948896465e-01
       131   -5.3225181116e+01    2.8340290651e+03   -7.3442062872e+01    2.0216881755e+01   -1.7616121299e+01    6.6679159851e+00   -8.8199936396e+00   -5.3673863918e+01   -8.5813289957e+00    4.0733523280e+04    9.7555377600e-01    9.9946560215e-01
       132   -5.3242059669e+01    2.8358229355e+03   -7.3390751672e+01    2.0148692003e+01   -1.7729181682e+01    6.8489369751e+00   -8.8366430472e+00   -5.3673863918e+01   -8.5954518400e+00    4.0580418485e+04    9.8416191300e-01    9.9947743591e-01
       133   -5.3260648328e+01    2.8377952863e+03   -7.3488461141e+01    2.0227812814e+01   -1.7818977015e+01    6.8624960022e+00   -8.8581162103e+00   -5.3673863918e+01   -8.6169371538e+00    4.0447928059e+04    9.8570379200e-01    9.9947503167e-01
       134   -5.3254767621e+01    2.8372067962e+03   -7.3401122950e+01    2.0146355329e+01   -1.7922153196e+01    7.0256372438e+00   -8.8307430807e+00   -5.3673863918e+01   -8.5902545331e+00    4.0444744380e+04    9.9211222300e-01    9.9947754191e-01
       135   -5.3270785459e+01    2.8388988455e+03   -7.3404681257e+01    2.0133895798e+01   -1.8016620296e+01    7.1874270996e+00   -8.9016241423e+00   -5.3673863918e+01   -8.6637095356e+00    4.0364616080e+04    9.8771577500e-01    9.9949170333e-01
       136   -5.3243465271e+01    2.8359646644e+03   -7.3534298359e+01    2.0290833088e+01   -1.8052722200e+01    7.0793388562e+00   -8.8870510982e+00   -5.3673863918e+01   -8.6493353272e+00    4.0612692933e+04    9.9125891600e-01    9.9949047530e-01
       137   -5.3248332841e+01    2.8364829600e+03   -7.3544178744e+01    2.0295845903e+01   -1.8065322619e+01    7.0440313922e+00   -8.8490235994e+00   -5.3673863918e+01   -8.6124697143e+00    4.0465179495e+04    9.8878730700e-01    9.9949176752e-01
       138   -5.3242333217e+01    2.8358222848e+03   -7.3611236579e+01    2.0368903362e+01   -1.8117330687e+01    7.0116685697e+00   -8.8317105446e+00   -5.3673863918e+01   -8.5965021071e+00    4.0336753713e+04    9.9848438800e-01    9.9945773306e-01
       139   -5.3229073430e+01    2.8344446277e+03   -7.3510253032e+01    2.0281179602e+01   -1.8118138669e+01    7.1185306574e+00   -8.8367811025e+00   -5.3673863918e+01   -8.6040473460e+00    4.0062459946e+04    9.9346620000e-01    9.9948540015e-01
       140   -5.3222932760e+01    2.8337857987e+03   -7.3570131462e+01    2.0347198701e+01   -1.7957736996e+01    6.9092370337e+00   -8.8477675812e+00   -5.3673863918e+01   -8.6128512945e+00    3.9706910742e+04    9.7424528000e-01    9.9947109936e-01
       141   -5.3250988815e+01    2.8367627820e+03   -7.3459404052e+01    2.0208415237e+01   -1.7973599750e+01    7.0187310588e+00   -8.8306714425e+00   -5.3673863918e+01   -8.6002286650e+00    3.9938662596e+04    9.8398113400e-01    9.9948181139e-01
       142   -5.3226290066e+01    2.8341719727e+03   -7.3502429874e+01    2.0276139808e+01   -1.7916336744e+01    6.9133898321e+00   -8.8256190444e+00   -5.3673863918e+01   -8.6010206527e+00    4.0166530309e+04    9.7398427600e-01    9.9950334318e-01
       143   -5.3250134228e+01    2.8366960312e+03   -7.3498983582e+01    2.0248849354e+01   -1.7885601130e+01    6.8708499020e+00   -8.8103684366e+00   -5.3673863918e+01   -8.5857681514e+00    4.0543427734e+04    9.8221748800e-01    9.9947377076e-01
       144   -5.3250756647e+01    2.8367815031e+03   -7.3400061294e+01    2.0149304646e+01   -1.7751143757e+01    6.8634272260e+00   -8.8384808451e+00   -5.3673863918e+01   -8.6059842106e+00    4.0413995852e+04    9.6861094500e-01    9.9947969213e-01
       145   -5.3247994413e+01    2.8364392047e+03   -7.3418971426e+01    2.0170977012e+01   -1.7829335136e+01    6.9207666437e+00   -8.8365390150e+00   -5.3673863918e+01   -8.6025355890e+00    4.0111208671e+04    9.7101248300e-01    9.9944186368e-01
       146   -5.3235086337e+01    2.8350545857e+03   -7.3483691246e+01    2.0248604909e+01   -1.7912792877e+01    6.9592519836e+00   -8.8562864349e+00   -5.3673863918e+01   -8.6220704167e+00    4.0214107347e+04    9.7470851800e-01    9.9947011608e-01
       147   -5.3237099930e+01    2.8352281418e+03   -7.3482674284e+01    2.0245574354e+01   -1.7977713027e+01    7.0238322668e+00   -8.8549296061e+00   -5.3673863918e+01   -8.6252093809e+00    4.0117799379e+04    9.6985483800e-01    9.9950271175e-01
       148   -5.3240029829e+01    2.8355726901e+03   -7.3556005923e+01    2.0315976094e+01   -1.7949567163e+01    6.8847663287e+00   -8.8173411711e+00   -5.3673863918e+01   -8.5876560127e+00    3.9976094695e+04    9.7537461200e-01    9.9946308570e-01
       149   -5.3253233834e+01    2.8369758217e+03   -7.3440711823e+01    2.0187477989e+01   -1.8022167415e+01    7.0780401394e+00   -8.8227206293e+00   -5.3673863918e+01   -8.5888853083e+00    3.9861281810e+04    9.9210115400e-01    9.9945184539e-01
       150   -5.3245333066e+01    2.8362081312e+03   -7.3432337607e+01    2.0187004540e+01   -1.8111676115e+01    7.1611597987e+00   -8.8079573725e+00   -5.3673863918e+01   -8.5732963531e+00    4.0075829444e+04    9.7548153800e-01    9.9946505210e-01
       151   -5.3264406599e+01    2.8381554193e+03   -7.3470095215e+01    2.0205688616e+01   -1.8091338186e+01    7.1566700030e+00   -8.8615631145e+00   -5.3673863918e+01   -8.6262992055e+00    4.0151929046e+04    9.7482912500e-01    9.9947049596e-01
       152   -5.3262278902e+01    2.8379527825e+03   -7.3478992893e+01    2.0216713991e+01   -1.7829645963e+01    6.8489227637e+00   -8.8244057757e+00   -5.3673863918e+01   -8.5904519524e+00    4.0238332012e+04    9.7398808200e-01    9.9950414561e-01
       153   -5.3275928881e+01    2.8394236146e+03   -7.3402931428e+01    2.0127002548e+01   -1.7836857499e+01    6.9584710689e+00   -8.8506810805e+00   -5.3673863918e+01   -8.6196783290e+00    4.0399208743e+04    9.8223199700e-01    9.9949847957e-01
       154   -5.3273481599e+01    2.8391613205e+03   -7.3429787768e+01    2.0156306170e+01   -1.7741419028e+01    6.8531012362e+00   -8.8676060586e+00   -5.3673863918e+01   -8.6306183422e+00    4.0401548189e+04    9.8345605500e-01    9.9951629090e-01
       155   -5.3285608840e+01    2.8404307059e+03   -7.3448865983e+01    2.0163257143e+01   -1.7676266341e+01    6.7295063650e+00   -8.8282420899e+00   -5.3673863918e+01   -8.5883279449e+00    4.0316428345e+04    9.8841208400e-01    9.9949424103e-01
       156   -5.3272645219e+01    2.8390444355e+03   -7.3454055711e+01    2.0181410492e+01   -1.7693276471e+01    6.7343458513e+00   -8.8212611732e+00   -5.3673863918e+01   -8.5782458209e+00    4.0531037159e+04    9.9382098800e-01    9.9946469147e-01
       157   -5.3239958109e+01    2.8355744762e+03   -7.3555795168e+01    2.0315837059e+01   -1.7739020302e+01    6.6850578942e+00   -8.8279688420e+00   -5.3673863918e+01   -8.5914920904e+00    4.0689345904e+04    9.8106148800e-01    9.9947947880e-01
       158   -5.3221184914e+01    2.8336170617e+03   -7.3420097903e+01    2.0198912988e+01   -1.7843407650e+01    6.8996011615e+00   -8.8024274967e+00   -5.3673863918e+01   -8.5713256080e+00    4.0396938275e+04    9.8323559500e-01    9.9943321776e-01
       159   -5.3210868235e+01    2.8325297763e+03   -7.3414187627e+01    2.0203319392e+01   -1.7757712893e+01    6.8105517430e+00   -8.7931625593e+00   -5.3673863918e+01   -8.5627017269e+00    4.0408016090e+04    1.0008756090e+00    9.9946004868e-01
       160   -5.3216119258e+01    2.8331224418e+03   -7.3442706117e+01    2.0226586859e+01   -1.7644567633e+01    6.6890432431e+00   -8.8133178100e+00   -5.3673863918e+01   -8.5794625085e+00    4.0350147919e+04    9.8209970100e-01    9.9949039470e-01
       161   -5.3198202735e+01    2.8311808525e+03   -7.3299280985e+01    2.0101078251e+01   -1.7638330287e+01    6.8352778701e+00   -8.8223646503e+00   -5.3673863918e+01   -8.5880371261e+00    4.0175650379e+04    9.8085975000e-01    9.9942950457e-01
       162   -5.3241597625e+01    2.8357973253e+03   -7.3476464517e+01    2.0234866892e+01   -1.7727314797e+01    6.7709227283e+00   -8.8462085308e+00   -5.3673863918e+01   -8.6111424762e+00    4.0201921241e+04    9.7915493600e-01    9.9945910123e-01
       163   -5.3274948097e+01    2.8392901153e+03   -7.3465570446e+01    2.0190622349e+01   -1.7800122565e+01    6.8352734931e+00   -8.8268574567e+00   -5.3673863918e+01   -8.5944028562e+00    4.0274743149e+04    9.7380905100e-01    9.9946508229e-01
       164   -5.3238076324e+01    2.8354032073e+03   -7.3463577612e+01    2.0225501287e+01   -1.7747257379e+01    6.8075851628e+00   -8.8500414784e+00   -5.3673863918e+01   -8.6230451854e+00    4.0630709387e+04    9.8326303700e-01    9.9947682968e-01
       165   -5.3224012164e+01    2.8339304144e+03   -7.3413388733e+01    2.0189376569e+01   -1.7832735580e+01    6.9105780257e+00   -8.8173672611e+00   -5.3673863918e+01   -8.5910299155e+00    4.0536055577e+04    9.8889194600e-01    9.9947058221e-01
       166   -5.3213842656e+01    2.8327993803e+03   -7.3477952819e+01    2.0264110163e+01   -1.7887408868e+01    6.9262402088e+00   -8.8429202423e+00   -5.3673863918e+01   -8.6186739026e+00    4.0508253753e+04    9.8503870800e-01    9.9946328027e-01
       167   -5.3225074297e+01    2.8340080241e+03   -7.3484520430e+01    2.0259446133e+01   -1.7914694951e+01    6.9383656713e+00   -8.8343272325e+00   -5.3673863918e+01   -8.6145316008e+00    4.0265541996e+04    9.8237661900e-01    9.9947974177e-01
       168   -5.3224127671e+01    2.8339015189e+03   -7.3483175605e+01    2.0259047934e+01   -1.7922514436e+01    6.9363586023e+00   -8.8231558532e+00   -5.3673863918e+01   -8.6031040947e+00    4.0291538168e+04    9.7109968000e-01    9.9948007749e-01
       169   -5.3220832906e+01    2.8335903779e+03   -7.3525113921e+01    2.0304281015e+01   -1.7918052428e+01    6.8881321724e+00   -8.8213297482e+00   -5.3673863918e+01   -8.5916762804e+00    4.0263831121e+04    9.8132132800e-01    9.9946380868e-01
       170   -5.3230546042e+01    2.8346067854e+03   -7.3443444256e+01    2.0212898214e+01   -1.7855581347e+01    6.9207322336e+00   -8.8347312241e+00   -5.3673863918e+01   -8.6038412633e+00    4.0346615439e+04    1.0059702950e+00    9.9946996938e-01
       171   -5.3234237518e+01    2.8349996915e+03   -7.3382679560e+01    2.0148442042e+01   -1.7823832062e+01    6.9397023636e+00   -8.8246859435e+00   -5.3673863918e+01   -8.5904624609e+00    4.0613091436e+04    9.7900807200e-01    9.9945830153e-01
       172   -5.3228329227e+01    2.8344003826e+03   -7.3346584518e+01    2.0118255291e+01   -1.7786897524e+01    6.9246704202e+00   -8.8104934964e+00   -5.3673863918e+01   -8.5696572406e+00    4.0811689984e+04    9.7976751100e-01    9.9948170123e-01
       173   -5.3221513104e+01    2.8336531263e+03   -7.3472544051e+01    2.0251030946e+01   -1.7738953321e+01    6.7665583809e+00   -8.8262851928e+00   -5.3673863918e+01   -8.5803688683e+00    4.0986458250e+04    9.7371376700e-01    9.9945078626e-01
       174   -5.3235532909e+01    2.8351647943e+03   -7.3440093479e+01    2.0204560571e+01   -1.7876565821e+01    6.9259821811e+00   -8.8156459212e+00   -5.3673863918e+01   -8.5706563569e+00    4.1280020681e+04    9.7771487800e-01    9.9945529202e-01
       175   -5.3232083432e+01    2.8347744337e+03   -7.3467584204e+01    2.0235500771e+01   -1.7943706385e+01    6.9380351456e+00   -8.7880490463e+00   -5.3673863918e+01   -8.5450173058e+00    4.1337032730e+04    9.7237414500e-01    9.9949637133e-01
       176   -5.3209578781e+01    2.8324103000e+03   -7.3440966513e+01    2.0231387732e+01   -1.7949018159e+01    6.9794068392e+00   -8.7974912750e+00   -5.3673863918e+01   -8.5561764729e+00    4.1155064454e+04    9.6662886500e-01    9.9948048939e-01
       177   -5.3213593460e+01    2.8328287505e+03   -7.3494531436e+01    2.0280937976e+01   -1.8029165083e+01    6.9930863944e+00   -8.7845888293e+00   -5.3673863918e+01   -8.5462009654e+00    4.0897503124e+04    9.9263495200e-01    9.9945336591e-01
       178   -5.3233333649e+01    2.8349297890e+03   -7.3489489914e+01    2.0256156265e+01   -1.8002553147e+01    6.9430992378e+00   -8.7561720877e+00   -5.3673863918e+01   -8.5208200634e+00    4.0935027943e+04    1.0062010000e+00    9.9945194085e-01
       179   -5.3221206038e+01    2.8336170177e+03   -7.3581585609e+01    2.0360379570e+01   -1.7845914229e+01    6.7166608268e+00   -8.7784682882e+00   -5.3673863918e+01   -8.5426412990e+00    4.0873275345e+04    9.6650291700e-01    9.9948312731e-01
       180   -5.3241429931e+01    2.8357367428e+03   -7.3447401494e+01    2.0205971563e+01   -1.7888896496e+01    6.8832123335e+00   -8.7678534138e+00   -5.3673863918e+01   -8.5340616254e+00    4.0803706243e+04    9.6436621300e-01    9.9946270919e-01
       181   -5.3217536373e+01    2.8332284204e+03   -7.3358318951e+01    2.0140782578e+01   -1.7873331632e+01    6.9506358800e+00   -8.7617592812e+00   -5.3673863918e+01   -8.5319521122e+00    4.0645817026e+04    9.6917826400e-01    9.9944427308e-01
       182   -5.3212072389e+01    2.8326234963e+03   -7.3393203931e+01    2.0181131542e+01   -1.7766315929e+01    6.8601589680e+00   -8.8131830518e+00   -5.3673863918e+01   -8.5832962902e+00    4.0720216421e+04    9.6745100800e-01    9.9945286553e-01
       183   -5.3232160253e+01    2.8347159070e+03   -7.3326079667e+01    2.0093919415e+01   -1.7718137830e+01    6.9177160619e+00   -8.8517939812e+00   -5.3673863918e+01   -8.6228502792e+00    4.0576732313e+04    9.7197897200e-01    9.9949068027e-01
       184   -5.3239321685e+01    2.8355495893e+03   -7.3268371116e+01    2.0029049432e+01   -1.7782194384e+01    7.0140359283e+00   -8.8263487426e+00   -5.3673863918e+01   -8.6048996644e+00    4.0622113890e+04    9.8344311600e-01    9.9947229518e-01
       185   -5.3266872902e+01    2.8385004083e+03   -7.3173190102e+01    1.9906317201e+01   -1.7852952756e+01    7.1298322387e+00   -8.7762056677e+00   -5.3673863918e+01   -8.5512540097e+00    4.0392975453e+04    9.8359557400e-01    9.9945397345e-01
       186   -5.3251398994e+01    2.8368064385e+03   -7.3478471307e+01    2.0227072313e+01   -1.7833719968e+01    6.8271415620e+00   -8.7980289826e+00   -5.3673863918e+01   -8.5700085688e+00    4.0429588078e+04    9.7519792400e-01    9.9946149089e-01
       187   -5.3229918252e+01    2.8345155945e+03   -7.3458750652e+01    2.0228832401e+01   -1.7831358965e+01    6.8603632005e+00   -8.8138909705e+00   -5.3673863918e+01   -8.5825029565e+00    4.0429429528e+04    9.8181017400e-01    9.9947042330e-01
       188   -5.3199709946e+01    2.8312908327e+03   -7.3601584466e+01    2.0401874520e+01   -1.7764825931e+01    6.6669195736e+00   -8.8298141910e+00   -5.3673863918e+01   -8.5969401322e+00    4.0298963811e+04    9.6989838300e-01    9.9946369133e-01
       189   -5.3208000155e+01    2.8321781204e+03   -7.3391733149e+01    2.0183732995e+01   -1.7803165669e+01    6.9373158281e+00   -8.8520193908e+00   -5.3673863918e+01   -8.6203593065e+00    3.9959172062e+04    9.7466937600e-01    9.9947962084e-01
       190   -5.3224158135e+01    2.8339141548e+03   -7.3372150129e+01    2.0147991994e+01   -1.7745076557e+01    6.8661338958e+00   -8.8193435503e+00   -5.3673863918e+01   -8.5891763558e+00    4.0222439167e+04    9.6142880800e-01    9.9944538580e-01
       191   -5.3247996767e+01    2.8364549498e+03   -7.3319518523e+01    2.0071521756e+01   -1.7740755514e+01    6.8900318042e+00   -8.7949308953e+00   -5.3673863918e+01   -8.5650425861e+00    4.0333339706e+04    9.6956500100e-01    9.9948055449e-01
       192   -5.3245776634e+01    2.8361783594e+03   -7.3460390326e+01    2.0214613692e+01   -1.7719494520e+01    6.7234847120e+00   -8.7905166001e+00   -5.3673863918e+01   -8.5599962694e+00    4.0500209835e+04    9.6554929700e-01    9.9947574464e-01
       193   -5.3233217215e+01    2.8348698026e+03   -7.3242985777e+01    2.0009768562e+01   -1.7713889124e+01    6.9442173982e+00   -8.7994501343e+00   -5.3673863918e+01   -8.5708914370e+00    4.0246082655e+04    9.8352990000e-01    9.9944696327e-01
       194   -5.3237723615e+01    2.8353880675e+03   -7.3331366723e+01    2.0093643107e+01   -1.7720559189e+01    6.9115608985e+00   -8.8485045141e+00   -5.3673863918e+01   -8.6209181565e+00    4.0124188115e+04    9.8566271600e-01    9.9945357601e-01
       195   -5.3268923082e+01    2.8386768821e+03   -7.3320287604e+01    2.0051364522e+01   -1.7690295680e+01    6.9010369467e+00   -8.8571649525e+00   -5.3673863918e+01   -8.6346015372e+00    4.0455208120e+04    9.8592878100e-01    9.9945924803e-01
       196   -5.3241303755e+01    2.8356917550e+03   -7.3353468865e+01    2.0112165110e+01   -1.7752899099e+01    6.9053608495e+00   -8.8320666973e+00   -5.3673863918e+01   -8.6089448015e+00    4.0178012794e+04    9.7461619100e-01    9.9948493285e-01
       197   -5.3227498818e+01    2.8342830631e+03   -7.3384163519e+01    2.0156664702e+01   -1.7738058006e+01    6.8422555673e+00   -8.8144971621e+00   -5.3673863918e+01   -8.5888074553e+00    4.0316493197e+04    9.6722979500e-01    9.9948356700e-01
       198   -5.3232259392e+01    2.8347742756e+03   -7.3384277392e+01    2.0152017999e+01   -1.7714013186e+01    6.8406266731e+00   -8.8370269614e+00   -5.3673863918e+01   -8.6073639138e+00    4.0551208248e+04    9.6086349200e-01    9.9945115015e-01
       199   -5.3250105241e+01    2.8366754907e+03   -7.3398398306e+01    2.0148293065e+01   -1.7645767600e+01    6.7754178614e+00   -8.8541846501e+00   -5.3673863918e+01   -8.6219728113e+00    4.0880599423e+04    9.6611606800e-01    9.9949066704e-01
